200 200
3787
4143
3577
3810
4262
4376
3686
3906
4049
3851
4088
4159
4046
3896
4158
3707
4175
3949
3897
3999
4039
4210
3940
3622
4184
3730
4200
4388
3761
3594
3701
3802
3599
3959
3938
3819
4118
3760
3946
3529
3691
3919
4244
4001
3878
3835
3644
3711
4042
3957
4144
3897
3826
3796
4112
3541
4010
4360
4256
3950
3953
3747
3814
4321
4238
3547
3576
3754
4186
3882
4104
4187
4050
3890
4102
4048
4558
3945
3972
3830
3848
3923
3703
4144
4172
4026
3918
3818
3770
4121
3979
3832
4017
4250
3515
4114
4021
3612
4072
4083
3719
3700
3691
4254
3764
4157
4086
3791
4050
4120
3933
4103
4169
3951
3994
4012
3822
4006
3946
3586
3965
4097
3985
3934
3871
3761
3917
4096
4107
3746
3718
3672
4545
4028
3763
4142
3947
3648
3667
3884
4134
4263
4010
3870
3821
3687
3858
3980
3669
3961
4131
3901
4004
3879
3967
4047
4026
4056
4157
4271
4102
4013
3935
3949
3629
4051
4268
3938
3701
3938
4300
3901
3429
3962
3851
3869
3980
4019
3649
3634
3918
3948
4437
4389
4089
4102
4095
3582
3768
3846
4206
4194
3991
4035
3861
4089
4002
3799
4076
3767
3830
4108
3683
3648
4380
4338
4139
4090
3938
4161
4106
4369
4266
3871
4357
3811
4361
3891
3991
3929
4140
4300
4219
3979
4146
4070
4178
4313
4009
3944
3839
3973
3796
4391
4188
3921
4295
4166
4124
4014
3694
3866
4210
4355
4103
4078
4018
3957
4087
4106
4259
4054
3963
3891
4279
3635
4280
4269
4142
4153
3993
3661
4249
4596
4506
3760
3880
4003
4194
3935
4260
4239
4305
4006
4200
3896
4390
4324
3999
3930
4151
3978
3939
4203
4371
3859
4394
3819
4019
4256
4065
4063
4490
4237
3646
4254
4117
4220
4210
4253
3853
3950
3693
4322
3971
4050
4358
3632
4378
4148
4113
3913
4220
4056
4307
4457
3693
3929
3898
3822
4100
4333
3895
4018
3959
3928
4067
4421
4161
4104
4044
3809
4638
4108
3672
4250
4271
3858
3964
4229
3944
4223
4090
4085
4197
3793
3941
3966
3692
3988
4174
4028
4000
4110
4170
4005
4179
4245
4003
3926
4061
4160
4082
4206
3819
3849
4157
4126
3845
4130
4250
3802
3927
3792
3803
4005
3987
4329
3850
3791
4032
4217
4295
4390
3985
4052
4321
4053
3837
4061
4430
4209
4092
4217
4161
4073
4171
3895
4143
3894
3937
4013
3782
3596
4153
4253
3971
3708
4082
3903
4228
4078
4042
3989
4268
3823
4260
3824
4063
3642
3926
4295
3991
3905
4106
4122
4153
4293
3933
4031
3824
4023
3704
4583
4002
3917
4038
4116
4047
3809
3787
3722
4187
3945
3817
3875
3913
3934
4266
4166
3994
4084
4010
3699
4412
3620
4245
4262
4326
4155
3912
3760
3952
4502
4338
3788
3633
3875
4310
4121
4318
4264
4255
3824
4119
3876
4385
4108
3846
3957
4306
4036
3799
3980
4102
3878
4150
3879
4048
4223
4020
3882
3960
4548
3587
4010
4184
4178
4347
3930
3955
3781
3814
4363
4076
4056
4418
3798
4267
4438
3978
3885
4249
4006
4086
4240
3736
3974
3880
4012
4206
4076
3885
3961
3993
3698
3977
4195
4036
3890
3980
3808
4601
3763
3579
4212
4190
3599
3783
3985
3971
4323
4197
4080
4130
3726
3815
3950
3827
3827
4176
3977
3884
3892
3989
3977
4160
4284
4128
3870
3953
3818
3824
4160
3808
4226
4152
4239
3860
3921
4354
3658
3987
3956
3852
3985
3789
4254
3846
3447
3950
4044
4356
4337
4204
4227
4144
3909
3891
3771
4177
3995
4142
4255
4284
4002
3814
3667
3875
3860
3834
4037
3595
3899
4151
4265
3950
3896
4034
3914
4076
4284
3853
3912
4307
3784
4433
3847
4149
3802
3808
4253
4021
3782
4241
3890
3980
4466
3833
3833
3594
3990
3816
4500
4136
3879
4021
4010
4042
3691
3801
3875
4355
4340
4178
3896
3947
3906
3975
4015
4305
4060
3969
3712
4205
3881
4154
4385
4075
4068
4109
3801
4134
4582
4480
3651
3658
3785
4161
3883
4224
4046
4271
4040
4470
4029
4467
4028
3863
3832
4028
4016
3702
4130
4488
4082
3966
4053
4044
4139
3931
3995
4314
4162
3842
4220
4129
4142
4088
3825
3810
4028
3744
4423
3571
4191
3942
3598
4277
4204
3811
4020
4156
3933
4107
4240
3820
4107
3941
3827
4106
3971
3801
3980
3907
3977
3875
4256
4111
4034
3944
3822
4500
4038
3884
4077
4227
3682
3763
4302
4012
4299
4069
4161
4129
3864
3808
4082
3842
3918
4137
3882
3862
3783
4251
3839
4074
4331
4066
4023
4125
4039
3930
3872
3622
4207
4006
4096
3819
3937
4318
3608
4017
3690
3828
3656
3835
4097
4002
3525
3677
3998
4234
4204
4087
4108
4041
4139
3859
3805
4189
4262
3958
4069
4110
3924
3961
3584
4115
4100
4193
4058
3958
3943
4172
4471
4085
4048
4160
3889
4412
4470
4213
3987
4700
3915
4499
3964
4279
4033
4259
4330
4214
4015
4514
4173
4327
4992
3996
4019
4149
4413
3976
4529
4202
4019
4376
3988
4549
4091
4222
4045
4382
4377
4319
4287
4278
4229
4483
4139
4527
4253
4195
4113
4254
3977
4147
4540
4244
4128
4480
4078
4117
4705
4810
3956
3809
4153
4066
3993
4412
4446
4699
4347
4298
3927
4835
4254
4157
4221
4296
4167
4290
4469
4490
3963
4322
4155
4296
4258
4190
4057
4488
4369
3536
4532
4242
4297
4583
4126
4087
4091
4021
4754
3983
4336
4106
4049
4278
4401
4268
4155
4279
4204
4471
4477
4114
4032
3945
4037
4326
4380
4029
3884
4437
3962
4325
4270
4321
4059
4203
3954
4734
3829
4138
4276
4499
4126
4127
4282
4362
4600
3994
4176
4348
4027
4203
4068
4241
4260
4698
4118
3930
4179
4408
4301
4482
4445
4429
4265
4413
4210
3832
4175
4063
4243
4283
4355
4269
4161
4535
4184
4048
4045
4000
4183
4239
4328
4182
3946
4068
4297
4533
4428
4040
4097
4436
4320
4206
4081
4560
4588
4391
4287
4489
4088
4307
3717
4236
4110
3858
3909
3660
3557
4029
4399
3828
3683
3982
3821
4269
4284
4302
3929
4363
3775
4200
3847
4144
4151
4068
4253
4085
3797
4104
4029
4140
4419
3758
3728
3667
3986
4005
4284
4007
3908
4084
3870
4163
4024
3823
3717
4248
4003
4004
4079
3915
3974
4086
4036
4081
3898
3895
3668
3941
3766
4041
4068
4138
3976
4039
3796
4225
4763
4221
3870
3401
3742
3993
3862
4110
4243
4438
3982
4138
3994
4167
4334
3834
3882
4204
3953
3867
4079
4172
3773
4237
3770
4068
4189
3876
3718
4343
4175
3512
4208
4178
3962
4261
3935
3959
3711
3840
4348
3956
4055
4127
3652
4030
4077
3849
4014
4207
4047
4088
4200
3794
3936
3686
3835
4158
4088
4175
3770
3921
3660
4056
4497
3898
4097
4161
3684
4301
3880
3686
4107
4062
3949
3808
3879
4116
4156
3853
3763
4196
3822
3705
3977
3714
3855
4270
4054
3728
3702
4002
3747
4060
4177
4148
4094
4023
3998
3799
4197
3762
4353
4125
4033
3747
3916
4159
3777
3674
3819
3783
3862
3821
4280
3891
3759
3693
4041
4253
4318
4011
4067
4170
4031
3935
4067
4153
4269
3945
4033
4308
4104
3980
3819
4100
3913
3691
3888
3714
3528
4028
3936
3884
3825
3868
3875
4030
3817
3722
3774
3987
3556
3926
3860
3692
3751
3870
4136
3837
3634
3957
3924
3775
4332
4067
3770
3799
3624
3807
4126
4036
4076
3838
3779
3935
3732
3549
3880
3896
4056
3907
3663
3757
3753
4086
3777
4071
3750
3886
3447
3990
3297
3981
4019
3869
3971
3727
3712
4166
4507
4302
3579
3575
3882
3760
3683
4265
4258
3983
4112
4049
3804
4086
3899
3716
3774
4172
3846
3597
3995
4114
3701
4071
3739
3774
4050
3848
3720
3981
4342
3338
4164
4011
3994
4079
3778
3725
3809
3591
4233
3511
4044
3818
3696
4166
4029
3975
3911
3924
3940
4078
4091
3568
3735
3818
3642
3836
4031
3805
3823
3717
3558
3859
4005
4015
3860
3977
3656
4251
3903
3480
4009
3947
3841
3705
3827
3975
3965
3829
3796
3968
3791
3716
3799
3593
3882
4156
3958
3671
3861
3828
3731
3789
4071
3903
3854
4028
3824
3784
3883
3912
3859
3946
3847
3729
3884
4051
3740
3654
3500
3712
3627
3860
4049
3922
3528
3819
3997
4354
4233
3992
4045
4122
3843
3747
3773
4124
4114
3771
4095
4063
3698
3936
3461
3926
3768
3942
4067
3771
3574
4068
4198
3617
3710
3943
3940
4085
4233
3862
3842
4059
3588
4090
3884
3879
3668
3597
4150
3969
3683
4104
3872
3883
4083
3810
3712
3882
3951
3792
4211
3903
4008
4062
3718
4144
3835
3611
3887
3873
4115
3782
3837
3911
3684
4075
3987
4189
3864
4047
3658
4075
3498
3840
4083
4105
3908
3774
3529
3907
4573
4227
3555
3306
3673
4050
3792
3973
4100
4268
3925
4234
3894
4172
3938
3775
3879
3903
3958
3699
3799
4089
3712
3841
3712
3884
3776
3643
3850
4373
4124
3480
4221
4135
3920
4005
4047
3957
3888
3655
4308
4012
3943
4122
3656
4202
3972
3980
4066
4024
3875
4093
4179
3561
3738
4012
3612
4044
4125
3689
3888
4130
3660
3949
4070
4017
3710
4102
3736
4296
3886
3862
3910
4160
3580
3946
3958
4040
4293
3708
3847
3936
3827
3753
3615
3825
3958
4116
3830
3660
3698
3823
3576
4116
4018
3952
3795
3814
3871
3787
4086
3692
3986
4212
3938
3638
3647
4187
3757
3739
3708
3660
3874
3936
4048
3849
3637
3778
4028
4280
4168
3918
4124
3857
3941
3555
3865
4083
4129
3885
3982
4085
3824
3863
3551
3861
3755
3870
4021
3731
3670
4304
4245
4055
3979
3989
3792
4000
4371
3844
4008
4289
3925
4073
3845
4058
3902
3778
4210
3969
3816
4241
4088
4122
4333
4109
3817
3995
4159
3732
4381
3961
4042
4142
3844
4350
3842
3690
3934
3950
4234
4081
4053
4006
4119
4309
4189
4251
4108
3935
3684
4136
3657
4141
4098
4250
4164
4129
3870
4083
4735
4345
3889
3615
3940
3997
3839
4234
4331
4453
4145
4308
3959
4458
3983
3916
3841
4210
4321
4072
4001
4187
3834
4129
3953
4049
4187
3850
4103
4226
4108
3473
4386
4261
4129
4304
4082
4134
3992
3815
4714
3956
4202
4061
3989
4385
4206
4160
4071
4259
4149
4107
4157
3799
3972
4009
3827
4224
4333
3943
4104
4126
4017
4121
4481
4232
4021
3986
3889
4323
4154
3804
4152
4400
3910
3816
4023
4152
4635
3981
3995
4109
3864
3775
3964
4051
4057
4400
3925
3792
3829
3999
3901
4054
4117
4291
4007
4117
4228
3971
4063
3959
4162
4251
4109
3796
3993
4187
3737
3853
3885
4011
3993
4114
4368
4041
3640
3890
4037
4473
4453
4093
4218
4009
3980
4031
4079
4149
4308
4024
4293
4184
3943
4163
3534
4015
3851
4107
4292
3934
3944
4554
4462
4242
4102
4208
4129
4602
4618
4442
4148
4562
4196
4664
4182
4271
4137
4157
4347
4170
4228
4381
4263
4338
4502
4268
4173
4150
4083
4121
4578
4272
4135
4192
4098
4467
4263
4071
4157
4519
4471
4285
4208
4351
4355
4455
4317
4460
4509
4394
4116
4595
3878
4550
4720
4488
4376
4424
4183
4484
4784
4865
3953
3989
4161
4305
4153
4446
4447
4686
4408
4576
4338
4779
4266
4166
4032
4449
4297
4174
4452
4434
4048
4470
4078
4395
4399
4285
4229
4365
4601
3910
4670
4498
4326
4467
4136
4273
4085
4009
4596
4110
4238
4476
3917
4463
4391
4176
4277
4517
4465
4518
4597
3990
4354
4309
3983
4133
4356
4358
4369
4513
4465
4275
4444
4478
4370
4036
4143
4833
4157
4029
4710
4418
4074
4293
4438
4513
4599
4259
4401
4284
4278
4046
4444
3959
4311
4492
4241
4369
4122
4476
4096
4293
4517
4286
4186
4401
4394
4377
4363
4026
4436
4503
4336
4098
4480
4596
4286
4350
4079
4107
4096
4365
4322
4305
4046
4190
4450
4434
4469
4326
4343
4257
4221
4265
4212
4595
4583
4393
4307
4474
4308
4120
4105
4244
4078
3809
4135
3587
3944
4361
4421
3874
3820
4079
4046
4275
4212
4202
3954
4210
3787
4337
3894
4022
3898
3864
4246
3782
3898
4243
3819
4079
4417
3773
3613
3731
3863
3939
4144
4172
3915
3931
3725
4130
3950
3649
3984
4044
4308
4317
3779
3880
3977
4096
3704
4160
4179
4088
3863
3994
3563
4340
4288
4091
3902
4091
3690
4017
4612
4428
3676
3567
3734
4222
4118
4115
4158
4400
4033
4258
3969
4443
4152
3817
3831
4241
3894
3660
4123
4126
3786
4173
4163
3971
3971
3956
4014
4325
4076
3583
4185
3885
3978
4244
3936
3947
3980
3838
4270
3803
4191
4025
3777
3936
4195
3926
4074
4204
3846
4125
4351
3676
3916
4188
3860
3905
4171
3897
3643
4107
3793
3808
4211
4069
3977
4004
3668
4516
4003
4051
3979
4291
3614
3943
3958
4207
4357
3787
3958
4087
3960
3779
4074
3766
3886
4189
3912
3739
3851
4112
3924
4258
4038
4005
4036
4051
3907
3920
3744
3987
4145
4209
4100
3876
3916
4308
3904
3785
3819
3694
3851
4193
4356
3811
3443
3866
3998
4298
4365
4106
3850
4216
4066
3776
3870
4131
4391
4061
3917
4372
4000
4022
3637
4185
3940
3995
4008
3784
3682
4318
4208
3656
3716
4000
4026
4416
4266
4062
3805
4296
3881
4336
3986
3971
4168
4148
4350
3974
3790
4332
3914
4024
4488
4063
3963
4056
3948
3695
4214
4235
4094
4097
3893
4277
3960
3764
3989
4339
4184
4142
4226
4058
3876
4086
3985
4228
3938
4143
3836
4342
3898
4352
4143
4476
3991
3990
3871
4035
4616
4378
3711
3635
3778
4224
4076
4094
4427
4420
4211
4304
3946
4266
4224
3930
4100
4228
4142
3962
4136
4242
4008
4057
4161
3916
4118
4219
4072
4345
4325
3694
4151
4357
3942
4581
3954
3904
4119
3746
4453
3822
3930
4200
3866
4297
4229
3984
4210
4041
4056
4104
4166
3679
3882
4073
3804
4339
4248
3889
4103
4146
3835
4054
4161
4220
3883
4066
3944
4419
3987
3815
4238
4340
3948
3996
3976
4297
4239
3962
4107
4250
3922
4102
4023
4197
4171
4386
3943
3881
3965
4056
3983
4153
4075
4310
4171
3976
3985
4017
4063
4228
4310
4216
4224
3915
3887
4116
4123
3746
3859
3960
3900
4042
4231
3817
3729
4052
4159
4426
4661
4004
4153
4361
4099
3694
3875
4144
4397
3826
4169
4311
4047
4084
3637
4128
3851
3975
4028
3942
3886
4577
4401
4138
3873
4088
4237
4408
4396
4087
4187
4317
3977
4608
4345
4516
4127
3936
4328
4169
3941
4212
3981
4308
4737
3974
3942
3806
4043
3846
4716
4180
4108
4450
4087
4189
4222
3967
4002
4154
4384
4187
4123
4290
3994
4146
4142
4287
4379
4095
3886
4345
3905
4412
4516
4601
4167
4260
3912
4498
4641
4632
3773
4073
3854
4357
3942
4163
4399
4331
3955
4570
3977
4372
4150
4034
4038
4229
4123
4122
4423
4246
3842
4301
4296
3992
4297
3995
3986
4416
4445
3748
4255
4534
4220
4478
4142
3856
4147
3764
4436
4108
4354
4275
3857
4271
4609
4322
4111
4296
4105
4276
4299
3974
3991
4233
3726
4222
4264
3953
4130
4248
3867
4062
4344
4194
3933
4122
4107
4839
4129
3800
4251
4260
3988
4029
4167
4182
4475
4209
4162
4387
3847
4007
4112
4117
4065
3954
3861
3942
3974
4314
4025
4331
4290
4257
4055
3934
4190
4066
4002
3766
4456
4302
4220
4118
4088
4354
3789
4110
4140
3984
4037
4134
4427
3913
3661
4144
4128
4543
4315
4010
4216
4306
4037
3860
4007
4287
4270
4310
4183
4223
4354
4309
3808
4035
4232
3433
3785
3579
3684
4105
4265
3673
3658
3504
3858
4321
4207
4025
3981
4220
3606
4094
3740
3948
3862
3735
4033
3831
3695
3890
3824
3934
4461
3778
3749
3467
3717
3707
4054
3940
3720
4017
3527
3982
3784
3618
3982
3906
3894
3888
3858
3798
3717
3934
3797
3897
4086
3750
3649
3925
3438
3795
3972
4018
3813
4018
3650
3978
4533
4039
3513
3440
3760
4092
3809
4018
4016
4176
3886
4094
3687
4218
3931
3663
3799
4076
3783
3615
4055
4006
3687
3954
3796
4046
4022
3798
3749
3981
4156
3555
4111
4094
3775
4001
4120
3837
3655
3680
4046
3870
3990
4068
3715
3818
3902
3820
3895
4372
3776
4041
4085
3659
3660
3875
3535
3810
4145
3843
3712
4108
3663
3479
4145
4069
3826
4063
3458
4499
3880
3657
3953
3893
3420
3980
3847
3950
4099
3901
3599
3784
3555
3898
4003
3533
3692
3943
3924
3646
3729
3848
3735
3956
4025
3924
4082
3898
3905
3950
3815
3513
4116
4017
4106
3920
3785
4314
3648
3721
3994
3736
3743
3871
4252
3703
3390
3606
3869
4216
3868
4002
3852
4086
3704
3657
3763
4045
4053
3939
3766
4182
3888
3721
3445
3905
3799
3665
4001
3994
3839
4204
4333
3794
3825
3934
3812
4069
4075
4057
4078
4228
3771
4266
3888
3872
3806
3862
4069
3928
3817
4223
3846
4041
4512
4020
4098
3677
3905
3647
4294
4130
3834
4095
3889
4172
3783
3753
3931
4121
3947
4172
4080
4029
4063
3944
3969
4170
4137
3804
3832
4240
3451
4104
4455
4328
3963
3910
4148
4133
4533
4391
3649
3795
3636
4128
4114
4102
4318
4363
4061
4176
4060
4324
3974
3695
3863
4201
4031
3902
4092
4059
3673
4038
4048
4115
4112
4414
3691
3936
4312
3530
4232
4241
3788
4026
4085
3563
3937
3741
4401
3864
4207
4278
3854
4273
4104
4065
4145
4213
3966
4349
4335
3808
4091
3836
3471
4126
4119
3859
3830
3949
3652
3927
4066
3956
3873
3897
3605
4443
4016
3791
4184
4147
3824
3791
3940
4273
4253
3935
4111
3899
3875
3796
4162
3820
3904
4149
3945
3910
3807
4115
3731
3955
4254
4418
4109
4239
4211
4074
3896
3759
4374
4375
3954
3924
4049
4178
3679
3850
3946
3843
3991
3935
4264
3816
3717
3813
4121
4367
4119
4202
4320
4314
3867
4033
3626
4290
4299
4103
4157
4088
4065
4125
3810
4148
3934
4169
4163
3933
3898
4372
4340
4167
4049
4377
4114
4130
4301
4377
3976
4347
4124
4508
4232
3970
4049
4067
4426
4188
3866
4213
4125
4253
4565
4151
3935
3803
4045
3953
4377
4258
4083
4168
4026
4320
4064
3759
3992
4110
4218
3913
4021
3945
4154
4066
4033
4547
4332
4112
4068
4208
3672
4447
4508
4379
4055
4195
4073
4288
4666
4492
3893
3841
3821
4259
4193
4267
4278
4361
4032
4470
3970
4608
4246
4051
4084
4255
3998
4197
4181
4455
3925
4628
4206
4256
4232
4315
4092
4166
4375
3494
4364
4132
3999
4273
4234
3778
4107
3766
4518
4039
4218
4477
3650
4380
4387
4340
4327
4268
4140
4323
4360
3931
4203
4106
3721
4122
4312
4236
3820
4122
3870
4209
4400
4246
4080
4059
3753
4745
4126
3939
4327
4192
4065
3937
4004
4354
4405
3873
4021
4149
3891
3901
4233
3872
4222
4214
4134
4166
4246
4326
3914
4358
4584
4163
4012
4264
4241
4053
4242
3918
4248
4265
4109
4294
4429
4378
4098
3921
4048
4016
3965
4068
4355
4036
4015
4064
4247
4648
4642
4149
4262
4444
4078
3968
3961
4339
4431
4306
4327
4351
4142
4185
4197
4054
3934
3950
3858
3839
3861
4323
4379
4096
3963
3986
3979
4428
4375
4089
4204
4404
3728
4453
3932
4150
3790
4017
4569
4237
4050
4302
3963
4155
4538
3874
4027
3906
4041
3695
4500
4151
3977
4197
3854
4234
3752
3942
4054
4136
4098
4086
4070
3938
3975
4233
3848
4293
4047
4074
3873
4251
3844
4118
4588
4243
4049
3946
3957
4007
4529
4455
3685
3887
3890
4187
4112
4156
4329
4209
4074
4069
3981
4364
4092
4021
4026
4204
4003
3932
4196
4362
3938
4258
4131
4142
4200
4076
3926
4142
4157
3733
4436
4165
4025
4313
3901
4088
3779
3812
4544
3818
4324
3867
3907
4175
4298
4142
4022
4122
4115
4104
4136
3764
3973
3862
3764
4118
4091
3890
3941
3867
3777
3943
4208
4240
3918
4142
3944
4563
4144
4054
4159
4159
3787
3974
4200
4227
4238
4064
4040
4168
4077
4008
3968
4185
3996
4307
3963
3971
4001
4197
4128
4269
4373
4213
4122
4354
4067
4017
4125
3874
4153
4275
4125
4108
3907
4350
3975
3767
3841
3975
3856
3915
4210
3935
3595
3827
4011
4653
4491
4230
3973
4140
3975
3896
4237
4216
4395
3964
4295
4331
4289
4240
3862
4336
4040
3383
3776
3554
3493
3846
3849
3620
3589
3719
3551
3706
3740
3637
3549
3903
3484
3975
3591
3691
3673
3668
4083
3643
3703
3662
3601
3918
4036
3505
3683
3504
3530
3568
3924
3789
3846
3846
3550
3580
3610
3470
3798
3880
3722
3709
3608
3563
3545
3848
3692
4137
3865
3768
3519
3824
3295
3778
4067
4052
3631
3775
3640
3753
4378
4034
3269
3531
3660
3616
3678
3829
4016
3816
3889
3911
3502
3915
3438
3552
3525
3814
3689
3465
3839
3848
3484
3737
3712
3633
3603
4005
3569
3783
3970
3357
3835
3611
3477
3941
3584
3299
3829
3600
3943
3465
3836
3718
3540
3810
3869
3788
3712
3918
3648
3719
3958
3565
3602
3586
3701
3771
3922
3492
3578
3744
3742
3585
3796
3731
3639
3572
3240
4211
3550
3652
3597
4051
3551
3662
3647
3772
3897
3782
3878
3447
3363
3275
3754
3529
3488
3888
3551
3732
3519
3575
3520
3856
3899
3591
3668
3934
3760
3748
3612
3591
3779
3875
3769
3721
3926
3685
3627
3454
3754
3546
3592
3578
3708
3677
3504
3501
3591
3915
3730
3582
3943
3767
3744
3599
3381
3938
3856
3736
3845
3796
3403
3673
3377
3593
3550
3781
4042
3717
3801
4133
4250
3875
3819
3948
4026
4133
4116
4003
3993
4262
3972
4172
3894
3830
3572
4024
4198
3982
3827
4052
3917
4179
4306
3965
3787
3718
3820
3692
4180
4060
4192
3850
3768
4181
3828
3804
3919
4196
4109
4042
3882
3996
3829
4067
3955
4163
4010
4101
3692
4073
3734
4231
4357
4031
3825
3876
3838
4034
4395
4470
3474
3488
3703
3993
3933
4199
4144
4154
3770
4296
3730
4242
3965
3960
3809
4233
3922
3857
4200
4437
3483
4016
4038
4009
3887
3922
4103
3973
4186
3467
3973
3840
3855
4135
3988
3802
4017
3691
4270
3852
4176
4110
3723
4037
4281
4109
4123
4163
4067
4167
4105
3824
3957
4185
3542
4074
4064
3710
3623
3900
3850
3966
4033
4329
3903
3908
3636
4496
3873
3591
4201
3971
3790
3888
4059
3863
4229
3851
4088
3682
3721
3682
3756
3855
3822
4220
3778
3791
3836
4082
3713
4018
3984
4336
3889
3870
4099
3959
3769
3821
4141
4015
3878
3900
3907
4256
3724
3807
3807
3681
3849
3942
4130
3865
3756
3983
3924
4338
4208
4141
4239
4187
3874
3639
3927
4054
4168
3941
3957
4152
3974
3923
3613
4016
3910
3932
3972
3716
3421
4313
4046
3857
3867
3703
4011
4130
4231
3937
3853
4431
3771
4340
3785
4059
3944
4050
4230
4052
3867
4084
3935
4114
4295
3841
3827
4046
3864
3809
4205
3942
3893
4186
3652
4027
3882
3555
3991
4221
4226
4032
4010
4059
3711
4131
3830
3895
4115
3948
3583
4015
3658
3972
4095
4330
4064
3918
3733
3984
4552
4128
3803
3707
3894
4079
3994
4071
4278
4173
3944
4320
4029
4488
4064
3732
4004
4016
4133
3825
4145
4109
3928
3825
3868
3928
4101
3712
3819
4429
4324
3799
4376
4309
3739
4323
4001
4031
3935
3715
4239
4037
3967
4166
3619
4124
4396
3981
4080
4065
3868
3869
4116
3651
3813
4065
3722
4086
4063
3964
3912
4131
3795
3839
4136
4075
3747
3972
3687
4519
3967
3926
4121
4071
3567
3805
4005
4058
4332
3966
3755
3969
3923
3844
3993
3699
4048
4114
3672
3794
3773
3911
3754
3959
4042
4188
3802
3795
4047
3935
4008
3766
4130
4227
4260
3677
3887
4231
3747
3831
3963
3797
3819
3886
4068
3809
3760
3825
4017
4227
4280
4145
4051
4066
3881
3903
3762
4290
4182
3880
3869
3971
4087
4026
3642
4061
3974
4052
4280
4092
4065
4459
4593
4057
4027
4188
4394
4647
4647
4262
4284
4488
4220
4628
4249
4487
4150
3990
4297
4362
3929
4382
4180
4697
4655
4287
4053
4158
4271
3930
4834
4160
4198
4484
4488
4300
4139
4018
4307
4379
4454
4131
4229
4257
4156
4480
4316
4364
4399
4200
4000
4524
3905
4568
4767
4552
4396
4398
4263
4287
4889
4602
4064
4205
4088
4837
4370
4546
4426
4640
4485
4626
4321
4750
4247
4242
4216
4310
4361
4173
4280
4532
4385
4393
4191
4225
4443
4282
4123
4403
4679
3945
4835
4486
4185
4513
4319
3980
4379
3958
4773
4391
4343
4395
3921
4653
4529
4157
4499
4525
4313
4097
4538
3924
4502
4224
4218
4351
4561
4207
4230
4552
4114
4156
4557
4218
4202
4255
4155
4948
4329
4095
4416
4422
3752
4033
4282
4348
4739
4118
4426
4291
3937
4301
4337
4069
4293
4483
4082
4156
4165
4195
4245
4241
4796
4689
4434
4287
4555
4320
4407
4010
4619
4608
4440
4223
4354
4665
4165
3994
4203
4271
4258
4239
4443
4081
3965
4177
4343
4332
4395
4577
4264
4440
4079
4007
3999
4464
4713
4595
4447
4586
4260
4315
3920
4359
4254
3787
3941
3659
3856
4500
4459
3851
3926
3934
4006
4142
4716
4142
3971
4331
3909
4560
3840
4085
4070
4089
4209
4014
4014
3940
3820
4110
4693
4137
3959
4084
3976
3760
4490
4166
3726
4163
3986
4202
3965
3654
3826
4203
4277
3943
4024
4123
3982
4042
4107
4223
4353
4256
4061
4450
3691
4333
4429
4198
3908
4314
3996
4361
4520
4510
3745
3842
4119
4168
4123
4227
4316
4333
4288
4099
3768
4523
4154
4009
4050
4162
4171
4054
4139
4402
4177
4213
4009
4297
4262
4435
4106
4287
4220
4009
4355
4178
3931
4374
3981
3851
4036
3973
4491
3935
4401
4193
3965
4294
4015
4141
4082
4244
4029
4128
4289
3786
3957
4182
3786
4031
4438
4128
4074
3990
3867
4138
4196
4337
4110
4005
3923
4618
4326
4144
4098
4112
3883
4110
4139
4160
4481
4159
4255
4232
3879
3825
4322
3759
3876
4424
3851
3817
4041
4182
3839
4160
4369
4133
4173
4119
4124
4345
4243
3777
4107
4361
4222
4049
4124
4222
3729
3885
4084
4041
3917
4127
4377
3952
3503
3922
4074
4555
3995
4122
4171
4039
4006
4021
4138
4336
4482
4112
4225
4051
4011
4316
3772
4158
4016
3950
4057
3787
3761
4179
4367
4033
3855
4007
3957
4314
4369
4025
4028
4542
4109
4260
4250
4197
3943
3829
4481
3984
3958
4161
4149
4193
4360
4038
3981
3725
3831
3790
4461
4138
4028
4174
3907
4192
4041
3641
3911
4047
4311
4045
4138
3824
4288
4052
4219
4373
4280
4118
3769
3919
3709
4518
4143
4342
4223
3995
3788
4102
4836
4394
3655
3860
3940
4273
4195
4375
4318
4442
3922
4290
3946
4469
3837
3907
3754
4287
4214
4035
3976
4346
4028
4333
3996
4307
3987
4161
4246
4247
4380
3671
4416
4324
3925
4191
4313
4020
4197
3884
4224
4003
4136
4288
3867
4364
4473
4075
4011
4109
4052
4178
4238
3862
4177
3982
3880
4207
4242
4251
3982
4173
3958
4112
4375
4410
4003
4215
3732
4656
4029
3828
4111
4303
3741
3937
4089
4267
4174
4157
4102
3855
3830
3666
4092
3714
4103
4296
3935
3646
3912
4151
3763
3976
4279
4179
4252
4166
3921
4009
4031
3840
4356
4239
4185
3849
4131
4198
4039
3726
3901
3822
3972
4023
4154
3814
3784
3827
4215
4409
4386
4019
4148
4134
3958
3949
3897
4260
4335
4204
4141
4110
4118
4096
3807
4173
4021
3741
3898
3609
3901
4304
4305
3818
3969
3829
3786
4416
4388
3947
4096
4358
3790
4433
3828
4121
3717
3805
4242
4134
3787
4073
3864
4056
4426
3849
3801
3845
4098
3741
4405
4106
3672
4041
3834
4387
3744
3891
3877
4070
4107
4334
4068
3962
3832
4172
3968
4309
4134
4131
3929
4306
3625
3997
4283
4205
4218
4136
3887
3842
4573
4525
3604
3555
3787
4256
4029
4270
4151
4340
3977
4245
4113
4643
4001
3997
3894
4060
4135
3886
4127
4247
3866
4152
4010
3911
4221
3896
3946
4106
4305
3703
4144
4151
3780
4147
4109
3796
3933
4001
4421
3671
4166
4291
3783
4241
4185
4035
3963
4170
4153
4129
4177
3573
4007
3749
3765
4072
4093
3896
4010
3899
3947
3943
4154
3900
4102
4050
3646
4392
3825
3765
4087
4204
3600
4016
4190
4124
4209
3918
4089
3978
3827
4089
4245
3744
3963
4123
3903
3638
4075
4067
4040
4197
4278
4173
4111
4038
3967
4128
4137
4006
4039
4186
4020
3991
3874
4381
3836
3839
3941
3787
3654
3857
4298
3723
3809
3939
4045
4285
4228
3961
4245
4361
3682
3729
3865
4481
4265
4127
4171
4328
4042
4010
3664
4210
3857
4114
4474
3846
3997
4524
4570
4318
4249
4420
3939
4451
4818
4278
4298
4368
4023
4714
4357
4334
4186
4188
4392
4230
3892
4525
4111
4566
4604
4172
4108
4141
4238
3925
4956
4306
3899
4507
4182
4470
3996
4026
4204
4379
4651
4318
4141
4242
4186
4440
4142
4575
4221
4164
4075
4481
4012
4283
4623
4335
4138
4108
4226
4253
4779
4626
3709
3992
4332
4360
4302
4251
4570
4649
4206
4486
4165
4592
4132
4173
4193
4560
4211
4139
4561
4558
4109
4468
4303
4245
4369
4299
4191
4367
4643
3873
4473
4606
4394
4418
4279
3866
4143
3890
4602
4084
4355
4450
3880
4450
4538
4126
4401
4652
4057
4463
4684
3904
4192
4143
3864
4650
4440
4011
4359
4196
4179
4207
4539
4239
4166
4192
3931
4961
4202
4179
4461
4496
4031
4074
4361
4579
4421
4204
4156
4349
3827
4225
4262
4050
4365
4268
3992
4056
4246
4441
4088
4364
4633
4630
4149
4249
4400
4252
4277
3975
4482
4384
4312
4272
4204
4315
4172
4110
4142
4142
4259
4225
4485
4198
3900
4056
4368
4296
4296
4294
4185
4415
4057
4084
4112
4477
4722
4316
4232
4672
4125
4623
4029
4307
3996
tempo: 0.243569