200 200
4235
3998
3730
4153
3799
3688
3599
4150
3881
4098
3661
3627
3852
3659
3660
3643
4065
3716
4053
3832
3947
3659
3729
3562
3402
3891
3553
3934
3543
3996
3839
3915
4243
3446
3886
3709
3801
3958
3745
3843
3756
3723
3851
4036
3845
4348
4029
3839
3708
3877
3729
3607
3840
4186
3835
3805
4039
4071
3993
3645
3644
4016
3718
3969
3943
3802
3602
3548
4104
4014
3945
3717
3752
3689
3793
3713
3916
4129
4065
3655
3965
3925
3623
3460
3957
4375
4150
3629
3800
3944
3612
3801
3878
3813
4368
3621
3845
3919
3652
3938
3748
3585
3713
3656
3869
4151
3915
4076
4049
3560
3844
3947
3883
4052
3803
3660
3942
3912
4072
3719
3706
3898
3863
3881
3829
3437
3497
3649
3725
3463
3775
3775
4028
3902
3929
3556
4010
4175
4031
3800
3500
3664
3598
3712
3790
4252
4086
3724
3720
3650
4074
3774
3724
3870
3999
3900
3863
3614
3499
3702
4170
3831
3801
4221
4198
3919
3781
3516
4082
3868
3663
3496
3855
3922
4450
3689
3821
3843
3658
3848
3781
3516
3820
3776
3961
3819
3603
3741
3783
4004
3882
3570
3991
4147
4137
3999
4220
3468
3897
4065
4285
3890
3993
3887
3736
3832
3739
4235
3951
3988
3743
3698
3861
3896
3980
3987
4508
4320
3933
3787
4234
3951
3676
3571
3627
3630
3779
3810
3583
4105
4191
4197
4000
3746
3975
3787
3606
4012
3892
3966
4027
3856
3877
4162
3882
4260
4026
3753
3996
4058
3891
3688
4182
4267
3911
3627
3994
4247
4009
3799
3850
4104
4062
4139
4063
3803
3630
3774
4011
3993
3945
3755
3722
3928
4018
4355
4107
4055
4137
3859
4075
4046
3714
3590
4277
4133
4084
3880
3856
4041
3571
4017
3982
3840
4366
3841
4186
4075
3609
3984
3828
3474
3795
3661
4064
4263
4139
3827
3991
3741
4060
4161
4072
3896
3891
3958
4166
4269
4218
3737
3753
4028
4425
4082
3685
3597
3743
3795
3903
3539
4040
3704
3867
3944
4221
3795
4095
4281
3960
4054
3767
3572
3769
4089
4097
4571
3969
3996
3915
3763
4203
3753
3828
3778
4346
4039
3997
4061
3724
4043
4173
3815
3764
4326
4160
4031
3952
3499
4056
3985
4056
3751
3883
4282
4337
3496
3918
3851
3934
4021
3968
3558
3726
4014
3880
3856
3612
3922
3881
4083
4120
3635
3913
4364
4271
4022
4036
3676
3686
3970
4094
3887
3999
4071
3974
3956
3894
4228
4037
3848
3396
3682
3998
3983
3627
3928
4121
4036
4096
3801
4035
3873
3443
3537
3554
3626
3755
3906
3681
4253
3889
4097
4128
3740
4262
3869
3731
3877
3727
4253
4016
3819
3733
4045
3650
4133
4061
3626
4066
4375
3824
3593
4093
4141
4035
3616
4165
4282
3949
3868
3841
4053
4084
4052
4150
3624
3621
3524
4181
3886
3822
3738
3780
4032
3862
4171
4226
4261
3910
3704
4017
4025
3872
3702
4189
4257
4163
3855
3937
4136
3645
4007
3761
3559
4397
3807
4010
3946
3586
3845
3921
3503
3873
3731
3889
4094
4147
3877
3947
3861
3836
4347
4132
4049
4038
3906
3992
3933
4095
3824
3729
4085
4026
3885
3749
3476
3733
3841
3878
3383
3964
3403
4070
3868
3854
3527
3805
4240
4166
3797
3748
3785
3617
3894
3879
4286
3919
3737
3726
3704
4147
3943
3779
3800
4210
3931
3903
3743
3834
3776
4415
3867
3512
4110
4203
3918
4140
3523
4076
3861
3789
3724
3696
4288
4439
3640
3921
3862
3885
4096
3996
3523
3898
3733
3892
3947
3741
3825
3885
4100
4022
3839
3919
4075
4199
3935
3997
3648
4005
4073
4652
4273
4314
4303
4116
4276
3991
4280
4295
4381
3819
3856
4491
4309
4290
4277
4441
4469
4380
4095
4446
4344
3648
3757
3784
4025
4065
4108
3970
4314
4456
4551
4381
4189
4612
4319
4083
4097
4192
4506
4179
4064
4196
4378
4192
4500
4232
3776
4286
4544
4105
3582
4009
4762
4333
3856
4433
4465
4407
3752
4095
4568
4344
4394
4426
3872
4005
4032
4578
3981
4457
4040
4037
4407
4166
4385
4268
4263
4360
3988
4164
4522
4096
3981
4480
4777
4599
4056
4114
4383
3815
4397
4103
4300
4563
4106
4666
4173
3956
4294
4147
3921
3925
3928
4260
4189
4534
4168
4337
4230
4152
4624
4767
4513
4220
4292
4253
4604
4289
4081
4122
4422
4589
4414
4274
3957
4054
4251
4147
3990
4047
3942
4358
4056
4304
4157
4286
4784
4298
4219
4051
4007
3803
4562
4123
5033
4221
4081
4242
4125
4328
4179
4182
4193
4613
4313
4261
4122
3998
4308
4520
4159
4112
4553
4439
4252
4511
3624
4357
4050
4091
4009
3823
4599
4576
4048
4402
4169
4134
4264
4587
4016
4193
4175
4275
4088
4257
4231
4383
4353
4311
4065
4335
4460
4591
4330
4308
4037
4231
4283
4581
4331
4535
4472
4502
4294
4053
4709
4405
4446
3969
4026
4237
3984
4168
4185
4762
4406
4541
4313
4233
4238
3848
3765
3998
4014
4425
4368
4052
4400
4492
4392
4642
3954
4442
4181
3993
4274
4212
4218
4117
4286
4326
4738
4164
4703
4314
4119
4193
4389
4384
3812
4569
4503
4268
4009
4377
4518
4525
4156
4353
4407
4370
4356
4509
3962
4021
3929
4702
4451
4470
4290
4116
4294
4342
4309
4439
4710
4154
4139
4342
4416
3864
4021
4141
4648
4482
4110
4366
4537
4294
4342
4292
4013
4689
3982
4618
4333
3864
4604
4205
3956
4140
4110
4336
4646
4511
4212
4393
4267
4136
4672
4546
4556
4285
4490
4434
4573
4623
3971
4310
4151
4701
4478
4361
4049
4153
4289
4298
4027
4060
4022
4280
4250
4216
4301
4324
4748
4479
4295
4267
4046
3973
4232
4254
4620
4341
4134
4156
3928
4498
4335
4399
4306
4304
4435
4146
4105
4078
4176
4726
4342
4292
4826
4657
4428
4443
3888
4488
4152
4178
4273
4270
4633
4781
4190
4192
4298
4268
4235
4254
4196
3923
4287
4224
4134
4194
4244
4436
4378
4394
3936
4374
4697
4579
4263
4410
4174
4191
4490
4193
4069
3890
4236
3814
4067
3479
4067
3902
4151
3554
3757
3612
3905
3654
3801
4227
3883
4325
3882
3952
3678
3378
3461
3467
3588
3831
3926
3264
4228
4066
4097
4226
3618
3999
3910
3745
3920
3536
4079
3737
3646
3892
4058
3793
4217
4076
3606
3972
3952
3883
3480
4172
4359
3913
3784
4074
4001
4097
3707
3769
4100
3886
4104
4147
3760
3719
3758
4169
3951
4078
3639
3772
3941
4028
3771
3937
4066
4127
3727
3868
4009
3543
3547
3981
4232
3991
3722
3989
3982
3538
4040
3981
3858
4431
3789
3945
4117
3724
3840
3868
3551
3429
3716
4179
4110
3963
3934
4026
3625
3670
4067
3990
4371
3989
3923
4082
4209
4041
3577
3800
4052
3975
4066
3912
3545
3718
3897
3863
3555
3662
3786
4011
3942
3786
3685
4205
4257
3987
3598
3815
3616
3460
3969
4066
4142
3831
3854
3900
3696
3882
3802
3882
3991
4014
3951
3841
3985
3731
3886
4228
4066
3788
4100
4076
4090
3955
3635
4130
3936
3651
3806
4100
4183
4225
3484
3950
4134
3852
3725
4019
3855
3678
3786
4020
3996
3610
3810
3731
3902
4035
3625
3793
4014
4245
3941
3976
3626
3782
4120
4571
4371
4596
4551
3842
4190
4020
4534
4255
4325
3883
3885
4100
4146
4119
4240
4367
4355
4489
4297
4159
4165
3910
3790
3983
4155
4270
4062
3962
4213
4487
4421
4302
3833
4514
4148
3969
4087
4037
4046
4058
4123
4160
4507
4101
4696
4044
4080
4508
4340
4219
3751
4195
4590
4184
4224
4454
4363
4573
3865
4028
4381
4395
4256
4510
3947
4175
4097
4319
3993
4339
4186
4443
4400
4149
4135
4384
4538
3969
3940
4514
4335
4033
4032
4484
4583
4707
4041
4042
4427
4055
4376
4272
4242
4732
4056
4315
4185
4174
4495
3946
3921
3992
3866
4117
4401
4423
4351
4256
4191
4098
4556
4610
4485
4342
4526
4508
4595
4345
3998
4292
4216
4464
4389
4200
3801
4326
4209
3850
3872
4291
4073
4117
4343
4313
4216
4515
4688
4640
4266
4040
3784
3658
4307
4202
4673
4339
4173
4154
3960
4497
4193
4093
4127
4508
4018
4265
4076
4002
4145
4577
4315
4113
4696
4644
4430
4376
3910
4247
4092
4233
4350
4064
4371
4616
4117
4210
4198
4068
4196
4317
4166
4055
4291
4404
4076
4093
4362
4127
4385
4498
4061
4133
4651
4621
4226
4209
3968
4383
4447
4210
4256
4142
4035
3934
3980
3448
4042
3970
4187
3633
3769
3914
3846
3626
3781
4275
4187
4073
4003
4086
4155
3731
3683
3678
3612
3971
3898
3560
3991
4139
4156
4152
3795
4014
3754
3654
3800
3684
4089
3944
3763
4196
4169
3739
4294
4089
3710
3969
4025
3943
3437
4142
4257
4146
3907
3881
4300
4190
3802
3926
3980
3956
3871
4149
3738
3891
3646
4095
3845
3983
3794
3871
4112
3762
4001
4112
4372
3713
3856
4009
4075
3797
3572
3913
4470
4089
3885
3930
4276
3752
4313
3817
3874
4546
3806
4089
3945
3846
4106
3565
3679
3629
3715
4119
4100
4277
3923
3989
3804
3793
4126
4298
4180
4048
4182
4275
4358
4059
3801
3964
4119
4256
4164
3955
3863
3860
3776
3880
3594
3954
3661
4032
3805
4202
3921
4137
4155
4111
3834
3855
3748
3648
3955
3934
4219
4008
3932
3959
3687
3957
3739
4089
4240
4254
4079
4038
4087
3879
3834
4414
3882
3911
4417
4264
4098
4175
3490
4000
3999
4045
3777
3895
4128
4322
3887
3964
3988
3794
3721
4160
3998
3435
3962
3980
3807
3692
4015
4008
3962
3932
3739
3971
4119
4134
3947
3940
3913
4109
4094
4022
4291
3949
4047
3833
4014
3939
4232
4003
4164
3596
3571
4018
3526
3922
4001
4187
3802
4223
3891
4066
4097
3782
3861
3649
3789
3993
4010
3667
3931
4140
4294
4385
3534
4146
3908
3676
3996
3777
4039
3834
3874
3731
3988
3726
4278
4145
3733
4068
4177
4053
3668
3788
4392
3996
3968
4152
3961
3921
3768
4146
4089
3968
3929
4135
4037
4001
3728
3920
4096
3806
3917
3866
4041
3877
4011
3810
4167
3723
3774
3954
4058
3632
3527
4134
4379
3977
3608
4054
4161
3610
4047
3970
4040
4419
3834
4054
3757
3680
3903
3966
3720
3897
3781
3712
4085
4144
3894
3816
3970
4095
4121
4210
4134
3839
3943
3830
4030
4073
3830
3850
4016
4305
3771
4000
3589
3989
4009
3604
3649
3613
3669
4116
3652
4024
3606
4203
4269
4085
3846
3893
3806
3782
3907
3728
4442
4185
3871
3789
3852
4172
3793
3888
4006
3970
3845
3607
3896
3768
3868
4296
4148
3760
4351
4561
4016
4168
3472
4132
3940
3941
3795
3646
4095
4460
3813
3947
3880
3582
4198
4019
3744
3853
3839
3844
3751
3827
4007
4247
3783
4019
3680
3979
4387
4327
3921
3971
3620
3804
4213
4139
3862
4114
4134
3673
3920
3872
3925
3601
3828
3506
3423
3807
3763
3443
3964
4241
3617
3986
3948
3789
3689
3227
3646
3630
3736
3654
3863
3621
3910
3782
3984
4028
3757
3840
3642
3507
3701
3717
3803
3715
3827
3695
4176
3659
4357
3862
3420
3943
4155
3846
3371
3837
3953
3755
3939
4152
4219
4007
3719
3783
3980
4009
3778
4015
3674
3487
3653
4008
3787
3880
3679
3594
4059
3819
3891
4084
3920
3967
3867
4088
4021
3682
3655
3972
4301
3961
3788
3776
4197
3417
3915
4044
3550
4251
3725
4015
3822
3671
3935
3597
3663
3756
3681
3921
4209
3801
3704
3986
3897
3753
4139
4168
4152
3916
3888
3881
3939
3967
3601
3937
3937
4091
4235
3848
3319
3608
4008
3763
3483
3870
3511
3975
4019
3984
3763
4008
3985
3867
3840
3914
3558
3506
3741
3756
4443
3942
3855
3998
3669
3946
3633
3791
3890
4004
3920
3931
3596
3574
3774
4280
3824
3744
4026
4052
3968
3920
3675
3989
3902
3682
3721
3835
4038
4214
3835
3657
3957
3815
3612
3799
3429
3565
3770
3943
3682
3712
3800
3771
4149
3975
3791
3811
4093
4077
3650
3992
3628
3859
3828
3941
4053
3731
3846
3878
3929
3570
3671
3802
3887
3381
3783
3721
3752
3504
3759
3960
3954
4163
3622
3958
3711
3633
3616
3098
3593
3710
3619
3446
3846
3872
3925
3960
3546
3877
3946
3583
3692
3456
4064
3679
3886
3680
4180
3474
4221
3726
3476
3914
3975
3795
3546
3738
4153
3868
3393
3907
4234
4016
3570
3782
4014
3759
3811
3906
3604
3517
3561
3791
3687
3902
3687
3838
3989
3868
3781
4079
3950
3926
3677
3827
3800
3658
3357
3808
4322
4035
3769
3706
3810
3521
4140
3789
3562
4064
3650
3910
3675
3345
3736
3740
3709
3461
3449
3949
3855
3779
3709
4072
3654
3598
3879
3791
3965
3653
3970
3967
4238
3928
3554
3698
4032
4050
3680
3532
3247
3623
3762
3614
3455
3912
3663
3665
3805
3775
3304
4155
3983
4066
3668
3442
3555
3423
3916
3778
4059
3834
3789
3639
3660
3958
3674
3763
3704
3914
3674
3895
3793
3505
3855
3948
3802
3838
4188
4101
3912
3898
3320
3817
3685
3574
3595
3688
4081
4228
3568
3899
3890
3600
3779
4012
3667
3593
3906
3778
3750
3669
3888
3761
3895
4111
3302
3866
4046
3964
4079
3760
3568
3797
3753
4253
4224
4193
4077
3951
3912
4021
4217
4045
4200
3445
3619
4033
4027
4008
4046
4224
3747
3978
4036
4245
3903
3694
3790
3496
3805
3959
4091
3735
4194
3931
4119
4260
3707
4184
4025
3837
3784
3968
3964
3871
4014
3952
4310
4040
4131
3965
3654
4023
4416
3904
3780
3947
4354
4070
3964
4155
4397
4142
3614
4023
4187
4315
4054
4083
3887
3838
3650
4024
4197
4071
3909
3900
4292
3890
4119
4020
4312
4207
3716
3974
4065
3833
3652
4100
4390
4174
3952
4159
4264
3689
4173
4181
3693
4363
3755
4201
4003
3883
4322
3884
3737
4000
3918
4232
4307
4093
3932
4122
3856
3888
4178
4265
4292
4052
4163
4125
4282
3973
3701
3926
4110
4364
4096
3912
3616
3587
3982
3968
3772
3742
3656
4221
4003
3838
3860
4209
4183
4076
3845
3614
3898
3605
4121
3742
4291
3918
4038
3941
3689
4071
3924
3919
3927
4182
3786
4021
3989
3582
3760
4398
4071
3891
4609
4298
4142
4097
3481
4264
4005
3844
3600
3726
4280
4408
3921
3861
4153
3979
3970
4195
3805
3639
3885
3992
3773
4274
4042
3918
4263
4168
3601
4311
4383
4501
4006
4189
3848
3998
3932
4063
4024
3823
3960
3639
3777
3837
4162
3727
3925
3501
3702
3665
3625
3736
3689
4212
4071
4012
3616
3926
3776
3464
3556
3456
3509
3721
3864
3292
3871
4238
4028
4078
3516
3900
3745
3641
3834
3407
3934
3777
3467
3663
3968
3678
4207
3980
3693
3996
4034
3743
3533
3848
4017
3789
3652
3906
4163
3841
3636
3536
3890
3916
3890
4008
3463
3865
3707
3918
3646
3929
3538
3733
3805
3860
3731
3857
4273
3985
3669
4030
4018
3723
3619
3968
4120
3723
3737
3842
3785
3447
3924
3774
3715
4154
3538
3946
3891
3603
3629
3527
3287
3686
3668
3850
3886
3813
3811
3941
3692
3909
3976
4066
3928
3803
4006
3894
4124
3998
3746
3576
3737
3982
3955
3647
3499
3783
3676
3622
3514
3822
3703
3880
3718
3952
3542
3930
4168
3955
3681
3622
3683
3564
3718
3790
4074
3956
3899
3719
3512
3844
3904
3778
3744
3928
3840
3741
3683
3470
3851
4074
3750
3979
3948
4005
3919
3806
3311
3926
3838
3636
3733
3572
4193
4310
3644
3692
3586
3652
3643
4008
3526
3700
3894
3734
3581
3573
3768
3899
4076
3940
3390
3799
3988
4103
3940
3828
3687
3788
3802
4475
4099
4109
3973
4065
4128
3853
3971
3893
4293
3746
3776
3993
3793
4004
4036
4296
4034
4330
3869
3912
4058
3760
3738
3769
3738
3881
3948
3769
4114
3892
4330
4159
3834
4330
4021
3723
4098
3917
4321
3821
3984
4191
4364
3967
4482
4007
3818
4110
4467
3897
3562
4063
4199
4058
3927
4104
4293
3901
3562
3831
4267
4181
4067
4024
3804
3736
3709
4093
3940
4081
4066
3891
4101
3799
4119
4150
4216
4100
4032
4192
4193
3816
3677
4076
4353
4157
3981
3728
4327
3426
4025
3982
3837
4451
3925
4185
3765
3718
4093
4112
3571
3712
3608
3929
4034
4139
4059
3836
3761
3931
4361
4308
4157
3885
3974
4178
4261
4228
4072
3869
4288
4253
4168
3952
3910
4035
4041
3910
3533
3790
3780
4126
4125
4148
3875
4171
4373
4103
3813
3804
3826
3725
4056
3791
4529
4201
3835
4061
3794
4178
3975
4101
3906
4253
3961
4144
4047
3997
3846
4293
3958
3850
4409
4235
3917
4087
3524
3875
3992
3765
3718
3855
4354
4430
3935
3981
4080
3664
4185
4254
3811
3699
3879
3971
3791
3765
3962
4047
4063
4071
3795
3685
4340
4276
4138
4172
3608
3796
4171
4088
3856
3884
3678
3615
3819
3701
3781
3741
3957
3269
3540
3538
3787
3680
3742
3773
3655
3898
3744
3646
3891
3428
3395
3362
3597
3612
3705
3564
3946
3851
3900
4073
3297
4100
3504
3599
3699
3606
3712
3556
3584
3761
4065
3564
4040
3421
3590
3816
3873
3860
3257
3674
3843
4003
3687
3838
3936
3818
3381
3713
3902
3996
3784
3882
3697
3510
3439
3900
3668
3558
3565
3508
4126
3702
3685
3687
4035
3723
3734
3857
3764
3605
3481
3805
4198
4175
3702
3859
3893
3588
3897
3767
3530
4178
3462
3944
3723
3506
3732
3641
3426
3493
3533
3896
3762
3861
3565
3793
3490
3724
3981
4136
4117
3919
4149
3890
4002
3768
3843
3833
3862
3989
3991
3559
3431
3588
3847
3574
3645
3728
3485
3858
3799
3657
3708
3743
4109
3844
3778
3545
3505
3421
3694
3624
4221
3671
3882
3681
3522
3743
3679
3582
3693
4007
3484
3909
3805
3328
3644
4141
3835
3812
4263
4082
3963
4109
3427
3782
3856
3545
3540
3692
3949
4135
3641
3796
3694
3601
3800
3720
3559
3341
3651
3842
3610
3601
3834
3933
3784
3886
3483
3711
4073
3903
3820
3984
3405
3939
3610
4516
4097
3986
4052
3728
3804
3849
4163
3967
4110
3627
3999
3760
3872
3828
4052
4306
4118
4129
4320
3932
3957
3737
3732
3742
3837
4126
3936
3726
3997
4304
4340
4272
4114
4246
3960
3904
3824
3867
4096
3652
3821
3763
4310
3955
4216
4141
3924
4122
4376
4209
3409
4028
4336
4127
4024
3971
4333
4047
3706
3779
4156
4349
4112
4309
3879
3702
3654
4233
4158
3802
3749
3841
4228
3961
3859
4088
4174
3985
3960
4258
4250
3714
3727
4176
4244
4088
4126
3824
4386
3655
4312
4040
3851
4452
3945
4149
4017
3590
4281
3874
3608
3916
3853
4065
4247
4111
3839
4051
3982
3860
4284
4135
4214
4105
4359
4118
4292
4012
4043
4046
3981
4298
4157
3746
3768
4114
4156
3682
3687
4010
3886
4263
3971
4064
3792
4208
4117
4116
3689
3858
3818
3717
4065
3918
4492
3910
3844
3959
3856
4075
3864
4140
3960
4233
3938
3985
3869
3700
3910
4285
4037
3912
4426
4445
4113
4315
3971
4066
3835
3876
3905
4084
4386
4377
3918
3951
4089
4088
4142
4226
3882
3642
4247
3876
3936
3916
3985
4280
4259
4181
3737
3990
4519
3984
3853
4122
3523
3907
3979
4196
4279
4012
3970
3887
3913
3721
4284
4035
3905
3712
4031
3943
3776
3925
4134
4607
4026
4157
4004
4211
4071
3488
3976
3714
4003
4002
4242
3810
4167
4124
4494
4260
4069
4163
3944
3810
3880
3912
4208
3977
3703
3875
4324
4091
4550
3977
3732
4103
4165
4162
3615
4090
4315
4001
3993
4255
4269
4150
3797
3945
4403
4392
4260
4202
3691
3877
3834
4388
4098
4105
3876
3992
4208
4095
3988
4206
4273
3945
3874
4356
4221
3839
3625
4221
4353
4121
4184
3932
4426
3609
4253
3965
3827
4759
4087
4144
4197
3765
4353
3830
3747
3757
3742
4060
4523
4292
4117
4249
3981
4018
4419
4124
4169
4295
4078
4123
4134
4252
3966
3951
4077
4444
4054
4078
3838
4075
3803
4125
3850
4066
3799
4382
3948
4241
3928
4120
4313
4203
4048
3989
3939
3862
4105
3976
4681
4294
4072
3999
3778
4204
3871
4109
4032
4168
4232
4157
4108
3663
4240
4606
4027
3903
4342
4472
4134
4284
3640
4311
4144
4066
3757
3887
4456
4474
3953
4081
3863
3891
3970
4302
3725
3681
4153
3831
3979
3819
4044
4215
4474
4152
3797
4199
4355
4347
4111
4308
3846
4254
4219
4427
4093
4056
4171
4111
4326
3975
4106
3787
4321
3763
3692
4138
4127
3864
4185
4332
4231
4153
4093
4236
4095
3883
4108
3775
3807
4083
4108
3896
4274
4451
4390
4375
4063
4357
3758
3833
4171
3810
4440
4013
4184
4025
4268
4030
4480
3889
3792
4120
4543
3991
3604
4234
4563
4205
3962
4260
4410
4176
4110
4130
4181
4351
4407
4534
4067
3742
3789
4557
3944
3982
4011
3946
4274
4064
4282
4279
4344
4453
3994
4150
4225
4042
3751
4356
4725
4523
3899
4214
4257
3695
4258
4176
3892
4597
4021
4402
4126
3869
4183
4242
3817
4065
3924
4060
4075
4099
3936
4178
4059
3934
4331
4481
4183
4174
4303
4298
4426
4292
4064
3917
4373
4622
4277
3963
3704
4001
4392
4215
3828
3815
3889
4285
4071
4339
4085
4116
4347
4336
3847
3964
3898
3858
4190
4049
4666
4164
4131
4144
4023
4265
3975
4011
4096
4452
4214
4331
4135
3961
3965
4350
4069
4118
4520
4440
4209
4545
3723
4269
4068
3974
4043
4032
4429
4677
4086
4239
4139
3998
4350
4244
3998
3838
4234
4256
3824
3903
4047
4349
4426
4213
4136
4062
4466
4418
4297
4096
3915
4216
4103
4141
3824
4044
4027
3688
3710
3701
4069
3933
3928
3586
3792
3922
3842
3599
3830
4112
4002
4072
4033
4062
3834
3642
3207
3466
3717
3595
3851
3558
4091
3985
3889
4038
3581
4160
3891
3693
3983
3686
3898
3831
3569
3796
4197
3878
4166
3908
3761
3952
4183
3772
3323
4181
4268
3823
3801
3711
3907
3838
3594
3694
4033
4183
3829
4177
3747
3661
3485
4062
3730
3854
3581
3744
4007
4081
3951
3981
4170
3845
3665
3972
4158
3856
3736
4066
4131
4076
3917
3767
4195
3528
4227
3686
3776
4395
3780
3955
3910
3477
3796
3771
3465
3839
3643
3759
3906
4011
3860
3867
3751
3755
4199
4142
4133
4053
4086
4075
4266
3998
3720
3508
3917
4095
3936
3956
3510
3788
3735
3647
3588
3926
3543
4210
3847
3910
3637
3980
4398
3917
3765
3692
3637
3448
3676
3961
4162
3779
3882
3720
3429
3922
3783
3617
3791
4088
3824
4104
4056
3714
3999
4141
3976
3773
4437
4001
3980
3817
3639
4050
3875
3776
3591
3590
3977
4204
3817
3878
3895
3832
3912
4181
3604
3531
3850
3856
3937
3854
3988
3763
3940
4051
3669
4014
4035
4166
4004
4066
3705
3863
3956
4479
4126
4112
4189
4131
4293
3796
4372
3994
4222
3689
3918
3915
4149
4023
4275
4359
4415
4590
4053
4092
4080
3774
3857
3786
3885
3891
4215
3838
4272
4419
4604
4320
3969
4210
4169
4015
4048
3906
4190
3972
3937
4064
4382
3908
4541
4365
3745
4137
4396
4203
3440
4054
4484
4317
3835
4190
4561
4379
3888
3815
4392
4120
4188
4400
3886
3807
3863
4378
3931
4205
3937
4201
4199
4179
3949
4238
4523
4131
3905
4378
4362
3951
3771
4333
4534
4542
4181
4044
4137
3788
4064
4150
4085
4610
4012
4310
4050
3817
4283
4082
3854
3787
3931
4139
4351
4408
3800
4265
4027
4105
4399
4425
4372
4079
4287
4302
4327
4480
3987
4131
4255
4171
4351
4277
4059
4210
4042
4071
3917
4016
3942
4285
4191
4164
3870
4444
4529
4319
4034
3821
3647
4019
4314
4203
4694
4086
3977
4009
3811
4321
3862
4297
4217
4364
4260
4076
4053
4024
3941
4268
4166
4092
4452
4356
4275
4522
3848
4197
3712
3940
4065
4184
4490
4444
3780
4412
4016
4070
4206
4129
3918
4032
3993
4350
3919
3904
4100
4282
4144
4266
3765
4071
4407
4105
4127
4013
3858
4128
4337
4190
4038
4106
4244
3887
3913
4029
4312
3777
4054
3508
3682
3943
3877
3726
4137
4212
3985
4121
4209
4268
4108
3558
3578
3636
3866
3989
3877
3777
4311
4128
4097
3958
3777
3999
3919
3585
3975
3655
4128
3848
3876
3577
4155
3890
4215
3992
3713
4343
4298
3797
3903
4149
4079
4024
3726
3846
4402
4299
3898
3941
4233
4211
4147
4161
4079
3687
3636
4149
4114
4117
3816
3910
4048
4040
4019
4040
4237
4103
3803
4024
4199
3819
3681
4192
4465
4024
3795
4144
3908
3763
3972
4034
3766
4260
3852
4027
3972
3572
4060
3562
3647
3724
3889
4012
3984
3958
3816
4286
3932
3904
4370
4215
4313
3954
4255
4239
4153
4177
3811
3892
4029
4366
4203
3712
3698
3883
4034
3884
3703
3863
3580
4114
4054
4112
3760
4182
4273
4045
3869
3800
3927
3776
4141
3921
4366
3942
3987
4017
3889
4090
4045
3889
3693
4250
4055
3843
3936
3625
4035
4443
4118
3943
4461
4213
3959
4176
3415
4195
4122
3645
4075
3854
4215
4512
3732
4011
4089
4019
3841
4369
3774
3624
3890
3860
3821
3817
3885
4048
4121
4380
3605
3983
4334
4294
4284
3907
3769
3840
4193
4424
4198
4328
4221
4088
4336
3986
4411
4097
4091
3854
3929
3998
4214
3832
4254
4565
4040
4279
4233
4321
4187
3722
3932
3754
4049
3969
4142
3696
4242
4102
4108
4388
4137
4517
4092
4156
3999
4095
4403
3766
3978
4085
4334
3970
4467
4251
4026
4297
4399
4197
3358
4226
4525
4059
4001
4373
4335
4152
3921
4031
4345
4382
4142
4588
3749
3799
3922
4566
4234
4088
3907
3899
4310
3989
4214
4280
4352
4266
4035
4205
4465
3902
3664
4209
4823
4201
4318
4157
4352
3611
4182
4282
3791
4658
4115
4151
4252
3760
4256
3831
3856
4056
4031
4280
4397
4230
3989
4395
4245
3882
4226
4297
4343
4136
4172
4181
4272
4203
3897
3994
4278
4248
4296
4143
3816
3940
4247
4180
3724
4099
3877
4379
4089
4079
3895
4332
4599
4294
3899
4022
3827
3976
4017
3845
4526
4261
3998
4111
3914
4419
4124
4197
4209
4373
4242
4301
3839
4016
3987
4587
4200
4089
4588
4496
4211
4418
3661
4257
4028
3936
3797
4021
4523
4564
4058
4082
4175
3956
4078
4272
3789
3850
4089
4240
4009
3988
3935
4102
4345
4292
3790
4355
4405
4370
4262
4162
3904
4214
4300
4644
4473
4155
4390
4301
4141
4006
4617
4128
4494
3973
4156
4190
4263
4221
4427
4705
4193
4469
4400
4124
4147
3740
4054
4026
4089
4274
4221
3929
4263
4477
4561
4407
4179
4593
4212
3949
4265
4074
4361
4061
4236
4293
4540
4248
4460
4335
3947
4395
4526
4338
3866
4468
4578
4291
4202
4318
4755
4541
4055
4141
4602
4507
4473
4363
4169
4094
4006
4358
4563
4257
3994
3979
4249
4280
4303
4337
4437
4154
4329
4390
4248
3871
3907
4508
4723
4520
4258
4120
4737
3805
4338
4250
4143
4947
4355
4504
4281
3815
4591
4139
3965
3858
4103
4294
4523
4480
4236
4272
4068
4304
4628
4421
4335
4545
4375
4368
4511
4575
3924
4147
4349
4447
4453
4073
4046
4140
4133
4220
4028
4072
4067
4514
4135
4264
4101
4296
4586
4485
4043
3996
3981
3908
4329
4023
4866
4367
4186
4008
4389
4433
4226
4241
4455
4478
4368
4334
4402
3930
4340
4527
4387
4201
4675
4575
4248
4579
4020
4723
4279
4103
4196
4223
4598
4527
4364
4369
4239
4230
4319
4354
3934
3957
4297
4200
4193
4246
4339
4639
4449
4548
4227
4170
4693
4402
4455
4194
3897
4381
4477
4326
4019
4092
3973
3950
3791
4020
4198
4048
3965
3893
3845
3815
4075
4147
3964
4191
4106
4236
3954
4062
3984
3585
3642
3798
3852
3898
3850
3677
4019
4209
4161
4316
3789
4197
3820
3632
4125
3986
4210
4098
3977
3873
4222
3894
4420
4085
3596
4209
4179
3931
3512
3998
4306
3904
4141
4247
4190
4037
3654
4191
4366
4089
4138
4169
3862
3617
3682
4158
3956
4130
3770
4068
4060
3967
4117
4280
4006
4064
3957
4189
4061
3649
4038
4355
4327
4054
3919
3902
4354
3732
4051
4058
3958
4468
4049
3967
3919
3805
4166
3920
3847
3904
3765
4136
4259
4103
3958
4015
4248
4156
4423
4396
4437
4204
3942
3985
4302
4135
3826
4093
4361
4020
4122
3937
3587
3842
3990
3914
3620
3882
3891
4250
4132
4072
3752
4042
4317
4254
4189
3926
3615
3903
4019
3909
4373
4299
4126
3804
4033
4247
3781
3963
3856
4305
4085
3828
3972
3662
3926
4466
4126
3757
4297
4420
4101
4181
3724
4200
3859
3786
4006
3718
4287
4498
3591
4316
3951
3888
4091
4212
3551
3900
3875
3957
3861
3898
4084
4070
3895
4203
3634
4174
4416
4534
4052
4141
3879
4006
4133
4510
4386
4393
4319
4199
4265
4108
4615
4313
4369
3943
4027
4133
4135
4264
4433
4609
4252
4594
4270
4193
4302
3995
3901
3874
3966
4114
4112
3928
4420
4281
4637
4432
4100
4477
4255
3903
4131
4156
4361
3823
3999
3966
4584
4127
4376
4286
4174
4427
4359
4425
3966
4283
4543
4377
4197
4442
4509
4144
3961
4069
4439
4491
4422
4347
4061
3987
4064
4513
4197
4332
3906
4098
4518
4284
4116
4190
4671
4278
4117
4297
4640
3894
4038
4409
4640
4279
4333
4149
4391
3896
4355
4327
4004
4604
4111
4262
4383
3980
4430
4246
4050
4192
4150
4328
4580
4345
4125
4334
4131
4035
4543
4348
4347
4407
4549
4087
4425
4378
4206
4206
4413
4651
4322
3987
3919
4130
4177
4131
4015
4261
4060
4673
4259
4288
3937
4638
4604
4114
4048
4126
3923
3962
4483
4159
4697
4384
4245
4109
4073
4493
4232
4250
4284
4450
4155
4226
4168
4083
4158
4577
4160
4219
4720
4612
4175
4576
3994
4508
4293
3949
4136
4084
4655
4766
4136
4349
4325
4183
4317
4379
3967
3828
4225
4322
4161
4161
3972
4366
4206
4284
4020
4437
4584
4486
4065
4357
3754
4223
4522
tempo: 83