100 100
2175
2293
2106
2125
2081
1960
1883
2179
2248
2048
2316
2043
1899
1971
2140
2172
2045
2147
1950
2107
2050
2067
2071
2026
1972
1846
1978
1927
2141
2342
2253
2347
2052
2069
1924
2038
2155
1995
2010
2013
1890
1861
2194
2050
1979
2181
1968
2092
2106
2147
1908
2072
2148
2085
2031
1957
2072
1986
1959
1945
2286
2089
2154
2051
2161
2097
1851
2171
2118
2156
2002
2321
2236
1997
1984
2063
1932
1968
2080
2160
2095
2197
2160
2074
2260
2219
1969
2075
2047
2150
2000
1951
2139
2027
2036
1850
2322
2003
2280
2128
2264
2214
2094
2111
2154
1819
1927
2192
2310
1969
2223
2075
2106
2190
1975
2232
2326
2158
2074
2119
2110
2289
2165
2181
2136
1789
2225
1943
2236
2116
2166
2380
2178
2169
2000
1977
2210
2192
2201
2062
2078
1823
2342
2138
2102
2127
2117
1923
2171
2276
2147
2285
2080
2257
2159
1956
2226
2085
2212
2003
2299
2250
2206
2160
2132
2259
1925
2299
2104
2428
2310
2221
2062
2190
1943
2204
1944
2084
2417
2035
2220
2211
2111
2319
2089
2098
2137
2254
2105
2158
1976
2043
2291
2113
1944
1884
2316
1944
2414
2211
2129
2064
1989
1835
1883
1792
1972
2127
2087
1844
1911
2064
1653
1984
1892
2126
2010
2043
1760
2013
1969
1909
2041
1829
1863
1714
1907
1807
2131
2148
2015
1962
1953
1869
1856
1900
1889
1978
2032
1980
1897
1816
1923
1946
1837
1915
1912
1850
2089
1971
2014
1964
2054
1965
2092
1889
2015
1883
1979
1782
2310
1883
2114
2094
1988
1863
2054
2092
1821
2091
1807
2196
1859
2019
1749
2009
1751
1659
2075
1905
2031
2052
2025
1863
1978
2001
1821
1954
2130
1982
1970
1920
2249
1872
1915
1686
2201
2017
2046
1949
2133
1948
1990
1872
2083
1838
1993
1992
2155
1953
2111
2099
1868
1985
1941
2056
2150
2152
1930
1921
2028
2022
2078
1940
1720
1699
2100
1946
2137
2147
2039
1989
1907
2105
1830
2010
2033
2105
2098
1810
1839
1875
2045
1986
1883
2033
2120
1860
2073
1969
2060
1957
1959
2081
2051
1826
2056
2020
2029
1727
2206
1975
2217
2149
1940
1977
1826
1956
1975
2142
1998
2188
1870
1983
1883
2045
1831
1853
2112
1957
1925
2082
2026
1973
2066
1873
1969
2105
2004
1867
1904
2041
2081
1826
1865
1657
2024
1906
2103
2076
2602
2419
2295
2145
2375
1998
2186
2439
2350
2084
2354
2449
2201
2193
2358
2462
2264
2392
2221
2435
2178
2395
2485
2329
2260
2126
2325
2178
2418
2437
2656
2373
2368
2361
2265
2154
2277
2410
2386
2261
2226
2198
2323
2311
2247
2414
2254
2169
2507
2349
2282
2162
2368
2500
2484
2135
2361
2317
2408
2268
2779
2287
2704
2496
2278
2296
2183
2398
2292
2515
2310
2417
2256
2300
2404
2380
2172
2164
2484
2367
2174
2411
2376
2426
2412
2399
2167
2252
2249
2086
2357
2306
2383
2215
2095
1898
2573
2391
2453
2394
2442
2072
2178
1884
2090
2030
1960
2153
2254
1975
2205
2068
1999
2060
2051
2284
2151
2160
2074
2234
2231
2370
2112
2143
1841
1897
1993
2006
2371
2375
2479
2232
2153
2077
2055
2103
2114
2002
2227
2169
2047
1886
2193
2031
1942
2168
2031
2077
2224
2270
2037
2151
2230
2241
2344
2050
1953
1922
2165
2150
2314
2384
2458
2126
2101
1991
2213
2268
2135
2220
2096
2333
2084
1994
2081
2208
2155
1960
2250
2144
2035
2270
2348
2122
2220
2219
2060
2063
2281
2218
2039
2231
2351
1962
2111
1912
2516
2271
2215
2112
2245
2083
1774
1871
1921
1849
1523
1995
2022
1769
2037
1965
1742
1873
1974
1984
1944
1938
1816
2080
1888
1848
1866
1941
1843
1859
1812
1748
2014
1993
2198
1990
1933
1793
1834
1887
2007
1943
1900
1838
1765
1665
1981
1936
1969
1996
1956
1948
2108
2032
1927
1959
1952
2062
2143
1761
1981
1934
2063
1908
2200
2013
2041
2086
2100
1900
1819
2099
2088
2013
1910
2002
1889
1910
1874
2010
2032
1727
2095
1690
1981
1867
1941
1915
1837
2048
1791
2049
1885
1897
1833
1840
2120
2047
1834
1706
2078
1883
2149
2095
2470
2574
2340
2383
2250
2055
2127
2273
2489
2232
2466
2327
2278
2284
2321
2574
2425
2408
2240
2487
2356
2388
2342
2243
2278
1915
2432
2290
2371
2510
2550
2402
2526
2126
2207
2358
2330
2380
2293
2347
2268
2035
2498
2392
2192
2473
2253
2066
2340
2223
2280
2287
2326
2474
2461
2255
2297
2224
2412
2219
2576
2517
2697
2360
2502
2237
2160
2313
2338
2510
2326
2313
2368
2253
2130
2428
2323
2236
2557
2248
2377
2426
2450
2385
2417
2455
2264
2544
2250
2506
2145
2168
2640
2238
2264
1986
2664
2305
2437
2396
2133
1927
1868
1740
1985
1719
1639
2020
2001
1833
2144
1954
1755
1863
2124
1998
1923
2049
1858
1946
1945
2114
2046
1957
1823
1699
2049
1816
2035
2059
2247
1941
1666
1839
1864
1916
2073
2099
2023
2011
1870
1829
2184
1977
1861
1817
2006
1790
1913
2040
1966
1923
1836
2047
2086
1829
1803
1929
2021
1845
2146
2062
2168
2032
2067
1794
1736
2001
1872
2132
1823
2176
2108
2039
1887
1908
1952
1688
2111
1881
1873
1978
1955
1940
2058
1913
1943
1949
1821
1971
2002
1918
2024
1902
1925
1825
2040
1840
2232
2124
2303
2152
2182
2061
2368
1792
2178
2214
2320
2054
2313
2231
2139
2016
2283
2298
2263
2276
2150
2169
2210
2242
2402
2201
1983
1982
2324
1943
2354
2301
2348
2301
2174
2265
2045
2120
2128
2194
2228
2171
2197
1876
2259
2187
2023
2209
2234
1983
2300
2237
2108
2151
2299
2207
2391
1982
2125
2115
2221
2056
2513
2431
2358
2277
2241
2145
2135
2185
2229
2262
2123
2316
2022
2156
2042
2218
2134
2126
2499
2183
2103
2357
2277
2183
2261
2225
1998
2155
2269
2184
2276
2230
2390
2137
2108
1995
2468
2162
2453
2302
2067
2017
2014
1836
1818
1525
1862
2009
1909
1739
1828
1840
1761
1891
1986
1988
1917
1859
1864
1926
2015
2069
1837
1807
1720
1797
1917
1851
2063
2059
2094
1926
1922
1809
1864
1926
1831
1962
1950
1800
1762
1736
1939
1815
1831
1967
1865
1806
2017
1915
1798
1827
1870
1993
2008
1749
1929
1678
1983
1831
2091
2018
2135
1739
2056
1612
1726
2041
1773
1969
1883
1929
1825
1795
1612
2142
1667
1711
2001
1770
1810
2003
1941
1793
1825
1989
1704
1811
1737
1852
2104
1732
1924
1904
1730
1623
2040
1994
1889
1793
2230
2343
2197
2095
2164
1766
1937
2151
2184
1977
2236
2099
2133
1984
1979
2155
2176
2155
1923
2059
2062
2215
2198
2053
1941
1928
2115
1859
2120
2378
2382
2160
2148
2150
1974
2092
2089
2069
2035
2169
1974
1736
2199
2107
1963
2063
2065
2006
2258
2049
2069
2187
2062
2197
2241
1902
2162
1964
2044
2036
2304
2159
2253
2330
2135
2141
1928
2104
1931
2202
2236
2261
1944
2018
1888
2230
1910
1974
2350
2031
2224
2190
2171
2106
2319
2214
1951
2157
1996
2168
2026
1968
2256
2114
1898
1962
2331
2025
2152
2052
2116
2295
2035
1924
1987
1890
1717
2159
2142
1843
2058
2090
1940
2035
2306
2166
2205
1963
2058
2027
1930
2288
1996
2023
2026
1768
2047
2024
2064
2081
2162
2079
2093
1858
1829
2026
2138
2083
2010
1897
2032
1834
2262
2053
1807
2064
1892
1866
2147
2082
tempo: 0.001907