100 100
2494
2411
2167
2105
2216
1991
1982
2315
2375
2073
2311
2145
2198
2177
2162
2340
2282
2330
2126
2323
2212
2294
2219
2208
2188
1959
2191
2091
2350
2434
2418
2369
2294
2323
2086
2137
2291
2340
2264
2242
2076
1922
2284
2172
2182
2423
2229
1953
2239
2287
2270
2273
2256
2369
2316
2039
2242
2047
2303
2145
2310
2303
2345
2219
2194
2257
1929
2347
2148
2397
2144
2262
2102
2081
2064
2266
2180
2001
2272
2272
2201
2158
2300
2299
2250
2202
2126
2270
2264
2172
2063
2156
2319
2107
2078
1978
2478
2269
2373
2266
2041
1818
1865
1559
1689
1617
1662
1837
1748
1587
1893
1817
1724
1799
1738
1859
1890
1841
1729
1819
1875
1732
1843
1842
1685
1649
1885
1495
1977
1938
1715
1785
1819
1860
1699
1478
1827
1895
1701
1783
1628
1652
2048
1755
1676
1881
1717
1632
1790
1917
1949
1722
1811
1749
1933
1638
1834
1737
1949
1680
1962
1979
1973
1773
1819
1703
1638
1812
1729
1793
1709
1726
1687
1865
1588
1859
1724
1583
1875
1646
1688
1854
1896
1852
1683
1789
1839
1880
1833
1913
1793
1834
2041
1678
1606
1559
1854
1706
2087
1786
2312
1992
2061
1827
2127
1999
1853
2133
1956
2019
2164
2072
2050
1992
2119
2187
2203
2182
1984
2199
2144
2090
2170
2167
1894
1840
1959
2105
2296
2222
2363
2012
2142
2010
1894
2103
2249
2141
2165
1990
2007
1716
2229
2100
2007
2161
2030
2004
2099
2145
2113
2056
2118
2217
2362
1944
1967
1849
2280
2080
2258
2249
2328
2187
2077
1868
2089
2113
2088
2066
2032
2117
1989
2066
1934
2079
1986
1962
2244
2053
2060
2143
2253
2013
2136
2211
1971
2229
2155
1999
2271
2113
2262
2140
2008
1856
2445
2091
2234
2134
2016
1938
1904
1681
2026
1992
1878
2025
2014
1835
1990
1916
1909
1919
2086
2035
2006
2031
2005
1992
1987
1976
1980
1971
1784
1692
1879
1881
2195
1989
2122
2143
1962
1955
1735
1879
2164
2046
1962
1813
1800
1669
2111
2052
1766
2122
1957
1817
1980
2134
1797
2002
2133
2011
1982
1886
1866
1851
2172
1889
2185
2125
2061
2072
1946
2082
1949
2121
2001
2102
1972
2010
1874
1940
1902
1882
1933
1828
2261
1977
1849
2031
2024
1975
1884
2119
1773
2049
1909
1926
1954
2068
2049
1820
1819
1801
2154
1878
2205
2006
2266
2101
2054
1986
2021
1903
1913
2150
2263
1846
2227
2173
1999
2090
2093
2167
2036
2074
1969
2023
2160
2337
2185
2071
2017
1891
2113
1955
2212
2210
2434
2048
1969
2025
1900
2025
2158
2231
2095
2123
2035
1789
2132
2099
1998
2155
2073
2042
1969
2066
1957
2141
2028
1979
2262
2013
2267
2023
2110
1973
2364
2117
2346
2125
2086
2091
1878
2353
1956
2106
2198
2269
1936
2112
1990
2283
1978
1941
2268
1981
2159
2129
2274
2295
2072
1956
2067
2054
1914
2146
2103
2030
2086
2333
1903
1842
2283
2074
2200
1994
2254
2210
2036
2012
2011
1827
1943
2039
2087
1866
2051
2016
1794
1879
2088
2205
2071
2065
1950
2156
1996
2101
1930
2078
1976
1863
2052
1997
2067
2023
2172
1978
2033
1979
2045
1974
2162
2255
2061
2154
1957
1812
2195
2074
1994
1859
1906
1789
2110
2070
2026
1954
1922
2147
2270
1859
2139
1990
2033
1862
2371
2093
2245
2271
2200
2063
1879
2142
1970
2047
2000
2264
1928
2096
1947
2059
2026
1791
2271
1933
2129
2163
2066
2115
2021
2029
2022
2028
1903
2189
2038
1847
2164
2062
1990
1804
2314
2004
2182
2105
2083
1844
1835
1744
1773
1689
1532
1918
1738
1563
2003
1840
1846
1758
1852
1959
1780
1852
1608
1793
1708
1822
1816
1834
1855
1796
1679
1656
1903
2033
2004
1953
1966
1805
1782
1635
1931
1841
1770
1677
1650
1608
1962
1739
1734
1741
1771
1678
1857
1856
1843
1782
1722
1816
1932
1613
1699
1721
1732
1764
2025
1815
1973
1875
1676
1689
1730
1788
1636
1947
1775
1782
1828
1822
1865
1899
1702
1559
1825
1832
1873
1736
1881
1866
1826
1977
1756
1798
1807
1829
1904
1820
1952
1653
1682
1596
1979
1787
1982
2034
2307
2122
2142
1867
1935
1967
1917
2099
2165
1991
2183
2125
1904
1985
2177
2026
2167
2168
1953
2240
2016
2124
2105
2137
1872
1977
2075
1900
2202
2298
2359
2032
2109
2104
2013
2024
2165
2197
2141
2051
1938
1791
2341
2133
2138
2226
2063
2067
2195
2237
2141
1943
2072
2114
2221
2014
2006
2031
2012
1974
2279
2246
2404
2215
2217
2097
1996
2240
2149
2145
2004
2259
2031
2152
1952
2228
1922
1862
2216
1902
2142
2244
2041
2229
2141
2126
1995
2107
2016
2135
1977
1912
2193
2212
1844
1745
2221
2000
2256
2055
2446
2304
2155
2144
2205
2091
2113
2451
2339
1927
2313
2332
2001
2176
2295
2292
2228
2255
2102
2313
2338
2286
2191
2095
2173
2124
2192
2114
2432
2373
2636
2194
2193
2233
2105
1976
2302
2369
2267
2278
2155
1980
2262
2255
2257
2172
2333
2359
2375
2243
2293
2062
2240
2298
2566
2039
2217
2261
2251
2061
2512
2374
2509
2347
2292
2086
2188
2315
2259
2522
2318
2343
2074
2256
2099
2263
2224
2000
2441
2183
2423
2354
2403
2214
2389
2317
2200
2394
2202
2217
2218
2167
2417
2297
2122
1899
2484
2192
2350
2272
2164
2074
2025
1893
2086
1780
1762
2095
2132
1898
2205
1898
1772
1964
2096
2094
1963
2142
1955
1944
1994
2146
1997
1975
1855
1803
2055
1795
2141
2165
2252
2157
1936
2009
1961
1965
1969
2060
1876
1977
2061
1818
2129
1943
1995
2058
2040
1898
1978
1987
1974
1969
1962
2160
2040
2019
1778
1858
2012
1799
2175
2159
2229
2031
2185
1928
1816
2141
2015
2130
1955
2145
2021
1840
1857
1881
1914
1861
2033
1927
1950
2126
1946
1713
2127
2102
1914
2080
1941
1988
1902
2036
2021
1973
2087
1885
2116
2046
2225
1979
1871
1798
1832
1760
1784
1772
1733
1789
1728
1776
1851
1890
1596
1734
1820
1886
1732
1927
1677
1861
1858
1691
1765
1749
1797
1550
1703
1804
1810
1810
2033
1791
1762
1805
1719
1827
1914
1706
1751
1850
1746
1628
1899
1875
1558
1719
1740
1648
1887
1893
1775
1739
2056
1807
1876
1798
1677
1732
1667
1730
1964
1811
1955
1817
1725
1817
1664
1794
1837
1960
1806
1798
2029
1780
1760
1683
1983
1627
1802
1686
1815
1883
2033
1773
1967
1875
1792
1813
1807
1805
1725
1757
1972
1651
1849
1526
2202
1699
2024
1816
2035
2073
2074
2018
1992
1768
1950
2291
2041
1918
2258
2065
2019
1954
2097
2117
2101
1968
1962
1918
2059
2024
2005
2064
1887
1796
2052
1918
2087
2213
2179
2000
2100
2055
1989
2029
2131
2185
2001
1971
1919
1673
2271
2096
2027
1860
2073
1919
2053
2179
1900
1994
1901
2020
2256
1850
2108
2032
2032
1923
2191
2159
2260
2152
1986
1934
1862
1877
1973
2062
2055
2154
1884
2031
1772
2141
2012
1906
2277
2010
2142
2081
2037
2112
2093
2070
1953
2068
1966
2164
1924
2069
2306
2065
1956
1978
2058
2045
2235
2047
1883
1858
1645
1794
1825
1583
1555
1902
1762
1762
1803
1796
1651
1673
1772
1678
1740
1735
1776
1661
1805
1746
1760
1867
1603
1543
1757
1555
1744
1949
1941
1845
1675
1639
1656
1827
1911
1744
1617
1699
1798
1415
1896
1806
1741
1711
1852
1651
1643
1819
tempo: 0.001443