100 100
2525
2218
2220
2096
2166
2071
1897
2368
2198
1970
2340
2095
1974
2164
2152
2207
2328
2179
2063
2252
2206
2156
2186
2214
1984
1950
2018
2003
2313
2306
2348
2240
2130
2008
2055
2077
2376
2299
2180
2133
2038
1843
2454
2135
2135
2195
2143
2176
2178
2267
2124
2184
2114
2209
2234
1903
2060
2040
2202
2022
2423
2300
2459
2107
2360
2114
2020
2224
2014
2189
2049
2335
2137
2240
2031
2113
2009
1893
2548
2086
2270
2164
2396
1982
2184
2284
2043
2204
2139
2259
2234
2108
2240
2105
2173
1997
2357
2119
2396
2174
2319
1965
1958
1860
2003
1918
1820
1893
2101
1939
2175
2091
1785
1948
2123
2319
1929
2118
1996
1899
1984
2021
2183
1983
1864
1673
2113
1926
2126
2271
2293
1906
2104
1951
1940
2015
1992
2080
1887
2020
1998
1854
2207
2081
2137
2055
1983
1964
2169
1881
1930
2075
2067
2149
2028
1888
1860
1948
2128
1753
2185
2016
2213
1893
2057
1746
1862
2198
2136
2187
2027
2027
1992
2106
1919
2178
1919
1833
2061
1865
2056
2071
2131
1898
2147
1968
2114
2083
1993
2039
2009
1871
2133
1985
1979
1698
2253
1872
2155
1978
2393
2218
2206
2042
2087
1798
1810
2228
2254
1821
2202
2215
2143
1910
2075
2256
2132
2266
1896
2119
2205
2131
2127
2080
1894
1945
2130
1926
2331
2297
2380
2194
2072
1898
2070
2049
2237
2020
2049
2129
1940
1858
2210
2102
2015
2087
2219
1907
2212
2119
2175
2066
1892
2118
2163
1940
2031
2027
2085
1907
2335
2103
2291
2191
2119
2036
2021
2089
1982
2101
2133
2214
2124
2050
1997
1997
1816
1804
2183
2106
2097
2141
2297
2061
2069
2234
2075
2122
2071
2121
2185
2111
2097
2006
2134
1928
2312
2006
2364
1956
2090
1787
1932
1696
1802
1815
1799
1899
2060
1768
1946
2009
1811
1763
2000
1934
1892
1967
1821
1899
1875
1815
1971
1852
1746
1608
1766
1856
2098
2075
2157
1954
1832
1880
1756
2013
2084
1644
1839
1888
1653
1714
2073
1839
1831
1986
1865
1824
1948
1885
1751
1684
2039
1972
1943
1859
1781
1715
1788
1799
2272
1938
2071
1907
1919
1793
1949
2011
2121
2020
1960
1858
1922
1762
1885
1947
1718
1753
1886
2108
1892
2005
2040
1781
2006
1958
1690
1921
2076
1987
1954
1970
2095
1783
1965
1656
2119
2025
2178
1962
2293
2022
2073
1891
2125
1746
1901
2051
2083
1728
2148
2146
2202
2036
2015
2187
2101
2051
1962
2062
1950
2165
2202
2060
1816
1779
2087
2046
2154
2132
2261
2106
1982
2127
1808
2091
2186
2177
1998
2128
2029
1719
2232
2135
1971
2120
2093
1886
2162
2061
2004
2038
2015
2023
2226
2015
2103
1982
2001
1873
2165
2171
2274
2229
2033
2052
1902
2028
1981
1980
2104
2164
1943
2051
1740
1999
1825
1909
2129
1922
2012
2154
2120
2158
2118
2178
2089
2164
1921
2141
2002
2089
2233
2204
1920
1919
2397
2029
2096
2081
2345
2198
1973
2111
1924
1782
1767
2136
2157
1950
1989
1958
1897
1987
1976
2237
2142
2107
2016
2119
2136
2079
1980
2050
1943
1766
1991
1886
2257
2351
2138
2226
2028
2127
1937
1917
2054
2095
2174
1921
2048
1814
2048
2144
2052
2128
2068
1898
1967
2120
2129
2002
1971
2141
2159
1780
2018
1991
2277
1944
2249
2111
2189
2044
1918
2021
2027
2028
1932
2022
2079
2009
1953
1962
1904
2192
1923
1861
2069
1990
1941
2103
2030
1986
2013
2113
1939
2058
2056
1957
2050
1879
2246
1902
1882
1823
2135
1938
2139
2016
2203
2058
2072
1753
1941
1710
1942
2072
2112
1872
2135
2047
1803
1817
2039
2068
2008
2119
1897
1859
2133
2066
1972
1993
1763
1938
1915
1780
2076
2150
2158
1996
2012
1919
1972
1897
1924
2033
1935
2111
1866
1865
2008
2060
1782
1974
1959
1866
1966
2055
2086
1995
1859
2156
2190
1787
1923
1890
2075
1829
2173
2188
2264
2078
2042
1863
1911
2071
1891
2016
2029
2095
1928
2045
1761
2041
1851
1776
2095
1872
2033
2045
2096
1937
1921
2041
1977
1982
1885
2137
1831
1925
2114
1922
1862
1822
2145
2046
2190
2062
2213
2193
2126
1959
2006
2045
2068
2225
2181
1977
2346
2122
1931
2098
2103
2317
2240
2107
2012
2238
2236
2320
2120
2123
2036
2025
2018
1996
2355
2320
2230
2212
2133
2202
1868
2154
2299
2312
2153
2072
2042
1842
2384
2168
2101
2217
2211
1973
2080
2306
2125
2030
2238
2153
2351
1957
2171
2112
2116
1987
2237
2269
2352
2284
2077
2115
2046
2215
2141
2189
2171
2242
2103
2120
1893
2227
2108
1867
2337
2074
2126
2252
2233
2218
2257
2237
2102
2158
2003
2065
2166
2111
2441
2229
2008
1883
2197
2148
2371
2196
2399
2347
2110
2170
2268
2005
1912
2380
2246
2119
2365
2234
1987
2267
2165
2538
2437
2183
2127
2343
2303
2253
2370
2129
2119
1928
2362
2163
2537
2589
2525
2301
2148
2328
2172
2205
2349
2331
2336
2384
2251
2013
2294
2254
2302
2257
2279
2293
2461
2238
2163
2201
2197
2413
2511
2005
2269
2158
2377
2093
2396
2382
2576
2349
2422
2108
2147
2276
2168
2448
2112
2495
2161
2147
2068
2419
2121
1960
2338
2296
2124
2407
2246
2099
2516
2348
2171
2275
2186
2135
2504
2201
2413
2275
2091
1984
2477
2300
2334
2262
1993
1919
1767
1632
1678
1519
1651
1854
1850
1687
2003
1850
1640
1701
1817
1833
1898
1845
1750
1899
1759
1965
1951
1782
1675
1598
1910
1750
1952
2004
1984
1868
1927
2012
1746
1700
1868
1898
1918
2026
1826
1562
1854
1925
1825
1847
1786
1710
1809
1828
1871
1739
1855
1793
1906
1793
1783
1760
1906
1748
1950
2027
2035
1854
1937
1757
1606
1968
1692
1847
1634
1967
1803
1891
1568
1783
1661
1686
1983
1813
1760
1956
1914
1885
1839
1654
1824
1824
1747
1835
1763
1670
1817
1780
1528
1577
2114
1779
1830
1730
2242
2144
2198
1923
2082
1794
1979
2160
2203
1846
2057
2112
2228
2023
1911
2113
2153
2249
1917
2196
2236
2087
2169
1975
1792
1757
2117
1975
2344
2195
2446
2251
2085
2117
1960
2042
1954
2077
2057
2064
1986
1896
2197
2001
1999
2107
2052
1766
1989
2235
2009
1891
2143
2185
2153
1842
2085
2010
2274
1980
2430
2329
2380
2112
2091
2109
1898
2124
1959
2150
2025
2147
2061
2012
1893
2035
2128
1876
2224
2123
2064
2160
2086
2036
2126
2033
1866
2084
2072
1926
2017
2009
2236
1960
1931
1836
2363
2183
2278
2289
2234
1880
1928
1849
2254
1955
1758
2157
2366
1905
2034
2088
2014
1913
1881
2028
2009
1982
2013
1904
2041
2063
1972
2102
1813
1693
2072
1931
2127
2176
2307
2107
1913
1915
1871
1993
1889
2095
2111
2014
1998
1575
2048
1942
1833
2101
1923
1914
2008
1974
1901
2036
1870
2009
2228
1703
1968
1978
2055
1799
2186
2072
2355
2095
2021
2027
2070
1923
2024
1996
2088
2125
1850
1860
2069
2039
1953
2024
2236
1980
1798
2203
2027
2002
2008
2166
1945
2144
1977
2012
2006
2091
2133
1946
2012
1882
2071
1970
2341
2024
1935
1803
1885
1747
1828
1560
1733
1843
1836
1655
1958
1926
1760
1781
1806
2178
2018
1875
1792
1883
1874
1934
1991
1859
1693
1670
1828
1647
2049
1953
2077
1908
1885
1698
1735
1902
1832
1802
1818
1899
1855
1655
2133
2024
1999
1909
1797
1629
1993
2004
tempo: 0.002216