200 200
4803
4191
4497
4448
4113
4277
4017
4474
4247
4176
3963
3991
4006
4279
4269
4044
4526
4361
4211
4149
4385
4392
3756
3823
3755
3983
4252
4293
4042
4377
4591
4168
4695
4102
4514
3957
4125
4298
4155
4392
4067
4185
4386
4516
4251
4639
4359
4057
4374
4454
4130
3537
4260
4633
4491
4026
4254
4676
4321
4083
4241
4375
4364
4421
4535
3926
4196
3876
4450
3976
4469
4319
4254
4247
4046
4262
4304
4501
4253
4183
4382
4224
3964
3782
4474
4460
4516
4089
4273
4445
3780
3968
4229
4194
4739
4243
4589
4319
3903
4218
4300
3825
3953
4167
4315
4582
4190
3986
4350
4046
4219
4657
4750
4340
4307
4417
4415
4486
4301
4180
4025
4424
4577
4452
4253
4009
4097
4157
4362
3814
4186
3998
4464
4251
4429
4175
4418
4670
4350
4024
3988
3998
3958
4357
4419
4783
4515
4163
4060
4039
4598
4072
4340
4226
4689
4222
4227
4476
3895
4099
4600
4317
4356
4609
4331
4325
4440
3814
4476
4324
4037
4091
4200
4730
4653
3928
4352
4005
4122
4200
4306
3866
3801
4071
4163
4038
4133
4372
4353
4337
4384
3959
4358
4476
4600
4437
4384
4129
4270
4210
4110
4068
4200
3947
3716
3940
3868
4119
4065
4218
3660
3809
3982
4080
4047
3858
3930
4020
4267
3747
4139
4031
3386
3405
3504
3737
3847
3922
3654
4111
4166
4179
4051
3768
4187
3855
3624
3857
3609
4018
3814
3932
3837
4285
3889
4314
4020
3615
4072
4250
3892
3643
3764
4431
4136
3722
4202
4086
4117
3813
4043
4257
3972
4085
4179
3804
3979
3749
4286
3738
4126
3844
3928
4308
3908
3828
3923
4206
4151
3778
4024
3947
3795
3744
4245
4289
4156
3897
3736
3948
3706
4197
3832
3868
4429
3932
3968
3877
3742
3950
3809
3704
3671
3853
3988
4255
3997
3770
3974
3778
3742
4446
4279
4133
3991
3982
4113
4042
4076
3817
3857
4038
4210
3845
4043
3674
4070
3696
3802
3766
3836
3813
4017
3888
3938
3755
4146
4434
4321
3911
3807
3658
3796
4158
4152
4659
3970
3943
3772
3784
4146
3856
4047
3808
4261
3836
3786
4100
3856
3905
4428
3953
3798
4225
4061
3925
4066
3258
4007
4077
3849
4082
3578
4326
4305
3615
4116
3933
3572
3950
4131
3753
3724
4099
4030
3809
3902
3692
3999
4052
4013
3712
4027
4087
4419
3860
4176
3850
3886
4011
4536
4302
4128
4162
3978
4173
3984
4328
4156
4199
3804
3755
3977
3950
4088
3958
4564
4187
4414
4092
4129
4176
3668
3764
3679
3790
4041
3917
3691
4360
4245
4369
4493
3944
4277
4192
3690
3986
3860
4123
4029
3968
4212
4509
4068
4621
4334
3986
4294
4540
4001
3697
4203
4467
4023
4007
4197
4566
4251
3604
3992
4040
4234
4297
4293
3750
3741
4063
4318
4179
4185
3947
4064
4321
3972
4279
4474
4423
4094
4135
4323
4544
3911
3878
4308
4558
4115
4306
4173
4578
3827
4180
4227
4152
4551
3909
4270
4148
3924
4218
3903
3854
4303
3991
4136
4452
4015
4004
4385
4082
4057
4328
4237
4260
4206
4254
4307
4306
4145
3982
3836
4116
4483
4445
3837
3717
3919
4370
4054
3731
4102
3879
4222
4098
4110
3978
4323
4744
4307
4087
3892
3791
3622
4079
3975
4473
4356
4171
3991
3779
4222
3919
4083
4178
4421
4207
3954
4197
3878
4057
4502
4143
4105
4458
4479
4142
4441
3790
4441
4055
4069
3773
4210
4310
4655
4027
4139
3999
3877
4143
4455
3765
3834
4127
4076
4217
3918
4138
4257
4374
4255
3780
4142
4459
4593
4089
4278
4014
4189
4055
4003
4167
4039
4003
3886
3887
3974
4271
4082
3957
3629
3894
3846
4009
3720
3993
4214
4141
3893
4078
4211
3946
3580
3615
3650
3704
3937
4097
3659
4106
4234
4008
4130
3613
4006
3966
3604
3960
3790
3927
4168
3554
3790
4171
3818
4546
3989
3523
4169
4280
4219
3575
3985
4046
4004
3687
3973
4126
4233
3649
3908
4072
4224
4250
4086
3943
3885
3682
4191
4153
3915
3685
3746
4023
4128
4041
3985
4194
3857
3791
4174
4092
3724
3729
3935
4461
4029
3958
4065
3995
3649
4055
3576
3862
4466
3941
4121
3804
3658
3823
3738
3697
3969
3712
4035
4159
4110
3825
4066
3924
3994
4150
4132
4091
4109
4170
4151
4219
4196
3680
3660
3869
4215
4221
4087
3646
3999
4046
3855
3770
3850
3593
4180
3939
3950
3686
4159
4132
4196
3933
3743
3912
3823
3925
3845
4347
3853
4026
3744
3731
4254
3800
3836
4033
4093
3920
3934
3995
3597
4059
4310
3974
3741
4327
4146
4083
3809
3572
4095
3855
3812
3833
3737
4199
4665
3844
3842
4024
3949
4001
4163
3887
3578
4062
3821
3622
3794
3966
4305
4091
4134
3540
4034
4317
4279
4046
3954
3901
3828
4193
4372
4133
4014
4012
3891
3849
3470
4070
3842
4288
3549
3860
3699
3791
3807
3768
4154
4116
4007
3730
3777
3518
3434
3649
3582
3794
4017
3984
3538
4177
4252
4138
4174
3525
4007
3927
3561
3780
3852
4007
3709
3735
3794
4090
3790
4112
3879
3833
3959
3944
3811
3488
4026
4345
3774
3860
4118
4152
3992
3714
3772
4156
3949
4312
4193
3720
3713
3554
4129
3831
4118
3831
3785
4062
3884
3974
3967
4130
4045
3839
4006
3976
3577
3913
3781
4296
4039
3674
4114
4089
3762
3844
3940
3639
4362
3664
3953
4135
3475
4055
3803
3705
3713
3684
3993
4001
4126
3714
3843
3617
3632
4253
4078
4162
3806
4013
4003
4035
3931
3658
4072
3926
4122
4156
3770
3598
3749
3791
3875
3458
3762
3702
4132
3943
4196
3732
4097
4325
4153
3801
3952
3808
3738
3924
3804
4200
4079
3851
3715
3742
4135
3849
3731
3874
4153
3901
4027
3703
3581
3693
4214
4066
3831
4335
4034
3910
4215
3481
3970
3933
3810
3534
3744
4110
4497
3776
3978
3916
4006
3937
4071
3675
3621
3757
3844
3707
3887
4021
3759
3931
3950
3809
3826
4180
4212
4083
4091
3692
3970
4006
4327
4347
4331
4285
3976
4343
4108
4658
4285
4104
3880
3789
4058
4033
4029
4419
4510
4103
4370
3973
4291
4185
3926
3931
3737
3959
3977
4061
3568
4186
4403
4373
4473
4137
4533
4007
3819
4019
3972
4367
3896
4054
3933
4505
3967
4507
4295
3892
4160
4316
4213
3681
4366
4548
4199
4056
4195
4551
4082
4012
4009
4212
4232
4272
4500
3981
3917
3955
4430
4402
4141
3832
3870
4327
4240
4278
4036
4349
4117
4134
4394
4567
3790
3948
4481
4742
4243
4018
4185
4312
3772
4196
4190
3923
4807
3953
4263
4318
3840
4152
4079
3861
4062
3983
4098
4511
4469
4039
4180
4141
4135
4470
4384
4339
4153
4183
4170
4319
4508
3826
3984
4286
4596
4438
4032
3836
4036
4262
4045
3973
4024
3905
4302
3816
4046
4001
4590
4497
4135
4139
4167
3891
3966
4266
4081
4630
4190
4136
3969
4022
4387
4092
4195
4010
4399
4205
4096
3804
3814
4187
4436
4307
3989
4535
4527
4220
4407
3839
4240
4102
3906
3942
4271
4597
4669
3879
4092
4365
4140
4241
4176
3857
3765
4205
4165
3913
4081
4053
4219
4339
4322
3903
4321
4439
4498
4323
4207
4081
3980
4362
4529
4564
4009
4445
4237
4394
3971
4312
4066
4417
3878
3964
4294
4124
4168
4054
4549
4368
4734
4146
4435
4314
3840
3914
3881
4229
4144
3971
3920
4309
4446
4596
4430
3949
4481
4340
4059
4111
4299
4328
4342
4134
4332
4587
4151
4589
4460
4020
4162
4489
4256
3759
4382
4532
4307
4231
4532
4517
4370
3836
4086
4784
4394
4164
4424
4019
3996
4207
4648
4171
4435
4092
4184
4387
4252
4284
4145
4613
4092
4205
4190
4525
4152
4025
4584
4631
4575
4312
4171
4467
3850
4326
4607
4196
4768
4154
4403
4396
3985
4382
4031
3917
4023
4085
4453
4565
4578
4033
4246
4081
4383
4644
4387
4528
4181
4194
4355
4385
4453
4108
4236
4509
4802
4494
4220
3976
4079
4197
4087
3908
4228
4068
4399
4150
4484
4021
4358
4741
4429
4209
4132
3884
3950
4294
4061
4825
4328
4150
4145
4092
4481
3919
4067
4589
4567
4289
4206
4185
4093
4222
4713
4196
4210
4726
4516
4298
4473
3757
4162
4123
4274
4023
4033
4562
4739
3986
4481
4324
4259
4189
4317
4130
3894
4125
4111
4269
4028
4323
4331
4477
4423
4052
4195
4764
4473
4361
4391
4176
4360
4363
4346
4126
4396
4039
3876
4130
3853
4129
4228
4104
3889
3820
3946
3971
3888
4029
4480
4323
4235
4098
4441
4185
3818
4072
3466
3896
4056
4132
3737
4246
4244
4377
4417
3997
4367
4303
3982
4041
4067
4239
4081
4117
4120
4206
4107
4596
4102
4038
4299
4287
4296
3670
4269
4576
4300
4072
4238
4502
4018
3940
3938
4340
4326
4289
4201
3891
3878
3639
4405
3911
3963
4141
3940
4318
4015
4308
4307
4316
4032
4128
4078
4380
4052
3771
4456
4278
4069
3976
3847
4298
3844
4283
4308
4037
4555
4180
4222
4118
4137
4223
3961
3528
4007
3985
4101
4209
4380
3895
4316
4009
4119
4418
4304
4386
4128
4090
4315
4367
4120
3762
4066
4051
4612
4172
3965
3712
4024
4066
4046
3721
4038
3876
4164
4105
4287
3876
4363
4602
4380
4106
3893
3651
3793
4202
4126
4612
4227
4132
3993
3901
4560
4024
3895
4116
4381
4138
4417
4101
3993
4022
4364
4218
3936
4588
4462
4084
4299
3647
4274
4126
4104
3973
4053
4581
4400
3766
3988
4121
3860
4192
4338
3710
3843
4111
3992
4070
3855
4159
3999
4386
4196
3792
4297
4531
4351
4250
4299
3911
4064
4049
4225
3874
3900
3904
3610
3847
3777
3982
3820
3868
3706
3854
3784
3693
3781
3833
4203
3951
4043
3899
3921
3783
3494
3619
3701
3800
3649
3767
3830
3869
3933
4046
4378
3792
4189
3958
3675
3612
3629
4054
3618
3863
4028
4213
3909
4207
3746
3782
4004
4221
3811
3378
3966
4239
3894
3885
4099
4340
3941
3515
3647
4051
4169
3954
3974
3844
3437
3574
4231
4060
3766
3583
3705
4010
4130
4077
4116
4092
3955
4078
4153
4227
3641
3628
4267
4138
4168
3882
3612
4155
3545
3998
3932
3643
4114
3817
4013
3980
3611
4131
3853
3418
3713
3688
3937
3982
3977
3751
4198
3967
3706
4193
4188
4271
3889
4006
4107
4245
3909
3481
3683
3906
4187
4166
3578
3697
3897
3946
3768
3652
3902
3724
4011
3783
3937
3798
3897
4367
3926
3914
3746
3446
3431
3662
3942
4309
4003
3839
3616
3879
4016
4059
3910
3736
4166
3750
3847
3714
3594
3719
4459
3959
3904
4291
4235
3934
4185
3636
3988
3740
3734
3710
4039
4234
4478
3716
3897
3925
3795
3948
4138
3566
3528
4115
3850
3760
3834
3815
4036
4245
4298
3465
3783
4304
4020
4007
3853
3717
3653
3831
4364
4371
4282
4361
4039
4070
4012
4132
4215
4220
3686
3696
3959
3968
4071
3937
4289
3977
4224
4176
4333
4187
3680
3825
3785
3949
4123
3928
3619
3952
4309
4318
4162
3749
4274
3985
3625
4100
4068
4406
3862
4096
4036
4318
3939
4516
4235
3883
4454
4421
4141
3965
4281
4711
4114
3991
4208
4384
4169
3805
4242
4334
4368
4190
4412
4047
4101
3847
4314
4045
4250
3883
4160
4422
4088
4278
4048
4259
4062
3913
4295
4280
3778
3894
4477
4401
4253
4122
4045
4239
3979
4201
4100
3728
4716
3906
3978
4031
3647
4329
4037
3820
3808
3825
4261
4368
4206
4167
4200
4065
4148
4183
4321
4159
4040
4333
4213
4312
4357
4137
4227
4278
4360
4132
3890
3675
3915
4068
3938
3733
4146
3973
4194
4021
4199
3935
4212
4484
4188
4126
4138
3912
3813
4145
4003
4670
4164
4064
4101
3893
4382
3997
4076
3921
4329
4009
4041
4239
3953
4008
4640
4035
3943
4481
4477
4008
4111
3631
3931
4044
4109
4244
3697
4322
4500
3840
4135
4168
3885
4035
4119
3712
3900
4216
4112
3911
4029
4144
4219
4408
4281
3712
4076
4631
4512
4284
4111
3804
3902
4170
4283
4078
4163
4074
3814
4043
3915
4273
4006
3868
3369
3801
4049
3882
3873
4011
4292
4064
4181
3951
4018
4046
3438
3794
3745
3687
3994
3881
3642
4043
4488
4204
4243
3909
4123
3780
3631
3955
3865
4006
3755
3812
4008
4214
3900
4289
3961
3846
4012
4012
3808
3640
4150
4256
3944
3796
4024
4154
4104
3935
3859
4005
4041
4052
4170
3652
3851
3739
4053
4078
3935
3744
3847
4161
3982
4037
3976
4148
4128
3774
4175
4146
3781
3724
4080
4566
4272
4003
3908
4453
3749
4247
4019
3894
4416
3705
4170
3990
3748
4118
3781
3746
3618
4034
4146
4106
3793
3719
4074
4001
4087
4131
4196
4359
4268
4109
4025
4365
4112
3811
3801
4132
4322
4297
3897
3680
3791
3997
3745
3709
3925
3729
4090
3800
3852
4012
4150
4259
4040
3914
3876
3607
3547
4102
3802
4438
4083
4040
3983
3917
4321
3970
3926
3860
4294
4003
4001
4151
3629
4053
4293
4113
3963
4362
4445
4020
4140
3789
4333
3928
3793
3863
3854
4276
4256
3675
3831
3956
3972
3983
4134
3676
3571
4232
3954
3842
3780
3863
4126
4086
3996
3862
4160
4507
4101
4126
4062
3642
4038
4107
4687
4359
4180
4474
4113
4294
3766
4287
4060
4432
3956
3816
4042
3972
3966
4154
4547
4274
4448
4106
4278
4009
3823
3866
3781
3839
3861
3977
3562
4114
4239
4528
4287
3992
4242
4196
4085
3967
3813
4258
4059
4024
4169
4583
4048
4429
4357
3956
4153
4475
4066
3719
4214
4501
4088
3948
4125
4515
4429
3863
4179
4372
4137
4158
4273
4019
3754
3886
4248
4192
4151
3854
3961
4378
4152
4318
4432
4352
4108
4195
4323
4384
3880
3910
4424
4662
4433
3952
4163
4183
3942
4407
4231
4140
4656
4090
4372
4163
3842
4127
4082
3930
3888
4072
4297
4297
4453
4003
4322
4309
3831
4567
4640
4594
4155
4166
4354
4511
4086
3933
4117
4239
4382
4505
4026
3703
3951
4339
4005
3777
3992
4043
4247
4111
4064
3945
4551
4607
4242
4010
3812
3981
3763
4322
4097
4612
4241
4196
4045
4072
4125
4028
4146
4052
4468
3964
4117
4217
3863
4100
4436
4222
4234
4497
4458
4193
4392
3923
4393
3863
4072
4034
4181
4253
4589
4033
4503
4128
4099
4092
4345
3811
3956
4055
4272
3952
3822
4167
4204
4330
4153
3857
3996
4259
4376
4096
3996
3952
4207
4290
4304
4177
4380
4059
4130
4135
3989
4511
4192
4173
3608
3897
4013
4025
4037
4155
4395
3883
4341
4193
3947
4047
3621
3741
3771
3726
3943
4222
3869
4216
4091
4185
4312
3967
4120
4017
3932
4201
4005
4195
3830
3925
4065
4443
4128
4504
4133
3808
4353
4349
4157
3675
4172
4570
4022
3879
4378
4434
4122
3949
4165
4293
4249
4356
4253
3881
3872
3634
4208
3979
4053
4030
4051
4321
4081
4186
4216
4151
4108
4005
4189
4185
3853
3998
4210
4456
4398
4129
4009
4588
3470
3966
4081
3817
4748
4007
4128
3849
3998
4361
4044
3718
3983
3836
4198
4126
4215
4124
3979
4134
3812
4378
4475
4244
4277
4316
3997
4339
4134
4022
3975
4136
4228
4407
4079
3657
3980
4245
4095
3636
4060
3835
4143
4245
4200
3906
3955
4233
4140
3967
3945
3886
3882
3999
4029
4451
4215
4109
4058
3668
4237
4306
4020
3964
4216
4101
4076
4031
3617
3829
4458
4116
4128
4468
4409
3998
4290
3735
4402
3969
3699
3968
3754
4672
4492
4124
4228
4085
3979
4228
4207
3957
4022
3930
4184
3955
4116
4196
4139
4273
4110
3854
4261
4501
4456
4190
4264
3712
4130
4133
4635
4356
4222
4221
4030
3864
4171
4098
4124
4182
3633
4108
4145
4252
4039
4129
4495
4155
4318
3997
4193
4122
3887
3912
3669
4042
4066
4126
4048
4357
4389
4262
4337
4007
4462
4007
4021
4029
4033
4263
3959
4023
3931
4290
4096
4504
4164
4042
4125
4367
4114
3792
4278
4499
4086
4045
4272
4477
4167
3861
4042
4306
4267
4281
4468
3996
3820
3937
4494
4270
4031
3788
4024
4356
4225
3986
4239
4421
4134
4244
4013
4327
3918
3953
4274
4522
4279
4049
3968
4436
3913
4237
4199
3845
4495
4030
4339
4404
3645
4309
3905
3772
4125
3969
4057
4370
4326
4123
4436
3905
4143
4458
4177
4149
4263
4317
4186
4379
4382
4223
3805
4145
4364
4443
4021
3887
4105
4039
4103
3836
4088
3835
4501
4154
4170
4118
4287
4491
4121
4190
4021
4091
3824
4023
4037
4500
4110
4054
4019
3923
4490
4083
4250
4119
4452
4220
3991
4171
4022
4175
4419
4063
4191
4708
4527
4197
4362
4003
4505
4111
3813
4112
3935
4370
4788
3915
4257
3975
4155
4186
4413
3817
3728
4174
4103
4044
4102
4104
4360
4092
4478
3558
4218
4527
4413
4238
4332
3960
4193
4029
4443
4463
4237
4324
4331
4249
4049
4304
4199
4332
3999
3950
4043
4226
4091
4138
4530
4136
4477
4154
4194
4160
3690
3738
3899
3851
4002
4273
3989
4207
4199
4425
4376
3875
4498
4117
4183
4272
4007
4264
4022
3950
4129
4500
4062
4489
4273
3920
4307
4596
4202
3645
4464
4347
4216
4081
4338
4416
4161
4080
4215
4213
4372
4210
4589
4323
3681
3670
4626
4048
4191
4111
4053
4389
4240
4011
4472
4514
4325
4094
4247
4243
4104
4188
4364
4668
4537
4214
4269
4520
3835
4151
3999
3890
4858
3823
4118
4257
3935
4453
4221
3713
4147
3874
4435
4532
4198
4231
4201
4208
4044
4431
4488
4469
4328
4238
4302
4315
4253
3912
4068
4288
4322
4280
4104
3852
4187
4225
3983
3797
4152
4200
4243
4549
4305
3934
4009
4570
4424
4039
4113
3910
3893
4022
4131
4505
4300
4050
3780
3848
4271
4144
4359
4142
4250
4326
4140
3962
3895
4252
4575
4187
4086
4618
4315
4270
4308
3812
4260
4262
3985
4079
4153
4550
4566
3888
4347
4361
4248
4332
4258
4035
3791
4286
4102
4126
4024
4062
4293
4351
4081
3835
4212
4407
4549
4292
4469
3809
4265
4239
3919
3932
3803
3889
3626
3912
3891
3944
3631
3902
3391
3650
3661
3787
3658
3892
4144
3786
3950
3685
3820
3820
3384
3577
3519
3478
3527
3766
3630
3902
3771
3889
4089
3459
3897
3608
3608
3788
3664
3869
3697
3370
3716
4052
3708
4255
3796
3588
3767
4105
3739
3255
4063
3971
3820
3537
3787
3893
3846
3540
3628
4095
4208
3797
3968
3789
3603
3537
4160
3935
3748
3569
3453
3814
3813
3647
3780
3919
3860
3764
3802
3991
3591
3524
4037
4063
3984
3792
3872
4182
3345
3701
3622
3534
4481
3806
4027
3923
3605
3964
3700
3393
3692
3473
3572
3916
3883
3492
3962
3618
3566
3855
4114
3810
4034
4090
3924
3983
4192
3630
3669
4028
4014
4078
3631
3464
3717
3896
3778
3363
3725
3495
4114
3736
3927
3652
3880
3993
4007
3651
3712
3341
3566
3527
3866
4200
3924
3751
3611
3590
3917
3661
3772
3853
3817
3754
3776
3653
3456
3850
4091
3846
3896
4164
3815
3958
3674
3586
3797
3622
3442
3644
3757
3827
4210
3583
3619
3668
3784
3755
3842
3600
3378
3799
3843
3753
3417
3593
3861
3857
4013
3660
3914
4069
3961
3917
4006
3596
3447
4012
3841
3935
3924
3819
3586
3823
3666
4221
3888
3771
3257
3515
3703
3531
3509
3822
4127
3661
4058
3761
3813
3822
3331
3445
3441
3587
3948
3792
3532
3829
3896
3879
4061
3583
3905
3891
3652
3585
3626
3698
3654
3681
3660
3638
3687
4151
3533
3529
3951
3948
3757
3394
4013
4224
3875
3618
3948
3876
4099
3580
3611
3844
3863
3917
3911
3542
3658
3458
4020
3583
3722
3569
3564
4086
3923
3842
4090
3791
3671
3633
3823
3973
3514
3489
3848
4197
3999
3477
3697
3989
3470
3968
3709
3642
4223
3800
4013
3764
3506
3826
3644
3436
3647
3750
3826
4140
3882
3682
3899
3739
3718
3944
3799
4125
3732
3862
3790
3692
3909
3483
3717
3882
3862
3508
3672
3304
3820
3725
3444
3517
3711
3590
3828
3486
3740
3483
3871
4099
4009
3578
3843
3540
3252
3594
3653
4230
3827
3677
3731
3459
3897
3836
3742
3718
3849
3859
3709
3671
3577
3659
4380
3732
3628
3911
3982
3894
3958
3016
3771
4018
3599
3644
3587
4148
4281
3362
3749
3748
3722
3708
3919
3549
3443
3771
3627
3656
3581
3702
3674
3844
3865
3564
4019
4075
4104
3826
4067
3486
3852
3867
4414
4418
4310
4390
4017
4333
4086
4672
4017
4260
3895
3883
4158
4155
4007
4379
4526
4139
4438
4385
4046
4329
3954
3915
3783
3924
4190
4114
4130
4159
4485
4428
4329
3917
4275
4238
4158
4313
4237
4112
4032
4037
3975
4612
4239
4734
4268
4141
4272
4410
4542
3601
4573
4539
4490
4094
4337
4280
4564
4083
4220
4419
4323
4325
4286
4060
3994
4017
4511
4158
4023
4141
4163
4376
4479
4309
4364
4657
4242
4078
4461
4140
3966
3719
4162
4617
4587
4068
4396
4470
3954
4401
4322
4097
4839
4150
4494
4176
3808
4535
4296
3943
4140
4235
4305
4548
4367
4179
4595
4201
4100
4511
4709
4342
4296
4485
4343
4458
4431
4266
4292
4403
4607
4361
3991
3894
4164
4082
4154
4290
4155
4160
4459
4298
4166
3921
4415
4499
4429
4212
4071
4041
3884
4400
4106
4885
4270
4318
4124
4098
4389
4349
4377
4229
4535
4275
4422
4351
3950
3992
4546
4284
4056
4641
4562
4460
4588
3956
4478
4233
4143
4019
4316
4593
4676
4228
4291
4193
4263
4291
4248
4078
3961
4312
4422
4196
4113
4467
4550
4384
4441
4162
4208
4832
4611
4222
4320
3812
4245
4452
4187
4021
4051
3932
4087
4042
3878
3991
4079
4143
3821
3769
3923
3994
4020
4072
4217
4211
4150
4009
4162
4165
3761
3940
3782
3857
3990
4046
3775
4112
4243
4047
4124
3740
4150
3829
3928
4079
3911
4321
3991
3991
3991
4156
3952
4447
4304
3827
4069
4495
4075
3774
4132
4463
4019
3855
3822
4508
4184
3759
3941
4116
4224
4348
4240
3645
3672
3882
4214
4050
4140
3967
3847
4055
3816
4088
4299
4210
4037
3951
4139
4429
3764
3771
4091
4370
4072
3942
3838
4396
3733
3855
3990
3811
4437
3969
4153
4153
3773
4212
4112
3679
3934
3838
3928
4133
4083
3954
4146
3821
4079
4280
4217
4228
4015
4130
4047
4010
4116
4041
4061
4026
4417
4022
3940
3620
3997
4002
4041
3766
3956
3787
4389
3938
4071
3940
4297
4382
3939
3944
3934
3783
3689
3972
3685
4525
4114
4013
3913
3742
4222
3996
4128
3976
4336
4130
3979
3969
3876
3936
4414
4018
3909
4454
4396
3969
4159
3555
4112
4039
3828
3868
3850
4141
4523
3881
4071
3952
3925
4063
4208
3791
3697
3966
4114
3725
3686
3954
4185
4108
4212
3676
4215
4319
4167
4002
4166
3791
4110
4313
4668
4422
4326
4430
4070
4342
4272
4408
4218
4404
3846
3899
4078
4105
4330
4559
4719
4231
4460
4270
4367
4149
3981
4147
3809
4024
4147
4011
3806
4158
4552
4722
4434
4026
4497
4160
3988
4141
4114
4303
3984
4056
4274
4660
4083
4662
4402
4014
4067
4647
4368
3901
4459
4742
4320
3860
4238
4646
4246
3948
4159
4357
4314
4162
4573
4061
4125
4215
4261
4297
4378
4136
4088
4309
4317
4158
4354
4653
4168
4141
4136
4387
3971
4062
4501
4718
4358
4076
4166
4274
3901
4336
4284
4084
4862
4214
4347
4075
3979
4452
4000
3875
4106
4017
4321
4278
4590
3961
4487
4155
4260
4643
4588
4193
4277
4565
4405
4565
4628
4217
4188
4317
4632
4593
3972
3950
3963
4415
4091
3968
4198
4052
4375
4339
4249
3912
4498
4645
4361
4237
4234
4054
4045
4272
4126
4921
4298
4367
4136
3994
4729
4393
4331
4324
4424
4168
4238
4219
3900
4409
4399
4235
4240
4920
4689
4336
4492
3812
4298
4086
4065
4156
4115
4826
4675
4056
4423
4356
4399
4330
4391
3962
3910
4131
4079
4101
3881
4319
4373
4423
4400
4064
4264
4916
4487
4368
4195
3949
4218
4475
4281
4375
4224
4147
4118
4183
3879
4468
4226
4190
3679
3997
3931
3813
4153
4047
4282
4074
4286
4009
4197
3988
3709
4010
3692
3852
4241
4013
3913
4195
4260
4228
4244
3900
4303
4002
3680
4042
3978
4188
4252
4077
4168
4439
3826
4558
4177
4000
4031
4253
4034
3905
4064
4403
4133
4066
4267
4367
4295
3789
3988
4130
4350
4325
4205
4024
4022
3969
4398
4089
4063
4134
4023
4245
3899
4138
4228
4501
4010
3868
4207
4241
3665
3897
4328
4459
4368
4242
4098
4368
3800
4024
4140
4023
4733
3893
4488
4070
3947
4269
3979
3882
4074
3890
4047
4466
4299
4125
4310
3962
4038
4575
4173
4345
4134
4199
4163
4297
4555
3979
4088
4316
4501
4361
3947
3814
3915
4106
3949
3815
3866
3788
4311
3888
4186
4065
4332
4643
4317
4214
3880
3905
4082
4108
3836
4646
4180
3965
4122
3754
4420
3992
4163
3937
4571
3958
4200
4053
3686
4053
4645
4345
4091
4569
4573
4025
4343
3684
4290
4032
3699
3884
3774
4369
4748
3933
4101
4208
4034
4262
4364
3917
3866
4048
4118
3687
3772
4025
4161
4251
4164
3768
4008
4423
4472
4195
4293
3988
4132
4360
4428
4161
4087
4326
4038
4207
4211
4183
4074
4167
3707
3746
3989
3968
3894
4145
4348
4242
4302
3975
4192
4069
3805
3913
3578
3890
4146
4071
3601
4240
4290
4392
4306
3882
4268
4239
3897
3967
4184
4080
4034
3952
3884
4445
3854
4345
4213
3936
4254
4488
4133
3928
4176
4197
4217
3857
4308
4313
4046
4079
3787
4292
4417
4131
4055
3786
3524
3821
4263
3972
4155
3926
3905
4347
3879
4099
4059
4241
4232
4067
4036
4364
3946
3713
4323
4552
4109
4053
4174
4305
3918
4206
4283
3841
4383
3913
4290
4078
3739
4214
3871
3597
3975
3869
4045
4250
4320
3810
4255
3886
4006
4406
4181
4304
4122
4029
4174
4105
4283
4175
4084
4248
4457
4245
3783
3792
3918
4004
3892
3808
4097
3852
4282
3971
4097
3934
4404
4452
4065
4073
3872
4003
3902
4074
3858
4490
4165
4178
3995
4004
4182
4185
4031
4079
4381
4229
4004
3912
3836
3792
4312
4155
3926
4339
4446
3868
4082
3444
4268
3950
4014
3769
3762
4399
4581
3761
4127
4132
4234
4284
4522
3799
3782
3887
3809
4089
3834
4082
4371
4244
4444
3831
4261
4341
4323
4240
4090
3673
3942
4164
4164
4195
4102
4214
3833
4024
3948
4244
4154
4146
3752
3614
4135
3895
3885
3957
4306
4038
4217
3863
4036
4198
3795
3522
3640
3675
3890
3913
3733
4125
4155
4274
4271
3659
4076
3904
3783
3841
3906
3942
3714
4019
3910
4165
3959
4291
4196
3811
4104
4346
4015
3869
4037
4381
3907
3667
3969
4301
4058
3846
3912
3990
4073
4203
4121
3855
3841
3739
4018
4121
3986
3856
3890
4152
3896
4081
3882
4340
4137
3879
4098
4222
3655
3656
4193
4320
4218
3907
3848
4267
3568
4196
3995
3704
4409
3866
4159
3984
3548
4174
3679
3555
3940
3749
3908
4110
4187
3853
4239
3827
3986
4554
4089
4178
4005
4241
4009
4258
4121
3900
3905
3976
4383
4097
3761
3632
3827
4092
3726
3708
3852
3927
3896
3928
4044
3721
4274
4595
3949
3974
3906
3798
3607
3960
3915
4435
3899
4037
3834
3719
4117
3991
3847
3810
4177
3917
3796
3793
3726
3869
4256
3982
3959
4612
4407
4134
4231
3588
4228
3925
3821
3777
3991
4139
4438
3867
3842
4077
4007
4134
4269
3751
3764
3821
3804
3943
4054
3980
4206
4128
4305
3512
4135
4424
4210
3879
3934
3494
3973
4012
4523
4259
4117
4198
3974
4083
3929
4189
3981
3876
3599
4015
4169
3869
3802
4102
4368
4295
4133
4122
4138
4057
3642
3988
3924
3873
3873
4108
3799
4112
4360
3977
4256
3835
4211
3963
3657
3986
3756
4148
4134
3825
4037
4201
4174
4590
3716
3711
4131
4279
3940
3545
4277
4185
4272
3722
4426
4275
4127
3830
3918
4318
4651
4090
3954
4008
3820
3672
4571
3854
3946
3703
3865
4242
4241
4172
4255
4288
3828
3982
4239
4337
3725
3583
4216
4497
4439
3906
4143
4464
3762
4114
3953
4043
4690
3902
4356
3937
4013
4495
3914
3576
3806
3713
3921
4412
4325
3869
3996
4006
3966
4517
4603
4203
4052
4264
4122
4373
4206
3696
3727
3934
4251
4400
3930
3830
4181
4023
3930
3838
3880
3788
4195
3825
4082
3965
4174
4637
4096
3906
4019
3645
3758
4004
4021
4540
4072
3998
4061
3823
4350
4335
3852
4027
4220
4032
4089
3878
3811
4176
4244
4082
3890
4508
4317
3957
4247
3860
4263
3890
3798
3707
3785
4368
4569
3956
3936
4047
3978
4069
4159
3929
3692
4021
3981
3993
3958
3993
4309
4352
4187
4041
3739
4504
4367
4238
4006
3780
3998
4240
4403
4199
4200
4286
4027
4016
4059
4068
4251
4427
3922
4024
4012
4201
4084
4241
4171
4362
4259
4101
4159
4032
3883
3766
3725
3888
4197
3979
3796
4341
4329
4389
4363
3921
4465
4158
3924
4041
3867
4141
4204
3898
4116
4483
4086
4617
4116
3895
4166
4562
4043
3823
4244
4420
4237
3901
4164
4432
4221
3900
4030
4275
4447
4204
4376
4114
3887
4058
4407
4156
3915
3842
4018
4314
4399
4326
4529
4460
4069
3919
4274
4308
3832
3882
4491
4447
4367
4232
4241
4454
3998
4455
4049
3951
4761
4046
4512
4109
3876
4073
4375
3665
4229
3790
4119
4378
4581
4059
4248
4135
4302
4616
4466
4250
4284
4317
4413
4312
4572
4105
4157
4328
4455
4249
4085
3687
4115
4186
4020
3775
4090
3794
4274
4033
4241
3875
4112
4555
4513
4381
3934
3976
3888
4181
3972
4535
4242
4268
4149
3920
4145
3882
4185
3897
4282
3831
4080
4265
3990
4149
4827
4388
3893
4663
4535
4261
4020
3787
4302
4131
4161
3862
3983
4420
4501
3887
4291
4212
3950
4326
4327
3812
4053
4338
4177
4017
3875
4251
4451
4290
4507
3753
4239
4572
4590
4272
4328
3838
4177
4231
tempo: 35