200 200
3874
3644
3934
3860
3452
3413
3669
3762
3358
3917
3351
3378
3572
3608
3509
3644
3883
3711
3775
3635
3523
3490
3221
3500
3051
3416
3768
3595
3324
3811
3876
3911
3894
3459
3902
3587
3486
3498
3596
3612
3316
3431
3471
4059
3307
3878
3583
3594
3768
3733
3731
3274
3883
3879
3574
3548
3710
3816
3735
3471
3529
3734
3874
3784
4053
3625
3555
3606
3867
3569
3696
3403
3489
3688
3882
3708
3520
4003
3554
3713
3501
3708
3326
3369
3718
3877
3807
3593
3392
3790
3370
3650
3598
3188
3958
3800
3808
3671
3307
3669
3462
3313
3542
3473
3572
3675
3686
3474
3777
3597
3548
3797
3984
3877
3826
4029
3692
3999
3889
3518
3606
3421
3960
3955
3623
3499
3843
3647
3472
3410
3559
3490
3786
3674
3852
3445
3672
4052
3707
3486
3671
3164
3397
3704
3599
4013
3720
3569
3354
3440
3872
3528
3613
3650
3544
3446
3697
3439
3410
3571
3900
3553
3703
4215
3877
3817
3697
3445
3811
3469
3419
3486
3476
3996
4168
3388
3548
3863
3677
3688
3746
3374
3279
3677
3874
3525
3492
3578
3916
3606
3786
3214
3633
3970
3894
3513
3602
3651
3788
3719
4399
4426
4409
4261
4252
4194
4088
4737
4230
4537
3600
3953
4044
4029
4065
4219
4515
4264
4585
4418
4570
4019
3760
4039
3833
3961
4297
4235
3893
4544
4622
4572
4349
4140
4267
4143
4054
4193
4071
4228
4126
4354
4323
4485
4211
4793
4183
3988
4566
4464
4259
4073
4421
4776
4317
4138
4505
4666
4506
4071
4174
4539
4452
4501
4608
3940
4276
3893
4420
4362
4301
4269
4055
4543
4102
4377
4448
4432
4210
3938
4402
4492
3984
4058
4572
4710
4543
4192
4134
4553
4080
4498
4295
4139
4782
4178
4537
4116
3902
4444
3907
3981
4149
4215
4275
4538
4483
4276
4570
4182
4169
4578
4455
4611
4471
4315
4351
4356
4486
4198
4215
4017
4584
4415
4272
4028
4168
4356
4205
3915
4176
4141
4606
4249
4443
3916
4224
4685
4481
4373
4048
3948
3918
4321
4183
4786
4177
4424
4324
3864
4465
4217
4243
4148
4434
4279
4221
4290
3906
4318
4484
4378
4308
4603
4551
4381
4514
3891
4768
4456
4061
4274
3970
4530
4671
4197
4393
4300
4195
4063
4429
3840
3983
4304
4274
4187
4252
4060
4328
4474
4507
4090
4330
4755
4760
4189
4357
4014
4294
4489
4246
3725
4054
4180
3611
3685
3663
4224
3682
3901
3389
3541
3449
3950
3786
3781
4296
3820
4077
3935
3689
3921
3586
3456
3436
3718
3665
3709
3609
3975
4016
4033
3954
3623
3962
3680
3595
3905
3754
3939
3711
3565
3826
4152
3974
4135
3713
3944
3778
3974
3610
3361
4199
4080
3914
3773
3798
3927
3954
3632
3685
4006
3868
3818
4062
3742
3435
3556
4052
3837
3740
3607
3690
3923
4022
3707
4000
4149
4210
3987
3939
4104
3753
3619
4047
3997
4001
3907
3572
4114
3672
4072
3882
3560
4347
3805
4029
4066
3400
4039
3621
3521
3549
3838
3939
3921
4098
3762
3997
3899
3708
4242
3915
3847
3988
3939
3884
4161
3803
3544
3717
3955
3974
4065
3662
3316
3673
3774
3615
3394
3833
3705
3843
3950
3810
3620
3922
3856
4040
3704
3704
3576
3404
3800
4020
4221
3946
3757
3820
3691
3914
3820
3736
3831
4112
3906
3889
3861
3491
3663
4165
3822
3774
4220
4199
3949
3846
3692
3926
3707
3821
3790
3721
4159
4199
3694
3920
4046
3586
3854
3975
3515
3510
3997
3891
3802
3620
3869
3878
3950
3790
3497
4130
4068
4157
3835
3910
3333
3856
3942
4262
3932
3786
3967
3915
3740
3555
3963
3758
3832
3673
3677
3758
3817
3867
3884
4050
3850
3895
3765
3931
3715
3528
3738
3451
3709
3392
3900
3512
3853
3832
4054
4307
3657
4067
3880
3683
3809
3615
4057
3800
3628
4048
4071
3760
4225
3913
3753
3893
4084
3836
3353
4041
4103
3953
3697
4023
4284
3811
3536
3819
4101
4068
3831
3975
3671
3657
3535
4133
3887
3954
3913
3823
3861
3819
3844
4023
4153
3775
3676
3917
3992
3682
3762
4005
4235
4236
3734
3959
4153
3566
3858
3764
3615
4486
3764
3916
3828
3730
4076
3896
3557
3805
3777
3811
4042
4174
4079
3891
3883
3651
4102
4079
4142
3997
4006
4026
4277
4076
3609
3793
3814
4162
4006
3720
3472
3847
3843
3861
3575
3764
3753
4009
3827
3901
3775
3904
4376
3995
3901
3696
3600
3605
3868
3891
4053
4190
3734
3813
3700
3970
3865
3941
3948
3935
3802
3752
3846
3637
4092
4316
3808
3834
4272
4130
3906
4210
3480
4055
3891
3614
3704
3704
4116
4464
3679
3849
3978
3768
3927
3918
3546
3725
3717
3935
3718
3730
3982
3783
3903
3937
3687
3934
4127
4177
4065
4008
3752
3685
4145
4002
3871
3766
3773
3779
3737
3608
3720
3567
3796
3622
3672
3539
3692
3828
3810
4119
3816
3971
3761
3807
3487
3359
3613
3418
3731
3519
3796
3387
3804
3944
3921
3963
3594
3994
3857
3354
3664
3583
3924
3869
3599
3637
4023
3806
4107
3967
3687
3838
3916
3724
3434
3815
4127
3786
3622
4098
3966
3701
3349
3463
4031
3812
3796
3734
3417
3598
3909
4016
4043
3847
3437
3502
3749
3705
3700
3726
3877
3962
3690
3762
4017
3417
3401
3966
3906
3817
3774
3596
4113
3472
3671
4053
3705
4039
3533
3811
3854
3349
3953
3897
3544
3496
3501
3800
4008
3973
3655
3965
3479
3733
4114
3878
3956
3860
3699
3808
3945
3912
3607
3569
3997
4144
4014
3494
3499
3870
3509
3765
3396
3684
3624
4076
3466
3789
3583
4082
4098
3788
3790
3582
3589
3663
3959
3601
4120
3868
3794
3771
3729
4057
3736
3803
3730
3997
3719
3788
3726
3581
3706
4053
3772
3650
4220
4060
3783
3754
3576
3999
3678
3765
3538
3649
4128
4299
3600
3816
3680
3552
3769
3949
3512
3504
3889
3649
3543
3568
3835
3878
3930
4141
3322
3781
4195
4057
3756
3698
3524
3696
3848
4258
4423
4218
4293
3811
4097
3823
4213
4057
4401
3773
3817
3997
4012
3773
3982
4249
3916
4292
3897
4186
4204
3837
3718
3585
3845
4070
3974
3861
4047
4260
4225
4188
3975
4256
3951
3690
4009
3911
4094
3847
3944
3832
4315
4071
4369
4028
3700
4128
4283
4161
3662
4020
4171
4110
3899
3794
4483
4276
3653
4110
4064
4144
3975
4255
4075
4068
3904
4290
4205
4009
3800
3740
4284
4135
4245
3866
4373
4205
3842
4192
4261
3799
3848
4225
4608
4314
3943
4016
4338
3644
4333
4079
3825
4613
3858
4456
4079
3660
4124
4153
3679
3885
3881
4229
4310
4227
4132
4216
4096
4276
4289
4402
4406
3964
4310
4201
4333
4217
3908
3882
4231
4427
4239
3895
3720
3965
4169
3905
3854
3965
3851
4116
4017
3951
3787
4288
4507
4036
4016
3592
3736
3512
4016
3745
4439
4139
3954
3948
3786
4058
3986
4160
4134
4245
3700
4084
4193
3616
3806
4557
4181
4059
4546
4576
4280
4183
3444
4145
4113
3865
3775
3844
4380
4339
3699
3971
4058
3864
3986
4108
3931
3911
4203
4226
3705
3853
4125
4328
4095
4295
3618
3988
4509
4337
4239
4100
3828
3979
4245
4507
4406
4381
4493
4077
4527
4160
4303
4228
4470
3879
3993
4350
4167
3996
4553
4726
4359
4417
4220
4403
4259
4005
4296
3923
4047
4229
4218
3989
4514
4300
4404
4701
4320
4355
4231
4032
4335
4149
4308
4142
4138
4145
4537
4294
4822
4302
4022
4314
4518
4386
4062
4373
4784
4357
4097
4591
4605
4491
4052
4318
4238
4540
4498
4668
4091
4182
4055
4574
4187
4342
4166
4079
4556
4333
4365
4515
4376
4611
4309
4329
4433
3924
4030
4498
4837
4511
4274
4198
4458
4009
4551
4397
3889
4686
4184
4541
4419
4092
4492
4271
4003
4132
4083
4532
4662
4397
4316
4686
4195
4166
4672
4536
4439
4501
4515
4416
4666
4384
4284
4236
4536
4626
4488
4151
3995
4157
4512
4211
3867
4248
4149
4301
4300
4308
4113
4491
4581
4447
4224
4179
4144
3973
4249
4166
4682
4415
4221
4275
4018
4594
4263
4295
4348
4534
4207
4355
4247
3902
4153
4886
4334
4297
4747
4717
4432
4595
3878
4489
4406
4257
4158
4177
4606
4856
3999
4366
4338
4109
4265
4428
4231
3996
4401
4384
3997
4085
4164
4249
4486
4496
3938
4377
4809
4700
4409
4375
3965
4433
4290
4311
4088
4110
4229
4240
3994
4160
4301
4010
3863
3800
3649
4037
4161
3879
4257
4376
4055
4296
4067
4161
4149
3463
3756
3531
3803
3959
4031
3640
4295
4184
4314
4409
3909
4349
4188
3746
4124
3963
4212
4074
3865
3926
4134
3860
4311
4066
3903
4345
4236
4207
3694
4073
4238
3938
3840
4096
4318
4258
3775
4007
4436
4317
3893
4268
3829
3870
3852
4140
4223
4297
3879
4218
4010
4019
4056
4216
4374
4021
3789
4037
4266
3732
3775
4495
4422
4101
4022
3974
4235
3527
4305
4168
3868
4433
3872
4200
4072
3765
4143
3847
3794
4171
3836
4099
4242
4266
3964
4217
3957
3882
4403
4305
4187
4207
4082
4024
4376
4393
3858
4069
4145
4377
4248
3859
3641
3993
3948
3983
3808
3833
3793
4072
3987
4077
3749
4311
4422
4346
4037
3932
3726
3974
4117
3891
4429
3984
3870
4087
3917
4444
4024
4172
4103
4184
4191
3955
3908
3770
4027
4474
4019
3988
4476
4285
4123
4275
3570
4437
4047
3803
3990
3903
4402
4456
4094
4286
4140
3794
3987
4237
3638
3665
3685
4009
3768
4007
3960
4057
4091
4350
3796
3963
4451
4229
4077
4048
3669
4005
4290
4353
4125
4141
3988
4089
3943
3993
4076
4078
4221
3574
4039
3977
3949
4020
4143
4141
4179
4310
4022
4181
4007
3834
3803
3678
3782
3968
4203
3848
4253
4408
4211
4116
3874
4299
3957
3644
4007
3770
4363
3863
3981
4021
4481
4044
4321
4051
4061
4118
4291
4221
3679
3973
4417
4308
3926
4183
4404
4104
3773
3668
4412
4326
3908
4075
3791
3807
3767
4367
4141
4160
3667
3796
4053
4297
3790
3826
4143
4038
4134
4196
4524
3949
3856
4249
4300
4183
4270
3821
4167
3726
4488
3963
3707
4330
4081
4119
3957
3911
4132
3875
3730
3872
3780
4143
4054
4397
4084
4264
3808
3748
4416
4107
4203
4186
4389
4050
4350
4248
3920
3679
4049
4212
4258
3738
3573
4162
4078
3856
3823
4017
3727
4337
4091
3965
3728
4304
4618
4160
3987
3600
3956
3922
4139
3775
4426
3940
3838
4082
3895
4226
4169
4031
4050
4312
4039
4219
3967
3872
4117
4439
3876
3994
4468
4332
3853
4249
3504
4184
4283
3868
4025
3637
4601
4323
4004
4283
4114
3803
4072
4471
4065
3685
4001
3934
3823
3883
4053
4473
3928
4073
3788
4159
4428
4417
3980
4084
3802
3955
4279
4282
4037
4089
4073
3616
3665
3829
4048
3831
3932
3355
3731
3841
3778
3749
3932
4041
3828
4095
4067
3992
4078
3506
3557
3572
3535
3778
3819
3640
4001
3944
3822
4032
3685
4111
3641
3718
3815
3761
3843
3882
3725
3670
4185
3819
4040
3802
4016
3793
4015
3803
3253
4023
4063
3920
3884
3822
4073
3972
3537
3780
4123
3942
3540
4075
3561
3663
3839
4107
3865
3776
3741
3615
3947
3998
3913
3971
4174
3970
3948
3963
3912
3622
3341
4188
4133
4005
3926
3725
4143
3536
4014
4075
3713
4267
3488
3975
3968
3542
4036
3812
3373
3629
3693
4057
3672
3961
3684
3981
3836
3701
4030
4102
4110
4264
3926
3964
4159
3828
3759
3479
4139
4375
4160
3685
3510
3763
3760
3666
3642
3857
3656
3885
3715
3799
3637
4054
4264
3794
3540
3830
3639
3448
3808
3820
4207
3984
3772
3684
3798
3927
3712
3852
3795
4042
3677
3815
4057
3508
3858
4087
3742
3798
4500
4177
3983
3853
3509
3992
3930
3848
3679
3769
4000
4364
3760
3910
3781
3727
3858
4157
3608
3498
3871
3831
3660
3499
3960
3887
3966
3950
3565
3859
4290
3996
3855
3784
3620
3867
3979
4259
4248
4281
4307
4066
4236
3865
4241
3883
4220
3918
3734
4148
4192
3863
4091
4265
4217
4108
4103
4225
4086
3784
3915
3439
3922
3934
4045
3870
4237
4255
4318
4415
4037
4297
4048
3995
4079
4079
4351
4021
3854
4093
4381
4103
4374
4117
4034
4192
4360
4073
3651
4196
4588
4193
4005
4158
4511
4173
3834
4130
4329
4144
4210
4372
3957
3830
3785
4369
3995
3962
4033
4174
4112
3939
4143
4120
4270
4117
4047
4069
4162
3888
3805
4118
4250
4253
4081
4202
4292
3789
4371
4209
4076
4542
4024
4228
4073
4042
4044
3954
3878
3930
3960
4173
4131
4459
3913
4593
4033
4135
4237
4328
4423
4140
4398
4281
4463
4291
3824
3849
4141
4531
4404
4055
3770
4119
4086
4234
3676
4119
3860
4341
4284
4197
3967
4467
4500
4292
4105
3868
3864
3842
4236
4051
4619
4236
4088
4057
4003
4443
3976
4213
4088
4512
4178
4261
3980
3855
4249
4237
4218
3911
4738
4442
4249
4297
3955
4371
4070
3956
3923
4004
4394
4458
4035
4223
4125
3826
4192
4271
3771
3814
4108
4248
4084
4111
4352
4198
3988
4117
3925
4115
4469
4446
4325
4209
3881
4082
4193
4042
4187
4200
4353
3988
4144
3716
4511
3904
4175
3879
3655
3908
3933
3981
3940
4477
4322
4255
4087
4193
3845
3737
3786
3771
3736
3924
4162
3973
4099
4246
4471
4229
4153
4301
4081
3797
3815
3817
4269
3679
4174
4215
4454
4210
4296
4273
4087
4090
4232
4065
3947
4409
4670
4305
3955
4447
4517
4193
3851
3649
4364
4354
4184
4278
3610
4047
3705
4417
4137
4214
3851
4031
4377
4223
4105
4086
4367
4152
3987
4097
4599
4061
3901
4376
4403
4311
4206
3885
4330
3615
4239
4173
3689
4685
3931
4141
3998
3731
4354
3885
3782
3893
3962
4084
4292
4435
4038
4236
4027
3856
4629
4149
4089
4093
4055
4245
4303
4297
3765
3905
3969
4210
4260
3874
3679
4103
4133
4119
3803
3739
3610
4139
4205
4035
3896
4297
4565
4349
4168
3992
3633
3665
4139
4104
4729
4110
4032
4095
3911
4395
4276
4017
4095
4166
4133
4143
3907
3695
3934
4537
4147
4106
4356
4463
4290
4490
3655
4436
3888
4059
3840
4019
4527
4365
4109
4138
4231
3879
4053
4128
3955
3807
4294
4275
3988
4169
4284
4203
4373
4464
3999
4187
4497
4551
4216
4152
3857
4068
4220
4336
4052
4045
4131
3880
4164
3765
4343
4011
3972
3711
3845
4013
3777
3826
4092
4494
3897
4053
3854
4163
4184
3729
3718
3621
4004
4045
4098
3683
4096
4405
4281
4360
3833
4094
4038
3849
3994
3825
4302
3872
3811
3912
4246
4102
4289
4172
3585
4108
4107
4183
3736
3991
4510
4032
3922
3941
4516
4135
3763
4042
4100
4175
4038
4378
3811
3804
3889
4298
4104
4045
3730
3812
4118
4038
3883
4073
4282
4131
4074
4241
4493
3852
3811
4239
4462
4157
4041
4129
4191
3408
4188
4168
4157
4535
3847
4280
4153
3806
4213
3956
3860
3902
3877
3869
4178
4382
4002
4120
3961
3819
4339
4184
4151
4159
4114
3844
4133
4124
3749
3788
4097
4459
4216
4015
3654
3995
4168
3863
3749
3921
3802
4269
3941
4060
3999
4195
4375
4011
3816
3761
3949
3481
4005
4064
4448
4071
3847
3963
3704
4149
4058
4121
3913
4250
3869
4214
4001
3605
3931
4327
3975
4094
4435
4299
4246
4382
3723
4125
4073
3917
3878
3926
4324
4468
3967
4127
3812
3826
3894
4202
3904
3819
3969
4121
3973
4176
4072
4101
4067
3916
3538
4210
4129
4102
4061
4083
3851
4166
4221
4028
3811
3942
3779
3880
3947
3524
4182
3810
3929
3501
3548
3776
3632
3694
3748
4014
3729
3969
3853
3875
3797
3414
3513
3405
3632
3627
3913
3691
3900
3847
4155
3991
3629
4117
3679
3587
3945
3582
3996
3516
3569
4030
4242
3609
4467
3784
3636
3850
3975
3905
3453
3877
4310
3842
3761
3922
4391
3924
3650
3785
3892
3761
3905
4032
3671
3576
3663
3945
4249
3697
3686
3670
4091
3781
3864
3891
4131
3753
3769
3822
3931
3537
3538
3931
4248
4251
3501
3900
3899
3439
4073
3598
3571
4206
3661
3941
3795
3392
3955
3907
3380
3797
3746
3867
3689
3955
3741
3923
3750
3719
3996
4106
4239
4047
4082
3899
3865
3760
3730
3588
3739
4140
3809
3800
3377
3618
3848
3766
3462
3666
3497
3964
3612
3907
3881
3754
4022
3964
3600
3809
3674
3514
3841
3798
4136
3964
3663
3837
3550
3969
3631
3760
3759
4039
3753
3834
3847
3492
3920
4238
3869
3873
4324
4038
3772
3946
3434
4106
3957
3737
3711
3650
4259
4182
3726
4049
3939
3606
3765
3944
3420
3348
3623
4015
3612
3571
3811
3894
4159
3820
3601
3766
4218
4120
3976
4042
3631
3883
3855
4265
4119
4067
3834
4021
3878
3732
4144
3987
4108
3775
3758
4022
3763
3874
3921
4242
4010
4296
3783
4207
3881
3529
3766
3636
3896
3847
3880
3732
4146
4044
4407
4351
3735
4262
3944
3852
3961
3828
4228
3803
4009
4167
4236
3941
4326
3976
3873
3872
4108
3880
3689
4023
4352
3911
3867
4197
4262
4085
3767
3788
4090
4148
4189
4155
3874
3935
3543
4202
4262
3990
3865
3871
4115
3991
4041
4004
4307
4007
3711
4122
4165
3663
3605
4205
4393
4223
3864
3758
4249
3625
4130
3921
3610
4328
3690
4044
3988
3743
4206
4049
3571
3812
3615
4077
4079
4219
3949
4035
3738
3987
4173
4310
4278
3921
4170
4148
4320
4025
3848
3751
4059
4219
4004
3900
3716
3679
3937
3595
3768
3759
3720
3948
3755
4189
3836
4001
4336
4138
4131
3795
3623
3776
3900
4084
4140
4090
3981
3760
3568
4133
3863
3920
3970
4098
4121
3870
3955
3611
4058
4406
4048
3768
4578
4239
4125
4053
3622
4063
3954
3743
3801
3957
4178
4369
3758
3822
4095
4016
3914
4171
3847
3806
4007
3841
3754
3816
3983
4128
4038
4278
3575
4262
4239
4311
4094
4175
3802
3866
3926
3976
4017
3809
3754
3744
4058
3782
4252
4012
3866
3468
3562
3676
3716
3784
3842
4162
3890
4042
3837
3992
3710
3461
3544
3509
3647
3771
3807
3548
3992
3955
3923
4144
3806
4023
3631
3727
4014
3640
3915
3845
3686
3831
4191
3719
4241
3827
3531
4009
4069
3809
3269
3983
3996
3936
3640
4016
3900
3924
3663
3809
3982
3855
3899
4086
3651
3776
3515
4014
3993
3771
3866
3683
3985
3835
4135
4060
4128
3705
3802
3962
4043
3777
3731
3676
4326
4217
3723
3753
4108
3675
3751
3787
3842
4315
3651
4040
3887
3489
3925
3594
3558
3766
3789
4087
4157
3997
3887
3904
3729
3947
4083
3986
4099
3958
4034
4029
4157
3787
3469
3647
3778
4167
3964
3937
3455
3863
4060
3855
3696
3805
3721
4003
3869
3884
3850
4075
4265
3887
3734
3743
3556
3534
3851
3544
4535
4146
3914
3877
3670
3964
3849
3879
3948
3835
3781
3919
3583
3644
4062
4215
3902
3925
3943
4046
4042
3938
3703
4039
3836
3661
3543
3735
4078
4409
3681
3777
3893
3839
3777
3840
3718
3557
3888
3973
3764
3823
3791
3934
3976
4062
3648
3853
4164
4292
3913
3888
3747
3831
4096
4304
4105
4219
4081
3799
3923
3834
4258
3930
4312
3794
3741
3847
3924
3698
4216
4184
4252
4289
4075
4138
4055
3864
3650
3750
3768
3840
3941
3504
4116
4290
4151
4178
3815
4208
4081
3979
3981
3866
4153
4058
4130
3913
4306
4138
4492
4383
3862
4126
4115
4006
3794
4256
4444
4067
4003
4136
4315
4162
3896
4003
4158
4233
4386
4114
3841
3922
3810
4390
4210
4083
3856
3827
3981
4110
4207
4091
4158
4283
4046
4216
4192
3700
3728
4400
4219
3993
3915
3697
4286
3691
4123
4118
3857
4401
3969
4360
4051
3825
4185
4207
3444
3685
3503
4163
4069
4136
4068
4280
3853
3747
4299
4476
4343
4209
4150
4214
4327
4073
3888
3906
4167
4316
4171
3766
3618
3903
3972
3853
3652
3878
3897
4001
3853
4225
3613
4112
4674
4233
4176
3749
3761
3596
4073
4151
4199
4084
4129
3919
3756
4125
3979
3913
3828
4352
3980
4024
4109
3634
3920
4347
4255
3718
4549
4220
4180
4007
3588
3966
4096
4058
3979
4046
4346
4456
3848
3968
4107
3799
4034
4204
3988
3987
4108
4167
3814
3918
4274
4006
3976
4315
3627
4184
4297
4275
4203
4092
3794
3853
4106
4312
4392
4030
3831
4011
4016
4138
4245
4014
3946
3596
3808
3955
4025
3910
4128
4322
4183
4257
3997
4115
4127
3797
3753
3673
3836
3981
4015
3700
4022
4155
4130
4056
3581
4198
4107
3856
3921
3766
4128
3963
3672
3904
4334
3920
4603
3957
3902
4358
4387
4061
3517
4147
4141
3955
3915
4139
4409
4055
3566
3878
4239
4238
4154
4333
3818
3609
3901
4301
4062
4028
3755
3898
4169
4264
3849
4389
4529
3963
3948
3956
4308
3927
3741
4099
4214
4298
4131
4146
4316
3689
4144
4092
3884
4523
4040
4020
4085
3842
4264
3987
3813
3883
3765
4019
4277
4295
4020
4204
3918
3940
4414
4202
3932
4106
4215
4210
4237
4190
3854
3983
4113
4228
4211
3828
3700
3933
3908
3764
3908
4108
4005
4101
4059
4260
3722
4361
4232
4323
3953
3743
3849
3752
4355
4044
4542
4324
4287
3866
3716
4177
4149
4052
4168
4238
3963
4221
4075
3728
4140
4432
4038
4006
4494
4310
4043
4028
3664
4100
4126
3945
3843
3968
4463
4417
3908
4066
4036
3806
4205
4453
3726
3772
3972
3825
4039
3703
4117
4040
3975
4252
3739
4069
4398
4210
4050
3979
3787
4025
4099
4219
3963
3691
3885
3610
3797
3629
4026
3688
3956
3302
3548
3634
3845
3594
3676
3880
3763
4034
3826
3770
3690
3556
3385
3459
3596
3774
3536
3329
3888
4084
3905
3903
3548
3979
3686
3610
3717
3476
4015
3753
3555
3537
3977
3737
4175
3733
3509
3941
4099
3957
3413
3887
3926
3900
3691
3689
4158
3969
3484
3704
3996
4083
3923
4026
3866
3519
3480
4082
3730
3696
3561
3661
3712
3764
3811
3912
4351
3713
3803
3827
3977
3556
3784
3863
4188
4038
3656
3794
3972
3586
3817
3685
3655
4304
3673
3959
3786
3420
3945
3387
3534
3696
3752
3686
3802
4182
3762
3923
3904
3836
4112
4107
3981
3983
3909
4042
4076
3926
3574
3834
3814
4157
3979
3727
3522
3698
3692
3816
3698
3639
3842
3826
3833
3757
3675
3872
4055
3795
3616
3645
3540
3490
3822
3644
4209
3723
3736
3721
3781
3992
3573
3748
3764
4059
3788
3800
3876
3277
3724
4046
3571
3748
4146
3975
3865
3953
3491
3935
3689
3580
3575
3793
3930
4217
3525
3949
3874
4026
3831
3733
3668
3462
3782
3663
3789
3529
3739
3943
3977
3955
3462
3572
4142
4145
3764
3917
3607
3976
4027
4316
4307
4118
4284
3902
3919
3959
4289
3815
4039
3615
3868
4071
3986
4005
4004
4118
4061
4322
4141
4131
3986
3354
3824
3623
3811
4094
3875
3684
4090
4333
4339
3991
3799
4125
4073
3795
3847
3959
4250
3951
3743
4058
4357
3957
4289
3856
3856
4086
4380
4056
3458
4023
4453
4017
3864
4363
4168
4191
3750
3916
4535
4185
4157
4229
3962
3855
3716
3894
3921
4161
3900
4041
4086
4053
3884
4212
4506
4062
4089
4150
4071
3696
3699
4227
4556
3977
3999
4117
4137
3486
3945
3982
3842
4429
3796
4090
3948
3754
4130
3660
3899
3986
3960
4225
3947
4228
3877
4008
3936
3675
4264
4382
4229
4237
4114
3971
4280
4172
3875
3874
4062
4150
4391
3974
3659
3810
4052
3929
3731
3684
3899
4180
4142
4201
3853
4161
4368
4240
3926
3806
3785
3825
4106
3993
4260
4025
3957
3884
3945
4222
4145
3925
3953
4253
4022
3848
3994
3593
3984
4171
4126
4089
4351
4218
4048
4279
3584
4244
3796
3774
3864
3863
4393
4587
3937
4177
4211
3844
3830
4452
3805
3647
3646
4055
3937
4196
3860
3998
4110
3987
3894
4184
4388
4476
4289
3992
3842
4140
4116
4313
4386
4428
4314
3830
4001
4095
4419
4299
4210
3822
4032
4120
3828
3704
4128
4423
4164
4227
4171
4372
3983
3674
4064
3846
3649
3945
4088
3899
4273
4211
4364
4460
4160
4384
4080
3896
4221
3772
4240
4048
4056
3884
4304
4105
4513
4060
3942
4227
4336
4116
3869
4469
4378
4118
4172
4219
4217
4293
3755
4158
4173
4389
4253
4262
3812
3988
4021
4488
3951
4065
3922
3646
4302
4204
4190
4326
4286
4376
4038
3985
4496
4011
4071
4374
4764
4234
4022
3992
4420
3768
4337
4178
3982
4535
4022
4482
4250
3878
4300
4128
3785
4243
3962
4014
4569
3967
3855
4257
4209
3942
4409
4433
4347
4092
4351
4196
4458
4318
3996
3971
4098
4385
4099
4177
3693
4076
4192
4095
3920
3937
3657
4520
4145
4183
4174
4642
4311
4341
4061
4180
3841
3857
3891
4067
4713
4166
4038
4116
3936
4664
4011
4008
4150
4458
4199
4240
3985
4052
4121
4785
4105
4184
4535
4442
4233
4264
3748
4324
4217
3946
4061
3935
4408
4858
3998
4132
4315
4166
4257
4251
3735
3887
4133
4222
3785
3999
4293
4071
4289
4307
4027
4172
4345
4515
4020
4394
3884
4120
4185
4362
4381
4197
4319
4109
3906
3956
4188
3851
3992
3644
3761
3957
3937
4027
3967
4317
4090
4296
3953
3967
3899
3716
3815
3677
3722
3894
3928
3837
4096
4205
4425
4425
3588
4374
3934
3868
3954
3949
4298
4076
4041
4201
4419
3976
4392
4184
3941
4230
4349
4236
3602
4328
4660
4317
4020
4236
4429
4249
3670
3863
4209
4142
3962
4289
3799
3825
3881
4121
4101
4110
3973
3885
4191
3975
4349
4371
4329
4046
4167
3954
4230
3882
3859
4049
4477
4522
4060
3940
4549
3893
4190
4280
3858
4529
4051
4284
4171
3780
4314
3747
3824
4050
3950
4109
4534
4358
4114
4373
3908
3989
4397
4180
4280
4061
4255
4287
4474
4298
4155
4362
4257
4428
4471
3781
3783
3854
4101
4016
3857
3889
4027
4287
3893
4244
4172
4382
4450
3955
4239
4117
3908
3862
4404
4060
4526
4295
3951
4047
3959
4357
3986
4138
4164
4260
4098
4174
3988
3961
4090
4558
4008
4156
4657
4416
4450
4481
3743
4268
4036
3864
3707
4090
4154
4549
3901
4116
4213
4184
4208
4413
3831
3757
3800
3964
4071
3960
4173
3938
4327
4453
3793
4258
4389
4606
4011
4255
3919
4235
4300
3873
3946
4006
3982
3734
3793
3669
3824
3792
4044
3334
3378
3756
3858
3575
3707
3977
3722
4005
3552
3790
3838
3618
3769
3313
3531
3890
3613
3529
3878
3989
3839
4087
3599
3908
3926
3626
3675
3787
3698
3601
3646
3789
4211
3577
4037
3770
3786
3785
4084
3900
3531
4114
4034
3765
3536
3853
3949
3982
3649
3741
3873
3946
3863
4024
3689
3668
3588
4022
3617
3727
3639
3640
4044
3814
3801
3852
4326
3728
3534
3953
3770
3725
3369
3945
4190
4076
3606
3722
3912
3397
3843
3800
3432
4262
3757
4000
3733
3619
4033
3741
3380
3508
3817
3973
3864
3996
3657
3931
3818
3762
4158
3999
4101
3809
3914
3960
4177
4102
3774
3686
3874
4140
4015
3850
3505
3798
3685
3651
3402
3749
3627
3809
3699
3863
3734
3824
4022
4107
3770
3638
3487
3497
3785
3653
4045
3956
3786
3520
3588
3975
3617
3774
3829
4025
3671
3728
3907
3447
3611
4190
3985
3834
4266
4070
3876
3835
3409
3918
3561
3674
3581
3683
4195
4254
3758
3834
3837
3602
3750
3869
3840
3403
3843
3813
3381
3587
3857
4098
3857
3967
3362
3881
4203
4034
4009
3920
3638
3680
3828
4372
4246
4186
4120
4189
4096
3915
4298
4120
4239
3822
3856
4218
4259
3795
4330
4373
4313
4243
3999
4040
4337
3944
3622
3797
4062
3885
3909
3773
4396
4202
4299
4420
3860
4326
4015
3971
4139
4215
4311
4143
3779
4048
4319
4056
4529
4210
3735
4071
4350
4081
3519
4302
4526
4182
3848
4187
4379
4090
3961
4216
4146
4025
4297
4415
4071
3628
3664
4295
4072
4041
3826
4213
4157
4292
4231
4215
4281
4208
3996
4080
4111
3805
3799
4346
4533
4249
4080
4090
4289
3969
4158
4009
4003
4714
4039
4184
4102
3942
4170
4087
3622
4012
3984
4211
4261
4332
3924
4427
3932
3962
4299
4400
4191
4152
4294
4292
4430
4217
3973
3957
4319
4474
4444
4086
3833
3730
4106
3882
3933
4232
3804
4020
4044
4163
3824
4335
4242
4190
4290
4134
3673
3943
4180
4100
4497
4078
4124
4044
3668
4372
4033
4065
4201
4387
4331
4113
4145
3892
4179
4456
4211
3909
4568
4340
4023
4225
3817
4105
3998
3980
3861
3986
4429
4372
3912
4203
4206
3789
4178
4269
3920
3895
3982
4138
3949
3976
4072
4192
4094
4156
3782
4236
4303
4232
4401
4273
3646
4002
4313
4049
4013
4008
4018
3770
4042
3683
4254
3965
3964
3456
3606
3755
3687
3846
3908
4065
3586
4176
3984
3737
3752
3665
3747
3374
3728
3733
3755
3504
4002
3994
4122
4048
3610
4004
3700
3553
3822
3774
4001
3667
3794
3854
4188
3730
4273
4083
3722
4036
4039
3730
3600
4296
4256
3799
3705
4029
3979
4130
3645
3744
3993
3944
4040
4004
3788
3694
3587
4172
3859
3629
3740
3715
4227
3967
3753
3923
4234
3839
3839
3915
4148
3650
3591
3926
4370
4238
3742
3891
4122
3305
3892
3930
3778
4541
3834
3977
4059
3468
4146
3861
3314
3636
3796
3940
4086
4098
3950
4151
3815
3568
4164
4046
3955
3885
4007
4042
4065
4170
3570
3996
4161
4051
3858
3643
3630
3868
3927
3917
3502
3667
3926
4062
3890
3753
3635
3977
4303
4035
3761
3780
3329
3391
3841
3772
4307
4052
3796
3825
3459
3939
4031
3781
3999
4123
4059
3922
4059
3668
3805
4243
4002
3963
4322
4060
4000
4054
3403
3983
3954
3467
3720
3908
4337
4439
3558
3746
3836
3749
3906
3996
3776
3617
3751
4184
3971
3490
3784
3804
4057
4152
3586
3815
4024
4214
3963
4127
3528
3791
4002
tempo: 133