100 100
2053
2263
2038
2077
1998
1944
2293
1855
1877
1894
2261
1865
2205
2036
1820
2140
2220
1958
1993
1924
2078
2071
2291
2402
2099
2576
2309
2117
2214
2038
2299
2213
2181
2303
2399
2283
2405
2482
2287
2256
2223
2091
2304
2094
1944
2184
2520
2295
2251
2285
2283
2471
2270
2367
2256
2333
2477
2046
2137
2157
2526
1948
2438
2100
2108
2236
2045
2056
2249
2201
2299
2294
2250
2214
2260
2150
2086
2074
2203
2218
2350
2321
2176
2216
2089
2266
1934
2105
2233
2299
2120
2158
2094
1956
2118
2164
2188
2488
2183
2335
2060
1916
1898
2061
2034
2112
2236
2020
1949
2090
2065
2255
2145
2138
2098
2116
2309
2133
1987
2102
2021
2053
1980
2350
1925
2275
2122
1995
1933
1781
2031
1922
2050
2061
2303
2163
2109
2035
2212
2024
2255
2073
2096
1876
1975
2003
2347
2030
2012
2170
2091
2253
1980
2152
1911
1997
2146
1883
1974
1969
2199
1823
2211
1998
1780
2068
1933
1833
1927
2054
2068
2030
1848
1971
1992
2043
1826
1908
1805
2017
2207
2156
2162
1951
1825
1930
1656
1990
1792
2066
1950
1893
2003
1998
2062
2023
1978
2140
2034
2022
2216
1904
1912
2225
1919
2196
2244
2135
1885
2157
2070
2435
2189
2127
2176
2302
2412
1996
1888
2273
2017
2255
2114
2235
2221
2356
2279
2041
2288
1989
2220
2142
2049
2250
2271
2228
2276
2153
2326
2289
2126
1915
2242
2021
2003
2111
2269
2229
2163
2357
2236
2470
2217
2165
2045
2174
2379
2066
2125
2070
2394
1851
2271
2038
2000
2163
2081
1958
2334
2124
2149
1998
2214
2001
2229
2020
1959
2057
1909
2160
2236
2044
2199
1979
1988
1958
1777
2050
1915
2056
2090
2005
1906
1952
2069
2124
1993
2433
2222
2335
2063
1712
1804
1908
1758
2042
2044
1736
1858
2039
2019
2103
1947
2049
2036
2245
2140
1813
1763
2151
1944
1894
2045
2086
1936
2129
2068
1854
1956
1777
1888
1783
1860
2033
2211
1972
2031
1992
2019
2005
2049
1871
2150
1971
1732
2012
1961
1958
1975
2002
1883
2221
1995
1851
1933
2002
2133
1711
1917
1963
2147
2104
1905
1734
1836
1956
1945
1648
1790
1950
1806
1835
1826
1934
1919
2020
2000
1607
1726
1702
1909
1790
1741
1844
1945
1811
1917
1913
1975
1857
1821
1760
1880
1713
1713
1757
1898
2043
1811
2008
1964
2063
1854
1764
1841
1812
1900
1680
1880
1801
1963
1665
1942
1950
1694
1798
1783
1705
1854
1743
1908
1814
1687
1757
1743
1792
1711
1755
1593
1838
1983
1822
1944
1820
1733
1713
1603
1965
1716
1721
1864
1724
1847
1594
1871
1770
1855
2069
1792
1804
1969
1892
1696
2058
1922
1981
2050
1962
1762
2164
2100
2134
2150
1923
1915
2093
2238
1878
1791
1919
1927
1932
1745
2331
1913
2290
2014
2028
1889
1714
2073
1907
1839
2033
1918
2043
2080
2034
2062
1865
2102
1938
1918
1957
1783
1968
2143
1955
1884
2057
2284
2216
1964
1993
1789
2010
2199
1741
1858
1886
1992
1785
2178
1838
1635
1997
1893
1811
1845
2103
2111
1936
1945
1970
1899
1959
1820
1666
1755
2063
2022
2167
1933
1824
1729
1946
1745
2152
1972
2045
1719
1852
1780
1624
2010
2033
1844
2208
1826
2059
2036
1877
1992
2054
1891
2017
2058
1760
1932
2305
2042
2253
2135
2027
1977
2016
2351
2018
1966
2089
2147
2342
2068
2426
1929
2422
2146
1973
2045
1969
2130
1886
2118
2199
2146
2118
2072
1892
2124
2029
2021
1894
2099
2041
1858
2042
2161
2119
1939
2158
1957
2330
1996
2084
1856
2209
2087
1930
2148
1671
2055
1681
2040
1846
1786
2140
2028
1890
1929
1941
2066
2150
1942
2009
1880
2057
1950
1913
1867
1949
2035
2244
2184
1965
1819
2106
1803
2059
1945
2077
1969
1997
2016
2064
2114
1969
1898
2345
2044
2160
2206
2098
2090
2300
2210
2221
2282
2140
1921
2368
2316
2375
2327
2180
2231
2390
2484
1994
2006
2272
2189
2270
2155
2527
2113
2532
2318
2195
2212
1876
2242
2114
2250
2260
2218
2175
2223
2239
2222
2145
2478
2169
2239
2170
2016
2117
2359
2239
2213
2373
2193
2345
2211
2301
2145
1897
2359
1927
2043
2005
2195
1875
2474
2103
1972
2075
2130
1988
2103
2210
2222
2117
2166
2054
2057
2146
2097
2091
1793
2278
2357
2187
2205
2115
1926
2076
2017
2177
2093
2075
2171
2005
2059
2007
2372
2273
2240
2302
2108
2286
2186
1972
1946
2119
1955
2189
2381
2089
1900
2234
2153
2322
2139
2148
2228
2288
2391
1983
2145
2249
1953
2274
2221
2359
2165
2403
2255
2059
1957
1809
1987
1975
2191
2224
2260
2113
2227
2181
2264
2118
2298
2033
2252
2121
1997
2215
2342
2192
2097
2274
2141
2233
2203
2095
2127
2156
2351
1919
2171
1975
2192
1816
2308
1866
1889
2060
1979
1993
2105
1941
2210
2025
1944
2033
1950
1988
2026
1934
1908
2114
2291
2115
2141
2093
1859
2043
1891
2124
1987
2067
2090
1958
2122
1949
2092
2012
2016
2396
2021
2197
2052
1618
1685
1811
1751
1881
1832
1737
1698
2049
1952
2029
2017
1707
1955
1920
2086
1812
1754
2012
1977
1997
1809
2164
1759
2067
2050
1733
1713
1690
1987
1767
1842
1828
1934
1891
1874
1938
2028
1775
1926
1747
1945
1844
1767
1962
1877
2054
1657
1978
1933
2056
1908
1761
1917
1841
2037
1625
1934
1720
2069
1592
2018
1765
1667
1891
1870
1620
1850
1850
1865
1797
1783
1701
1772
1800
1722
1636
1681
1841
2016
1897
1890
1827
1580
1791
1679
1702
1684
1912
1704
1833
1823
1851
1920
1813
1689
1994
1878
1883
2382
2162
2192
2143
2122
2566
2301
2278
2337
2411
2461
2645
2484
2509
2233
2512
2544
2242
2213
2358
2189
2301
2185
2724
2103
2467
2523
2256
2279
2078
2138
2306
2350
2510
2567
2283
2454
2311
2482
2267
2360
2158
2329
2099
2146
2240
2398
2331
2205
2395
2509
2655
2391
2514
2142
2239
2535
2168
2315
2288
2520
2217
2304
2251
2187
2252
2317
1964
2301
2323
2431
2305
2168
2233
2335
2214
2116
2089
2218
2270
2518
2421
2329
2300
1993
2364
2055
2332
2072
2390
2207
2259
2259
2225
2336
2355
2113
2399
2302
2506
2144
1927
1869
2073
1872
2092
2077
1898
1880
1990
2000
2182
2160
2004
2133
2122
2159
1988
1878
2071
2022
2001
2014
2159
2122
2370
2143
1963
1987
1858
2022
1784
2024
1990
2225
1894
2049
2036
1934
1973
2006
1906
2184
1960
1853
1848
2195
2033
1997
2181
1921
2263
2187
2045
2016
2054
2304
1678
1918
1887
2158
1711
2033
1764
1780
2001
1910
1839
1947
1903
2020
1870
1952
1932
1803
2031
1879
1815
1804
2168
2124
2222
2079
2006
1781
2058
1817
2061
1935
2151
1906
2084
1939
1847
1860
1907
1803
2204
1913
2096
2108
1898
1925
2049
2004
2178
2105
1849
2040
2131
2137
2290
2214
2126
2118
2150
2369
2032
1963
2148
2139
2110
2061
2465
2051
2458
2323
2024
2112
1945
2131
2075
2016
2273
2308
2219
2098
1973
2231
2016
1996
1989
2171
2009
1922
2126
2311
2172
2052
2325
2159
2419
2061
2086
2095
2175
2305
2060
2127
2034
2408
1826
2219
1940
1821
2259
2147
1774
2242
2080
2103
2114
2031
2008
1957
2075
1975
1917
1990
2026
2100
2277
2228
2128
2068
1941
2001
2069
1813
2180
1934
1999
1948
1997
2048
2063
1939
2327
2137
2208
tempo: 0.051425