200 200
3931
3826
3889
3669
4247
3608
3910
3793
3964
3828
3616
4006
4043
4051
4232
3963
4076
3979
3997
4081
4331
3928
4156
3890
4162
4020
3572
3948
3646
4217
3838
4347
3629
4141
3621
3929
3900
3985
4236
4019
4020
3878
3977
4213
3872
4154
4008
3785
3960
3970
3996
4140
4403
3528
4111
3999
4155
3924
3918
4081
4264
4117
3475
3590
3874
4114
4044
4046
4058
3841
4197
3835
3700
3787
4447
3917
4511
3794
4073
4397
4201
4005
4119
3700
4221
3995
3654
3843
4384
3920
3786
3741
3773
4368
4001
4117
3854
3820
4611
4040
4086
4309
3887
3626
4066
3896
3983
3630
3598
4108
3890
3816
3896
3843
4005
4279
3895
4233
3621
3803
3937
4240
3614
3743
3956
4013
4044
4150
3743
4034
3991
4127
4010
3880
4253
3529
3832
4069
3890
3579
3733
4151
3839
4250
3835
4094
3565
4028
3909
3817
3943
3715
3742
4076
4142
3882
4012
3800
3665
3962
3909
3859
4253
3814
3779
4087
3761
4144
4231
4477
3922
3957
4061
4080
3852
4122
4212
3965
3688
4110
4091
3975
3640
3811
4164
3841
4261
4078
3781
3887
3900
3744
4026
3903
4137
4053
3518
3665
3928
4349
3874
3860
3781
3761
4232
3728
3962
3914
3859
3826
3478
4129
3806
3806
4207
3948
4074
4039
4127
4100
3996
3941
4041
3711
3846
3887
3569
3974
3424
3815
3783
4241
3889
3899
3766
3813
3718
3922
4111
3985
3865
3569
3738
3958
3992
3859
3641
3192
3879
3679
4110
3930
4133
3549
4235
3831
4177
3689
4003
4108
4054
3624
3480
3793
3831
4000
3946
4067
4022
3726
4086
3594
3364
3665
4313
3972
4390
3714
3725
4526
4218
3722
4051
3755
4230
3698
3521
3774
4105
3947
3790
3647
3452
4321
3940
4144
3628
4127
4170
3938
3834
4040
3814
3426
4030
4185
3802
4088
3605
3814
3726
3609
3855
3790
3788
4106
3924
3841
3477
3566
3828
4009
3761
3676
3577
4080
3785
4202
3556
3952
4068
4061
3925
3610
4150
3451
3646
3975
3697
3468
3577
3857
3848
3965
3895
4095
3768
3553
3861
3900
3908
3685
3751
3932
3644
3883
3975
3743
3389
3608
3489
3760
4021
3983
3601
4045
3576
4302
4158
4114
4073
3849
3934
3638
3599
4044
4186
3686
3755
4115
3910
3818
3519
3977
4060
3807
4283
3877
3514
3628
3689
3709
3937
3726
3756
3870
3526
3456
3693
4287
4076
4052
4105
3872
4306
3511
4146
4150
4001
3840
3847
4209
3961
4152
4441
3930
4341
4243
4152
4251
4209
4162
4088
3778
4197
3823
3855
4247
3867
3929
4009
4268
3874
4171
3554
3744
3931
4088
4265
4232
4043
3688
3920
4239
4138
4151
3992
3735
3787
4096
3906
4008
4277
3431
4212
4109
4067
3908
4130
3975
4183
3903
3520
3718
4275
4315
4146
4183
4058
3854
4184
3858
3730
3887
4266
3885
4312
3936
4022
4549
4237
3914
3975
4000
4511
3957
3948
3932
4519
4061
3992
3884
3890
4392
4243
4301
3992
3938
4411
4054
3998
4183
4120
3652
4080
4065
4073
3819
4089
4012
3994
3690
4054
3894
4023
4290
4028
4296
3634
3903
3973
4424
3683
3786
3866
4141
4014
4319
3715
4128
4017
4117
3909
3981
4386
3863
3880
4014
3884
3576
3921
3898
3721
4196
3951
4213
3677
3784
3995
3814
4121
3727
3827
4186
4165
4131
4076
3956
3780
3804
3679
3923
4096
4323
4086
4357
3740
4423
4166
4263
3856
3894
4119
4135
3789
4232
4552
3962
3655
4217
3943
4026
4007
3834
4284
3887
4290
3773
3937
3769
3737
3802
4197
4031
3978
4018
3593
3892
3870
4369
4525
4610
4503
4366
4961
4051
4680
4545
4583
4542
4155
4610
4580
4473
4700
4615
4972
4602
4685
4793
4964
4496
4582
4332
4798
4504
4191
4519
4050
4665
4637
4852
4374
4748
4236
4611
4247
4435
4633
4581
4688
4317
4412
4796
4604
4572
4423
4140
4704
4427
4630
4861
4790
3790
4698
4450
4825
4537
4203
4770
4911
4532
4006
4094
4463
4922
4690
4652
4671
4344
4520
4602
4268
4435
4909
4745
4817
4485
4323
5248
4576
4389
4681
4293
4822
4591
4215
4648
5219
4654
4305
4413
4383
4969
4813
5022
4900
4296
5110
4505
4699
4717
4474
4132
4707
4429
4407
4396
4362
4683
4404
4145
4359
4390
4269
4955
4400
4818
4153
4408
4461
4834
4266
4420
4461
4751
4546
4818
4200
4293
4481
4710
4369
4130
4722
4245
4765
4581
4385
4247
4229
4391
4581
4780
4478
4829
4227
4253
4627
4228
4214
4219
4304
4646
4870
4595
4445
4712
4400
4231
4317
4540
4622
4465
4351
4912
4232
4847
4811
5187
4418
4422
4653
4793
4548
4689
4602
4648
3979
4750
4576
4601
4402
4356
4955
4530
4769
4532
4326
4109
4394
4265
4601
4502
4344
4718
4065
4395
4249
4627
3729
3742
3584
3889
3944
3439
3985
3722
3874
3629
3711
3962
3747
3680
4259
3882
4149
3981
4012
3996
4140
3937
3948
3788
3782
3847
3315
3587
3526
3684
3758
4134
3717
3922
3724
3589
3826
3888
4232
4055
3779
3594
3804
3879
3836
3867
3530
3484
3787
3709
3996
4131
4215
3490
3982
3757
4061
3685
3726
3916
4082
3809
3365
3624
3725
4177
3924
4249
3762
3533
4014
3704
3603
3504
4161
4211
4126
3756
3555
4363
3880
3486
3855
3727
4183
3984
3608
3863
4209
3760
3672
3596
3583
4001
3977
4143
3976
3609
4387
3968
4045
4049
3616
3274
3859
3741
3823
3789
3554
3873
3700
3619
3828
3694
3762
4187
3866
4018
3353
3551
3777
4029
3695
3700
3684
3975
3744
4006
3573
3598
3991
4029
3892
3669
4066
3501
3759
3878
3849
3466
3442
3911
3821
4066
3842
3931
3811
3496
3751
3668
3691
3557
3777
3938
3770
3904
3666
3885
3692
3451
3625
3743
3994
3683
3583
4119
3697
4139
4091
4248
3804
3800
3896
3986
3653
3962
4106
3743
3476
4166
3796
3802
3609
3873
3979
4020
4035
3973
3511
3527
3493
3842
3828
3969
3751
4035
3454
3433
3640
3937
3972
4041
3776
3981
4075
3527
3902
3744
3687
3646
3559
4043
3919
3588
4081
3804
4104
4051
4053
3897
3926
4018
3803
3641
4070
3688
3610
4073
3709
3907
3905
4317
4010
4086
3556
3945
3642
3884
4256
3802
3712
3701
3712
3751
3975
3850
3825
3452
3930
3823
4027
4261
3927
3431
4038
3862
3737
3758
4062
3802
4069
3825
3602
3711
4277
4040
3972
4281
4043
3761
4099
3687
3257
3760
4075
3868
4155
3894
3874
4307
4104
3858
3933
3767
4291
3753
3838
3768
3954
4117
3649
3581
3965
4175
4203
4078
4182
3648
4484
3814
4079
3921
3769
3422
3940
3998
3843
3828
3689
3740
3852
3684
3929
3738
3890
4080
3857
4011
3556
3760
3887
3972
3674
4036
4084
4060
3740
4092
3546
4007
4039
3639
3951
3739
4142
3851
4041
3988
3796
3475
3850
4083
3751
4095
3937
4031
3759
3725
3697
3830
3994
3969
3659
4063
4145
4011
3797
4106
3589
3688
3500
3967
4005
3754
3804
4155
3479
4097
4328
4390
3905
3659
3980
4193
3689
3903
4187
3534
3333
3702
3829
3921
3667
3793
4287
3827
4143
3898
3504
3357
3804
3708
4494
3772
3903
3886
3531
3624
3613
4152
3785
3733
3778
3916
4172
3655
3992
3911
3680
3926
3521
3922
3710
3717
4215
3935
4252
3829
4032
4112
4028
3994
3886
3689
3908
4031
3766
4166
3709
3603
3930
4314
3742
4117
3744
3747
3681
3885
4155
4125
3894
3742
3804
3857
3859
3952
3816
3584
3943
3757
4019
4019
4218
3602
4134
4016
3988
3677
3945
4180
4296
3684
3475
3625
3938
4357
3934
4078
4034
3812
4181
3739
3628
3983
4249
3804
4235
3761
3770
4346
4189
3543
3626
3832
4400
3875
3702
3891
4359
3938
3693
3569
3673
4137
3929
4069
3928
3752
4158
3911
3935
4189
3838
3671
4152
4003
4026
3919
3784
3823
3895
3734
3934
3704
3830
4159
4056
3939
3478
3738
3912
4114
3899
3726
3768
4090
3767
4043
3827
3740
3860
3957
3817
3735
4328
3763
3672
3964
3763
3545
3628
3929
3709
3961
3917
4151
3852
3574
3754
3947
3735
3793
3912
4099
3871
3838
3647
4043
3681
3623
3697
3889
3921
3920
3691
4135
3576
4337
3997
4250
3892
3767
3956
4123
3798
3953
4197
3795
3660
3828
4053
3900
3653
3836
4116
3971
4302
3779
3762
3586
3870
3769
4088
3729
3835
3906
3568
3518
3779
4166
3631
3699
3720
3637
4098
3321
4016
3618
3593
3739
3413
3782
3779
3604
4114
3873
3974
3966
3821
3919
3907
3869
3762
3473
3757
3750
3361
4036
3535
3781
3908
4140
3649
3919
3402
3709
3570
3787
4070
3865
3900
3671
3678
3846
3581
3946
3842
3548
3784
3586
3796
3891
4148
3330
3972
3874
3911
3692
3981
3879
4000
3724
3633
3373
4036
4117
4000
4195
3804
3776
4069
3583
3307
3670
3907
3766
4268
3756
3564
4192
4059
3795
3828
3633
4011
3734
3713
3720
4105
3637
3603
3702
3728
4105
3964
3927
3900
3424
4207
3729
3690
4035
3887
3501
3996
3779
3905
3610
3646
3736
3541
3506
3801
3689
3764
3965
3752
4208
3664
3674
3865
3946
3562
3535
3720
3907
3897
4126
3462
3733
3908
3728
3802
3630
3963
3528
3692
3843
3545
3411
3426
3942
3835
3931
3951
3967
3721
3721
3586
3591
3851
3778
3594
4071
3942
3822
3683
3770
3434
3675
3433
3787
3970
3858
3573
3756
3457
4177
4346
3980
3672
3774
4109
4028
3435
3964
4119
3570
3416
3921
3612
3741
3668
3652
4094
3526
3909
3921
3609
3439
3714
3606
3816
3926
3675
3913
3253
3342
3665
4099
3922
3911
4153
3973
4387
3748
3952
4183
3861
4043
3758
4210
3933
3962
4288
3900
4213
4110
4098
4047
4501
4057
4221
4015
4073
3914
3807
4004
3840
3818
4068
4329
3911
4224
3914
4032
4183
4150
4252
4302
4383
3833
4041
4258
3969
3919
4095
3591
4064
4061
4294
4402
4173
3475
4179
3943
4160
4106
4106
4042
4247
4101
3714
4010
4056
4356
4155
4046
4216
3931
4368
4083
3669
4184
4378
3998
4462
4141
3835
4321
4577
3909
4128
3858
4295
4004
3855
4113
4404
4176
3715
4028
3896
4535
3987
4107
4275
3915
4687
4112
4035
4213
3884
3377
4141
3916
4303
3943
3954
4046
4136
4119
3890
3651
4094
4279
3944
3955
3377
3847
4122
4409
3610
3926
3944
4215
4021
4138
3911
4062
4022
4097
4046
3934
4365
3626
3924
4109
3848
3676
4207
4048
3698
4366
4029
4443
4079
3983
4131
3788
3869
4000
3827
4394
4000
4210
4277
4254
3492
3744
3848
4053
4006
3962
3764
4271
3889
4207
4384
4682
4240
4186
4221
4088
3933
4252
4181
3729
3709
4259
4120
4058
3819
3958
4349
3991
4168
4331
3965
3984
3932
3662
4088
4059
4023
4164
3701
3715
4009
4225
4441
4168
4239
4166
4696
3894
4346
4608
4372
4188
4037
4607
4425
4309
4739
4301
4785
4509
4788
4726
4612
4670
4506
4255
4490
4388
4154
4456
4097
4421
4397
4903
4291
4508
4075
4257
4495
4620
4823
4472
4562
4399
4237
4609
4401
4326
4328
3751
4578
4463
4573
4970
4789
3882
4458
4226
4500
4290
4611
4581
4632
4243
4026
4179
4518
4743
4775
4493
4564
4316
4740
4282
4024
4225
4515
4566
4901
4650
4583
4866
4577
4477
4632
4133
5002
4326
4212
4291
4899
4617
4063
4338
4396
5066
4313
4730
4562
4231
5022
4482
4358
4649
4231
4019
4523
4574
4520
4550
4302
4624
4421
4163
4264
4413
4562
4668
4405
4602
3944
4350
4568
4795
4160
4272
4321
4480
4257
4625
4109
4506
4694
4546
4423
4198
4886
4001
4423
4454
4286
4006
4194
4354
4193
4604
4436
4818
4222
4159
4559
4024
4337
4313
4129
4630
4552
4580
4516
4782
3970
4157
4235
4470
4548
4478
4282
4762
4081
4741
4815
5008
4396
4349
4533
4614
4321
4366
4943
4332
4087
4512
4510
4256
4223
4355
4684
4330
4889
4523
4152
4235
4231
4094
4660
4282
4454
4650
4375
3976
4150
4530
3871
3705
3655
3722
4085
3575
3699
3896
3951
3854
3660
4098
3673
3649
4181
3731
4194
3700
3919
4082
4140
3950
3857
3722
3881
3959
3593
4038
3632
3819
3840
4176
3992
3990
3605
3552
3654
3916
3889
4183
3794
3721
3625
3804
3720
3755
3758
3477
3878
3807
3851
4234
3948
3375
3991
3773
3825
3519
3976
4022
3958
3612
3606
3499
3850
4157
3894
4061
4039
3674
4105
3715
3453
3754
4166
3905
4062
4003
4019
4167
4204
3685
3741
3776
4059
3867
3508
3797
4197
4061
3705
3655
3655
4156
3934
3897
3771
3786
4275
3782
3821
3964
3719
3471
4099
3810
3865
3829
3689
3708
3560
3463
3821
3453
3712
4003
3836
3895
3348
3720
3686
4304
3743
3724
3838
3913
4008
3956
3625
3878
4025
3793
3898
3616
4227
3766
3911
3894
3556
3499
3528
3880
3632
4046
3837
3887
3692
3359
3642
3763
3607
3703
3798
4008
3844
3955
3703
3922
3542
3701
3749
3822
3909
4055
3491
4132
3432
4039
4166
4073
4025
3774
4086
3993
3692
3841
4158
3865
3508
3552
3686
3752
3689
3745
4109
3847
3892
3562
3527
3624
3552
3752
3994
3605
3756
3662
3608
3743
3685
3949
3923
4185
4093
4008
4199
3595
4302
4004
3975
4021
3485
4225
4174
4075
4146
4078
4347
4375
4143
4243
4089
4206
3892
3916
4140
4248
3672
4010
3610
4075
3948
4391
3977
4242
3790
4089
4200
3991
4352
4129
4180
3953
3963
4156
3852
4260
4205
3717
4018
3960
4255
4443
4370
3644
4097
3910
4148
4083
4138
4114
4314
3949
3760
3833
4069
4380
4182
4209
4315
3963
4290
4030
3746
4054
4433
4259
4352
3849
3962
4397
4393
4082
4335
3778
4250
4129
4002
4097
4408
3961
3874
3982
3934
4587
3981
4351
4284
3838
4369
3951
4149
4047
4099
3632
4143
4071
3939
3988
3915
4307
3829
3836
3948
4020
3844
4388
4083
4205
3607
3893
4196
4317
3904
3942
4082
4361
4161
4194
3832
3973
4014
3968
3933
4062
4271
3767
3971
4092
3861
3835
4147
4128
3888
4249
4181
4310
3934
3875
3961
3990
4081
3982
3844
4206
4212
4143
4083
4359
3579
3918
3835
4202
4144
4106
3959
4275
3589
4391
4275
4583
4047
3866
4206
4183
3864
4263
4303
3729
3716
4161
3962
3852
4007
4069
4137
4088
4361
4245
3742
3857
4055
3773
4298
4136
4002
3945
3617
3854
3815
4226
3956
4075
3956
3844
4024
3418
3891
4130
3881
3832
3754
4006
3962
3997
4292
3954
4019
4046
3824
4108
4315
4062
3690
3834
4056
3879
3667
3885
3515
3927
4137
4001
4043
3926
3911
3917
4066
3872
4174
4082
3875
3661
3714
4049
4088
3910
4071
3560
3725
3966
4103
4187
3912
3632
4050
3781
3997
3807
4095
3895
4229
3644
3513
3630
3954
4216
3845
4093
4247
3642
4299
3765
3636
3875
4014
4132
4054
4111
3879
4180
4182
3486
3878
4069
4267
3893
3789
3900
4289
3815
3778
3576
3942
4317
4033
4222
4193
3889
4285
3992
4203
4075
3735
3388
3959
3972
3874
3861
3632
3772
3822
3781
4016
3862
3763
4201
4006
3947
3541
3827
3973
4374
3819
3724
4114
4069
3845
4096
3688
3894
3936
3863
3769
3576
4293
3730
3851
3979
3784
3646
3655
4072
3623
4097
3949
4161
3921
3563
3888
3795
3877
3777
3687
4007
4076
4103
3944
3794
3848
3727
3761
3806
4308
4116
4012
4188
3535
4265
4187
4338
3969
3767
4023
4237
3619
4175
4236
3900
3584
3981
4044
3982
3756
3962
4411
3928
4024
3834
3512
3782
3599
3780
4397
3813
3844
3823
4139
3673
3541
4057
3921
3907
4196
3917
4259
3629
3971
4276
4031
4055
3722
4322
4108
3983
4550
3991
4329
4456
4166
4174
4463
4147
4249
4000
4209
4068
3767
4033
3961
4002
4094
4456
4062
4291
3962
4092
4174
4163
4423
4102
4208
3938
4115
4297
4226
4209
4010
3712
4077
4316
4214
4431
4291
3587
4281
4153
4197
3912
4253
4116
4370
4006
3675
4028
4250
4377
4288
4140
4246
4004
4307
4022
3756
4129
4651
4320
4509
4162
4058
4726
4425
4048
4108
4050
4484
4221
4018
4183
4411
4218
3973
4047
3859
4399
4374
4364
4073
3962
4701
4085
4409
4499
4113
3804
4384
4213
4081
3792
4047
4258
4119
3823
4097
4046
4076
4574
4031
4165
3719
4013
4290
4429
3834
4015
4102
4136
4185
4271
3960
4140
4145
4219
4070
3882
4512
4050
3927
4044
4095
3754
4179
3919
4120
4365
3900
4478
3950
3995
4168
3940
4072
3859
3797
4330
4208
4071
4274
4151
3929
4088
3971
4077
4321
4044
3779
4356
3929
4392
4361
4489
4050
3834
4194
4355
3673
4215
4514
3925
3729
4018
4335
4082
3947
3907
4567
4100
4302
4166
3804
3762
3976
4195
4367
3944
3949
4272
3714
3848
3930
4296
4350
4304
4341
4219
4333
3884
4203
4546
4164
4484
4161
4417
4523
4153
4742
4163
4593
4532
4582
4586
4623
4373
4416
4065
4507
4417
4388
4533
4105
4414
4500
4836
4398
4495
4203
4490
4245
4339
4487
4331
4362
4073
4387
4312
4510
4390
4446
4011
4325
4383
4526
4673
4448
3864
4465
4261
4409
4374
4502
4318
4468
4489
3975
4173
4417
4814
4411
4575
4333
4253
4573
4258
4076
4426
4631
4327
4568
4290
4160
4761
4728
4206
4198
4107
4940
4408
4039
4402
4583
4340
4154
4276
4060
4884
4632
4573
4455
4124
4868
4347
4409
4567
4197
4017
4618
4469
4166
4231
4231
4185
4398
4198
4395
4377
4297
4872
4336
4682
3990
4221
4328
4897
4087
4317
4258
4508
4401
4843
4205
4260
4356
4392
4408
3721
4707
4175
4215
4398
4246
3929
4161
4380
4178
4527
4257
4617
4200
4087
4391
4246
4093
4294
4192
4626
4525
4325
4275
4439
4030
4160
4241
4309
4597
4292
4440
4751
4158
5011
4709
4787
4557
4223
4726
4512
4305
4415
4615
4650
3938
4540
4447
4591
4234
4274
4672
4408
4519
4369
4454
4384
4080
4206
4804
4285
4396
4482
4160
4077
4116
4587
4067
4018
3827
3987
4178
3882
4187
4058
4079
3957
3832
4071
4155
4018
4354
4143
4523
4327
4356
4207
4503
4065
3962
4026
4085
4223
3719
4036
3846
4068
4200
4476
4029
4168
3966
3813
3774
4201
4568
4264
4140
3817
4022
4221
4017
4140
4126
3562
3905
4071
4326
4517
4413
3561
4227
4227
4115
3831
4134
4251
4409
4130
3677
4079
4017
4404
4360
4022
4162
3888
4301
3991
3905
3779
4324
4166
4542
4126
4082
4678
4278
3884
4257
3955
4655
4181
3918
4047
4564
4139
4027
3873
3909
4392
4112
4370
4262
4003
4387
3991
4134
4297
3921
3590
4120
4105
4214
4202
3775
4035
4165
3804
4058
3914
4102
4180
4273
4258
3527
4154
4232
4635
4044
3955
3955
4165
4158
4346
3955
4135
4268
4269
4011
4127
4478
3743
3986
4025
3917
3682
3774
4358
4120
4284
4020
4262
3807
3623
4115
3804
4057
3769
3952
4340
4022
3888
4191
4047
3783
3803
4043
3987
4193
4358
3848
4254
3564
4561
4287
4532
4077
4075
4245
4141
3893
4183
4357
4148
3686
4189
4060
4047
4023
3890
4471
4070
4635
4237
4033
3829
3986
3876
4274
3998
4258
4111
3930
3630
3993
4005
3532
3951
3690
3689
4098
3497
3973
3858
3699
3767
3600
3885
3741
3578
4000
3847
4051
4112
3890
4049
3950
3771
3905
3813
3786
3804
3762
3993
3577
3863
3986
4262
3886
4081
3611
3663
3527
3750
4030
3872
3845
3575
3844
3915
3862
4046
3911
3322
3837
3818
3903
3989
4046
3538
4045
3947
4041
3712
4006
4118
4053
3821
3467
3328
4007
4219
3930
3951
3937
3806
4057
3631
3499
3743
3913
3732
4039
3881
3929
4202
4168
3638
3734
3824
4095
4107
3544
3952
3908
3910
3612
3547
3823
4072
4104
4135
3740
3730
4095
3954
3898
4052
3779
3607
3879
3969
3954
3682
3778
3683
3664
3652
3849
3606
3680
3927
3946
4181
3460
3716
3814
4240
3558
3629
3670
3827
3942
4223
3551
3771
3703
3771
3785
3673
3918
3567
3599
3961
3573
3407
3696
4014
3680
3933
3820
4109
3725
3613
3756
3644
3808
3738
3612
3852
3960
3679
3584
3720
3550
3478
3683
3521
3882
4046
3599
4075
3481
4259
4006
4145
3781
3794
3843
3991
3619
3793
4085
3820
3553
3911
4029
3631
3488
3479
4179
3758
4070
3768
3897
3626
3746
3669
3961
3572
3832
3776
3666
3573
3654
3959
4079
4037
4169
3975
4433
3689
4140
4311
4189
4251
3890
4221
4194
3956
4419
4113
4494
4448
4410
4313
4403
4257
4120
3867
3861
4262
3879
4218
3804
4173
4275
4360
4006
4215
3993
4178
3770
4161
4490
4394
4200
3881
3956
4387
4195
4324
3926
3786
3978
4215
4179
4358
4151
3655
4221
4100
4335
4112
4097
4391
4477
4073
3519
4068
4220
4565
4051
4458
4177
3891
4360
4179
3790
4103
4369
4231
4374
4140
4151
4827
4422
3944
4175
4069
4429
4324
4089
4053
4229
3898
4025
3810
3818
4482
4083
4291
4208
3985
4549
4126
4127
4328
4127
3812
4083
4121
4256
3917
3813
3937
4010
3714
4123
3969
4073
4249
4101
4433
3758
4248
4140
4414
3948
3676
4192
4350
4086
4351
3884
4077
3949
4149
4136
4098
4714
3850
4002
4217
3858
4049
3967
4268
4081
4408
4279
4414
4064
4038
4136
4161
3929
3930
4108
4230
4326
4097
3980
4393
3850
3920
3811
3832
4244
4290
4094
4341
3963
4284
4424
4553
4119
3944
4189
4270
3932
4533
4378
4187
3917
4273
4305
4214
3917
4148
4651
4042
4429
4050
4072
4123
3832
3986
4446
4250
4075
4047
4101
3860
4083
4232
3795
3895
3781
3925
4263
3699
4073
4147
4014
4092
3638
4151
3961
3771
4181
3871
4058
3985
3901
3973
4358
4200
3935
3790
4090
3849
3732
4220
3660
3891
4171
4209
3913
3994
3736
3901
3877
3968
4156
4298
4159
3960
4040
4085
4238
4166
4185
3835
3809
3997
4043
4073
4179
3438
4146
4011
3917
3836
3914
4107
4472
4040
3656
3776
4062
4342
4196
4268
4149
3784
4251
3924
3551
3983
4230
4173
4314
3874
3968
4322
4181
3956
3965
3874
4097
3826
3875
4093
4558
3933
3854
3844
3946
4559
4144
4277
4001
3890
4418
3875
4281
4197
3957
3612
4229
4065
4042
3939
3645
4179
3797
3838
3951
3850
3997
4271
3920
4274
3573
3981
4311
4287
3796
3832
4049
4065
3952
4252
3948
3950
3891
4057
3953
3867
4254
3896
3766
3931
3924
3701
3806
4013
3857
4183
3758
4119
4050
3896
4024
3864
3891
3849
3877
4326
4092
4065
4029
4059
3934
3760
3935
3901
3971
4068
3997
4210
3820
4217
4278
4473
3919
3904
4219
4048
3897
4228
4182
4019
3698
4019
4028
3890
3588
4044
4448
3933
4246
3922
3809
3804
3693
3878
4435
4070
4067
3942
3745
4036
3613
4091
3569
3597
3853
3397
4076
3338
4067
3938
3779
3866
3484
3827
4012
3735
4123
3870
4045
3976
3904
4150
4181
4068
3892
3675
4113
3679
3547
3854
3513
3874
3640
4294
3654
3683
3777
3864
3616
4049
4096
3802
3892
3648
3719
4140
3899
3854
3872
3508
3918
3966
3886
3952
4060
3484
4052
3666
3847
3901
3909
3903
4105
3842
3338
3648
3843
4044
3905
4049
3920
3543
3919
3643
3490
3750
4064
3977
4255
3677
3746
4267
4103
3693
3916
3544
4214
3673
3703
3808
4357
3931
3725
3750
3747
4350
3958
4229
3808
3702
4409
3565
4042
4083
3754
3464
3891
4078
3677
3711
3695
4122
3875
3787
3769
3719
3841
4068
3948
4092
3365
3595
3796
4121
3825
3981
3768
3874
3922
4147
3505
3948
3905
3813
3777
3540
3996
3592
3799
3790
3657
3429
3630
3752
3393
3982
3842
4118
3987
3760
4015
3692
3824
3668
3811
3936
3912
3699
3870
3786
3614
3466
3361
3903
3841
3749
3922
4046
3529
4160
4067
4153
4049
3723
3909
4045
3834
4143
3970
3764
3525
3991
3724
3735
3642
3929
3936
3863
4196
4042
3525
3482
3692
3545
4153
3745
3631
3870
3607
3664
3774
4208
3772
3724
3627
3839
4009
3646
3810
4133
3695
3783
3529
3994
3765
3736
4198
3765
4053
4067
4165
3931
4201
3908
3948
3696
3845
4085
3543
4106
3734
3723
4012
4210
4401
3965
3732
3785
3911
3685
4188
4036
3935
3735
4139
4020
3947
3743
3874
3324
3780
3723
3928
4148
3981
3526
3961
3788
3956
3893
3865
4113
3964
4104
3643
3693
3822
4179
4021
3974
4247
3924
4079
3663
3709
4041
4388
3919
4150
3982
3841
4459
4012
3894
3752
3570
4236
3799
3642
3998
3961
4005
3735
3894
3746
4099
4170
4125
3906
3667
4269
3944
3907
3871
3513
3554
4013
4056
3919
3859
3724
3774
3793
3540
3698
3803
3940
4411
3865
3945
3439
3796
3794
4110
3667
3940
3927
4012
3871
4093
3507
4049
3881
4054
3848
3775
4279
3826
3567
3884
3553
3877
3646
3849
3711
4037
4035
3932
3565
3481
3908
3896
3781
3856
3678
3924
4251
4127
3969
3999
3526
3708
3702
3863
4080
3995
3975
3893
3759
4242
4096
4123
3917
3923
3892
3786
3554
3968
4134
3920
3584
4021
4125
3872
3555
3607
4103
3979
3992
3920
3719
3870
3499
3859
4211
3571
4011
3547
3633
3816
3394
4015
3833
3682
3725
3626
3976
3682
3652
3972
3789
3860
3921
4131
3895
3701
4328
3689
3936
4028
3884
4010
3990
4005
3753
3543
3846
3756
3638
3719
3539
3835
3991
4256
3957
3893
3502
3753
3573
3688
3960
3797
3845
3623
3599
3851
3971
4193
3837
3282
3778
3736
4218
3860
4174
3189
3779
3566
3838
3877
3878
3787
4123
3819
3408
3618
4110
4146
3914
3853
4168
3905
4314
3713
3542
3757
3955
3954
4026
4075
3646
4073
4282
3589
3994
3833
4337
3850
3532
3914
4071
3988
3467
3730
3753
4371
3849
4154
3976
3762
4311
3739
3801
3727
3748
3486
4003
4291
3814
3752
3606
3761
3960
3544
3764
3602
3959
4013
3892
3946
3491
3822
3928
4316
3654
3935
3940
4160
3909
4162
3599
3764
3672
3672
3695
3471
4138
3931
3713
3931
3495
3548
3389
3808
3662
4060
3646
4114
3853
3529
3769
3873
3607
3498
3818
3914
4037
4049
3917
3928
3409
3669
3394
3728
3965
3836
3834
4280
3720
4316
4155
4161
3985
3743
3901
3768
3705
4001
4044
3824
3348
3650
3947
4085
3718
3850
4153
3850
4025
3787
3758
3747
3667
3660
4145
3754
3734
3867
3582
3657
3628
3965
3905
3931
4134
3807
4289
3682
4157
4162
3845
3935
3735
4101
4023
4093
4307
3781
4319
4142
4339
4112
4452
4069
3929
4106
4221
3968
3863
4127
3773
3984
4101
4260
3987
4256
3952
4046
3957
3904
4113
4504
3991
3878
3819
4142
4001
4090
4130
3548
3909
3758
3982
4060
4071
3600
4304
3798
4036
3899
4134
4093
4092
3850
3659
3853
3883
4557
4111
4108
4283
3727
4405
3773
3715
4160
4285
4089
4328
3872
4094
4201
4257
3982
3881
3947
4081
3990
3709
4086
4466
3993
3687
3837
4040
4339
4162
4264
4127
3892
4389
4035
4086
4119
3761
3449
4129
3998
4103
3917
3946
4243
3843
3671
3990
3900
4041
4166
4017
4129
3714
3738
4058
4477
3742
3820
3956
4250
4097
4102
3698
4147
3939
4156
3753
4107
4301
3605
4213
4157
3699
3821
3880
4222
3650
4372
4091
4028
3916
3986
4026
3880
4038
4015
3716
4360
4111
4082
3915
4074
3714
3845
3608
3820
3850
4158
3845
3965
3867
4291
4347
4093
4353
4058
3999
4085
3716
4271
4166
3933
3609
4094
4013
4017
3789
3915
4366
4110
4223
3968
3675
4017
3969
3928
4364
3950
4035
3875
3875
3938
3768
4168
4137
3974
4157
3920
4527
3714
4032
4305
4112
4225
3707
4223
4174
4203
4540
3901
4426
4308
4156
4438
4310
4397
3886
4059
4008
4177
3966
4175
3817
3968
4322
4527
4232
4313
3922
3973
3863
4246
4377
4355
4321
4103
4126
4327
4326
4257
4242
3471
4034
4208
4273
4255
4621
3748
4443
3976
4116
4032
4133
4122
4456
3979
3877
3858
4292
4388
4163
4439
4356
4175
4381
4003
3947
4113
4309
4400
4432
4295
3971
4507
4511
3995
3930
4011
4562
4197
3883
4169
4621
4245
3991
3815
4135
4512
4071
4489
4294
3857
4300
4233
4229
4399
3895
3803
4079
4112
4307
4124
3921
4108
4044
4068
4068
4116
4041
4408
4183
4379
3950
3913
4408
4645
3835
3853
4229
4253
4140
4314
4167
4115
4160
4153
4199
3965
4651
3911
4128
4229
3891
3681
4058
4341
4006
4307
4221
4383
4067
3957
4090
4161
4182
3881
4104
4254
4248
4266
4185
4144
3655
3895
3867
3846
4268
4276
4100
4473
4003
4493
4463
4559
4231
4004
4298
4133
4111
4262
4404
4074
3823
4273
4314
4167
4093
4097
4319
4242
4268
4049
3875
4139
3838
3735
4446
4043
3995
4170
3838
3721
3825
4350
3873
4190
3979
3934
4228
3700
4042
4159
3992
4236
4007
4217
4053
3857
4360
4050
4313
4364
4209
4404
4308
4349
4077
4045
4094
4272
3907
4111
3860
4210
4085
4729
4121
4253
3918
4030
4125
4091
4358
4146
4213
3965
3962
4319
4112
4291
4202
3640
4207
4173
4302
4360
4473
3642
4167
4013
4197
4143
4328
4113
4402
4150
3895
4040
4201
4498
4182
4218
4144
4154
4435
4104
3997
4178
4309
4223
4574
4149
4127
4343
4455
3940
4200
3930
4438
4447
3756
4285
4466
3988
3812
3626
3918
4616
4121
4052
4341
4265
4399
4114
4282
4139
4086
3667
4288
4156
4053
4189
3892
4168
4054
3726
4125
4092
4173
4392
4261
4270
3605
4101
4292
4607
3761
3761
4131
4360
4172
4376
4135
4018
4024
4034
4227
4075
4369
3735
4050
4258
3777
3700
3958
4184
3966
4365
4075
4313
4060
3834
4235
3988
3935
3740
3882
4177
4267
4280
4177
4154
3842
3778
3916
3933
4262
4283
3976
4649
4000
4596
4324
4621
4083
4252
4373
3915
3898
4266
4335
4013
3907
3787
4062
4074
3731
4147
4274
4003
4521
3818
4178
4062
3951
3911
4423
4135
3809
4082
4017
3917
3858
4340
tempo: 0.012829