100 100
1710
1675
1878
1956
1882
1723
1735
1760
1838
1768
1833
1864
1940
1916
1756
1634
1622
1732
1851
1798
1936
1641
1722
1534
1565
1778
1730
1602
1801
1743
1778
1691
1817
1611
1788
2036
1756
1705
1587
1771
1722
1791
1996
1735
1832
1625
1851
1685
1991
1682
2052
2006
1909
1684
1854
1844
1755
1931
1916
1683
2100
1852
1766
1924
1843
1973
1986
1908
1884
2048
1793
1759
1840
1838
1772
1780
1829
1714
2026
2088
2053
1899
1965
1778
1910
1738
1874
2070
1711
1738
1679
1734
1945
1886
1854
1872
1866
1692
1934
1907
1904
1798
1961
1986
1983
1738
1810
1761
2040
1696
2096
2069
2098
1875
1925
1812
1601
1991
1721
1943
1792
1821
1806
1778
1744
1887
2065
1658
2090
1859
1826
1860
2034
1840
1882
1848
1707
1905
1911
1698
1807
1884
2003
1862
1815
1651
1995
1837
2076
1890
2060
1883
1917
1868
2121
1771
1664
1953
1970
1762
2080
1907
1879
1966
1854
2046
1936
1975
1785
1893
1960
1961
1958
1945
1773
1768
1810
1776
2025
2171
2174
2179
1829
1989
1727
1833
2020
1882
1907
1865
1808
1578
2025
1882
1912
2009
1986
1890
1998
1971
1837
1918
1912
2025
1979
1655
1889
1769
1969
1800
2014
1930
2097
1936
1903
1982
1704
1960
1875
2049
1933
2160
1720
1790
1781
1856
1807
1683
1880
1917
1819
1942
1925
1889
2009
2220
1879
1950
1994
1767
1909
1905
1999
1767
1734
1751
2142
1904
2006
1945
2197
2072
2061
1889
2090
1960
1803
2068
2079
1741
2164
2121
2081
1981
2049
2057
1993
2107
1734
2032
2084
2147
2116
2143
1917
1890
1824
1930
2220
1960
2312
2042
1922
2004
1849
2057
2182
2059
1961
2067
1932
1719
2266
2050
1848
2175
1917
2130
2098
2115
2048
2074
1947
2217
2341
1895
1937
2060
1931
2026
2222
2068
2254
2140
2052
2058
1982
2079
1889
1996
2192
2204
2088
1965
2052
1892
1997
1772
2240
1876
1979
2090
2090
2132
2052
2189
1857
2034
1856
2019
2167
2064
2130
2184
1873
1710
2348
1957
2254
1936
2045
1925
2020
1702
1825
1738
1912
2020
1983
1801
2021
1980
1732
1839
1921
2033
1957
1941
1945
1746
1965
2061
2001
1841
1786
1836
1800
1814
2118
2106
2277
1936
1920
1834
1826
1876
1919
2045
1756
1934
1799
1766
2047
2048
1799
1985
1809
1772
1990
2106
1893
1805
1916
2028
2133
1770
1937
1873
1853
1877
2143
1988
2219
2002
1810
1869
1804
2073
1793
2017
1993
1968
1963
1848
1828
2007
1810
1788
2039
2014
1974
1918
1966
1979
2050
1967
1813
1835
1836
1767
1983
1910
2072
1991
1870
1614
1896
1983
2212
1881
2501
2308
2205
2088
2236
2087
2035
2340
2383
1958
2362
2230
2140
2194
2248
2196
2319
2389
2198
2333
2387
2481
2331
2201
2144
2026
2335
2087
2161
2386
2550
2380
2295
2111
2015
2119
2303
2379
2136
2181
2199
1964
2241
2117
2063
2212
2191
2146
2347
2224
2207
2264
2282
2270
2332
2067
2308
2125
2271
2224
2413
2322
2456
2096
2239
2106
2059
2392
2165
2372
2238
2379
2060
2159
2097
2293
2065
1999
2479
2166
2311
2239
2478
2286
2185
2205
2218
2310
2323
2305
2087
2283
2160
2191
1995
1899
2523
2231
2338
2364
2314
2145
2078
2037
2032
1962
1723
2176
2073
1714
2218
2110
1879
2203
2123
2283
2170
2071
1907
2147
2110
2193
1951
2013
2097
1974
2032
2069
2129
2166
2418
2041
2002
2010
1976
1927
2173
2103
2030
2105
2056
1814
2250
2054
1971
2027
2125
2056
2121
2077
2101
1971
1927
2158
2162
1911
2045
1991
2113
1950
2388
2231
2330
2089
2171
1892
1998
2208
2049
2168
2123
2160
1996
2086
2003
2083
1977
1880
2091
2017
2118
2079
2212
1999
2114
2195
2055
2207
2166
2241
1999
1995
2251
2025
1961
1767
2278
2034
2219
2062
2089
2085
1986
1904
1939
1809
1871
1957
1994
1704
2085
2100
1755
1877
2208
2396
2039
2112
1735
2058
1964
2065
2085
1931
1875
1759
1936
2001
2160
2071
2203
1960
1974
2054
1838
1966
2135
1869
2003
1862
1872
1949
2090
2015
1944
1959
1977
1842
2141
2009
2023
1949
2019
2132
1938
1806
2093
2065
1983
1838
2281
1920
2101
2035
1965
1880
1852
2077
1930
2208
1876
2120
1993
2097
1815
2048
1948
1642
2008
1908
1934
2093
2066
1977
2199
1944
1896
2101
2026
1824
2029
1837
2009
1974
1850
1646
2273
2007
2104
1880
2106
2111
2011
1927
1899
1790
1916
2108
2131
1825
2110
2043
2039
2042
1957
2093
2156
2036
1818
2139
2015
1967
2129
1924
1857
1828
1959
1835
2329
2230
2151
2109
1915
2059
1944
1906
2056
2106
2068
1980
1986
1808
2152
1953
2029
2172
2029
1938
2084
2062
2083
1989
2190
2013
2044
1956
1958
2012
2103
1915
2136
2329
2226
2142
1982
1983
1737
1956
1914
2150
1903
2087
2062
1900
1877
1989
2111
1854
2177
1802
1971
2068
2150
1956
2082
2019
1958
1951
1887
1881
2044
1917
2140
1989
1870
1830
2245
2014
2042
1878
2106
2115
1984
1986
1976
1745
1784
1932
2051
1830
2310
1972
1916
2055
2042
2086
1970
1981
1862
2111
1985
2068
1830
2022
1902
1769
1988
1919
2125
2093
2138
2100
1927
2076
1744
2093
2109
1947
2067
1924
1979
1642
2147
1956
1964
2017
2031
1915
2004
2076
1894
1960
2100
2066
2040
1938
2069
1857
2039
1911
2254
2090
2118
2035
2083
1923
1791
2135
1860
1911
1993
2161
2024
1998
1833
2023
1872
1846
2010
1756
1847
1983
2002
2030
1998
2181
2037
2089
1974
1961
1910
1887
2225
2067
1789
1712
2175
1838
2265
1956
2479
2301
2292
2057
2235
1928
2066
2315
2352
2183
2446
2318
2179
2213
2149
2325
2463
2336
2324
2386
2174
2279
2251
2233
2055
2078
2342
2120
2302
2402
2380
2397
2354
2184
2276
2219
2261
2361
2291
2375
2138
2145
2376
2316
2158
2217
2290
2217
2378
2317
2162
2194
2219
2320
2418
2158
2262
2128
2372
2065
2457
2607
2536
2395
2397
2035
2023
2328
2043
2371
2230
2409
2167
2256
1997
2283
2218
2144
2525
2235
2277
2365
2452
2297
2317
2210
2246
2216
2126
2387
2192
2072
2446
2236
2159
2102
2541
2295
2409
2254
2317
1965
2014
2006
2014
1860
1775
2129
2025
1920
1995
2037
1788
1785
2046
2067
2035
2113
1860
2027
2000
1959
1922
2031
2023
1824
2085
2022
2074
2045
2092
2122
2097
1966
1995
1982
2077
2087
2096
1831
1815
1781
2048
1873
1982
2141
1916
1890
2167
2012
2003
1910
1925
2023
2113
1972
1871
1919
2031
1893
2359
2013
2080
1991
1938
2008
1953
1904
2101
2105
2086
2074
2021
1974
1987
2069
1821
1866
2026
1856
1882
2090
2078
2065
2053
2012
1881
2106
2077
2020
2042
1974
2026
1898
1973
1766
2247
1878
2111
2048
2243
2211
2028
1931
2099
1848
1976
2307
2128
2032
2283
2072
1869
2037
2188
2263
2063
2186
1883
2160
2032
2305
2205
2015
2048
1952
2100
1951
2241
2263
2240
2118
2275
2242
1843
2174
2085
2014
2017
2064
2114
1803
2164
2177
2127
2124
2169
1924
2011
2062
1983
2121
2081
2190
2206
2016
2121
1836
2046
1947
2257
2228
2235
2095
2099
1926
2061
2279
1954
2247
2040
2213
1870
2105
1852
2185
1858
1915
2091
2169
2227
2124
2102
2030
2321
2194
2069
2048
2148
2201
2002
1990
2413
2153
1972
1932
2376
2138
2424
2142
tempo: 0.001537