100 100
1891
1885
1915
1925
1885
1737
1894
1834
1914
1650
2019
2084
2096
1963
1937
1732
1742
2143
1775
1961
1811
1949
1779
1864
1626
1947
1829
1646
1897
1717
1949
1942
1979
1841
1984
1945
1899
1891
1928
1858
1935
1631
2155
1892
1786
1622
2195
1918
2071
1636
2089
1798
1791
1829
1875
1667
1774
1896
1978
1731
1869
1991
1874
1716
1740
1937
1816
1942
1678
1861
1947
1873
1932
1620
1553
1469
1787
1783
2032
1942
2000
2018
1804
1750
1619
1754
1936
1736
1697
1726
1752
1751
1786
1877
1797
1962
1854
1762
1804
1826
1761
1802
1947
1976
1991
1812
1889
1746
1955
1693
2053
1791
1934
1939
1676
1692
1791
1885
1802
1914
1857
2065
1849
1718
1859
1788
1771
1684
1912
1837
1936
1677
1917
1801
1873
1877
1876
1846
1811
1761
1872
1945
2017
1772
1864
1568
2071
1801
2007
2004
2055
1946
2000
1940
2057
1840
1876
2127
1889
1856
2077
1911
1815
1917
1985
2212
2036
2127
1908
2063
2100
2061
2054
1998
1689
1837
2024
1893
2167
2050
2253
2090
2116
2064
1821
1943
2130
2115
1935
1980
1892
1745
2219
2117
2021
1932
2110
1818
2024
2174
1936
1946
1921
2109
2073
1898
2111
2045
2006
1824
2210
2141
2252
2199
2010
2047
1820
2106
1969
2179
1880
2218
1962
2015
1836
2020
1899
1779
2231
1921
2196
2102
1976
1897
2109
2017
1997
2021
1996
1950
1969
1955
2078
2063
1970
1883
2060
1979
2374
2116
2083
1971
1953
1823
1979
1923
1821
2160
2123
1803
2080
2078
1909
1984
1862
2018
2098
2123
1983
2086
1956
1922
2047
2083
1916
1759
1893
1824
2141
2089
2262
2129
1916
1922
1848
2035
2098
2125
2062
1984
1884
1795
2230
2092
1856
2085
1962
1975
2109
2208
1993
1940
2039
1956
2104
1962
1975
2075
1942
1866
2254
2203
2287
1973
1983
2007
1963
2009
1978
2033
1974
2127
1970
1874
1749
2043
2028
1877
2112
2041
2048
2044
2114
2074
1995
2110
1926
2002
2076
1960
1785
1842
2089
1883
1926
1829
2335
1951
2102
1929
2066
1885
2110
1856
1906
1834
1890
1970
2072
1848
2024
1915
1860
1833
2028
2049
2068
2069
2002
1932
2050
2107
2075
2077
1738
1772
1866
1895
2097
2167
2241
1911
1888
1929
1734
1867
2040
1963
1999
2015
1840
1541
2285
2113
1828
2113
1985
1874
1985
2102
1933
1919
1975
2071
2005
1797
1927
1925
2000
1858
2079
2051
2220
2005
2000
1912
1879
2142
2000
1969
2060
2039
2022
2037
1870
2029
1844
1887
2074
1935
1950
2136
2107
2099
2110
2003
1893
1960
1934
1942
1988
1930
2024
2083
1744
1744
2145
1936
2160
1857
2389
2154
2289
1932
2003
1890
2074
2169
2351
2120
2076
2159
1983
2109
1947
2215
2319
2286
2111
2217
2347
2206
2151
2138
1786
1878
2236
1933
2424
2409
2400
2348
2175
2169
2114
1988
2061
2187
2202
2187
1967
1968
2353
2115
2041
2166
2135
2124
2153
2217
2255
2042
2140
2222
2273
1915
2140
2182
2270
1957
2362
2315
2442
2161
2175
2107
2013
2224
2126
2438
2207
2168
2118
2153
1935
2382
2036
1943
2361
2081
2190
2347
2423
2029
2230
1950
2038
2183
2114
2193
2111
2043
2180
2051
2017
1993
2218
2135
2271
2228
1800
1687
1752
1594
1848
1632
1571
1722
1811
1641
1826
1736
1752
1823
1765
1795
1649
1804
1676
1798
1585
1815
1759
1878
1590
1520
1620
1669
1930
1758
1977
1737
1721
1810
1642
1884
1883
1840
1729
1519
1595
1387
1935
1892
1540
1720
1829
1639
1639
1907
1630
1740
1852
1901
1905
1610
1638
1721
1725
1683
2094
1780
2024
1842
1777
1678
1650
1654
1723
1638
1715
1793
1798
1703
1738
1729
1868
1545
1907
1760
1610
1788
1708
1641
1868
1954
1723
1755
1752
1577
1878
1825
1904
1739
1881
1689
1840
1718
2119
1958
1829
1572
1807
1656
1594
1528
1590
1653
1743
1499
1759
1747
1576
1646
1711
1731
1824
1674
1731
1667
1785
1834
1690
1733
1470
1445
1596
1609
1707
1874
1657
1808
1608
1684
1555
1516
1654
1578
1749
1761
1595
1522
1805
1621
1514
1751
1668
1679
1706
1830
1634
1678
1683
1740
1779
1535
1564
1560
1697
1604
1809
1806
1915
1665
1730
1486
1547
1754
1760
1701
1622
1770
1562
1712
1452
1619
1613
1464
1734
1591
1588
1780
1766
1705
1471
1807
1923
1717
1621
1832
1688
1759
1712
1599
1490
1493
1777
1591
1897
1623
2034
1867
1810
1691
1837
1670
1718
1847
1783
1749
1960
1926
1782
1802
1837
1720
1913
2017
1724
1901
1894
1813
1760
1762
1526
1604
1916
1787
1926
1855
1920
1811
1870
1874
1736
1949
1858
1794
1751
1736
1694
1596
1931
1828
1575
1738
1780
1663
1776
1819
1811
1628
1901
1815
1872
1706
1700
1678
1926
1767
2117
2052
1955
1805
1804
1636
1605
1710
1714
1738
1716
1792
1807
1754
1631
1687
1746
1655
1950
1701
1646
1824
1923
1588
1854
1750
1653
1826
1914
1751
1805
1721
1914
1623
1630
1559
2020
1804
1942
1714
2029
1852
1869
1905
1984
1484
1720
1897
2008
1853
1899
1822
1689
1855
1821
1987
1918
2056
1772
1933
1915
1938
2043
1835
1844
1820
1893
1678
2120
2011
2102
1899
1852
1820
1855
1889
2030
1879
2029
1938
1692
1612
1991
1842
1732
1719
1898
1887
1975
1919
2001
1939
1853
2015
2218
1744
1922
1702
1828
1789
1971
2029
2147
1948
1905
1765
1728
1787
1905
1940
2038
1960
1896
1826
1802
2087
1812
1574
1948
1865
1984
1935
2003
1755
1974
1988
1836
1976
1745
1942
1885
1799
2019
1857
1990
1977
2087
1766
2078
1995
2326
2221
2291
2041
2107
1901
2024
2190
2265
1839
2196
2173
2098
2211
2240
2242
2188
2254
1936
2209
2301
2130
2163
2251
1893
1912
2173
1970
2250
2159
2342
2205
2112
2064
1829
2131
2203
2015
2090
2011
2160
1838
2349
2168
2061
2109
2154
2069
2154
2241
2143
2174
2228
2176
2026
2055
2173
2112
2275
1968
2499
2257
2194
2052
2270
2037
1982
2328
1974
2330
2131
2206
2193
2167
1988
2132
2172
1990
2329
1946
2106
2184
2277
2183
2106
2123
2070
2149
2161
2221
2227
2135
2138
2200
1947
1923
2460
2010
2482
2246
2111
2221
1943
2028
2098
1805
1890
2140
2125
1956
2114
2165
1863
2096
2255
2135
2040
2167
1847
1933
2055
2086
2151
2040
2003
1945
1977
1824
2011
2159
2242
1970
1838
1993
1901
1918
2080
2039
1900
1778
1932
1833
2254
2008
1848
1975
2072
2030
2072
2059
2003
2217
2027
1998
2190
1850
2173
1909
1951
1948
2231
1985
2191
2099
2114
1979
1934
1996
1954
2120
2055
2056
1944
1991
1917
2025
1991
1716
2161
1978
2159
2040
2082
1951
2247
2097
1768
2208
2006
2054
2070
2059
2172
2103
2149
1920
2196
1917
2345
2087
2126
1869
2129
1915
1980
1694
1844
1921
2081
1760
1788
1824
1904
1871
1861
2077
1900
2003
2021
2006
1819
2018
1968
1988
1635
1666
1878
1594
2121
2052
2160
2071
2009
1853
1864
1851
1890
1902
2016
1950
1803
1821
1952
1961
1819
1913
2001
1809
2060
1915
1874
1866
1833
2029
2105
1725
1862
1857
1938
1656
1975
2018
2174
1989
1909
1833
1845
2108
1755
2039
1998
2131
1840
1899
1818
1880
1666
1861
2200
1840
1954
1950
2141
1878
1950
1939
1792
1890
1849
1883
1874
1943
1960
1906
1899
1602
2054
2008
2124
1947
tempo: 0.001818