100 100
1929
1841
1930
1982
1922
2079
1864
2027
1959
2005
1945
1865
1820
2085
1888
1673
1816
1931
1951
1729
1898
1925
1791
1983
1640
1749
2120
1786
1951
1863
1888
1884
1703
2094
1730
1908
2041
1749
2085
1896
1831
1959
1871
1992
2000
1757
1848
2055
2080
2131
2261
2211
2422
2541
2288
2154
2339
2318
2672
2339
2021
2249
2061
2463
2250
2155
2435
2316
2207
2341
2198
2180
2422
2353
2308
2234
2237
1959
2531
2648
2083
2436
2289
2078
2411
2323
2401
2209
2153
2261
2119
2563
2253
2415
2340
2260
2395
1985
2432
2570
2211
2220
2388
1889
2339
2741
2219
2371
2482
2473
2219
2093
2046
2290
2405
1973
1880
2458
2329
2366
2357
2581
2166
2320
2075
2229
2673
2113
2191
2257
2458
2259
2129
2399
2432
2303
2662
2267
2706
2077
2264
2255
2123
2335
2213
2074
2299
2439
2569
2583
2185
2238
2221
2398
2094
1934
2146
2171
2388
2120
1746
2154
2144
2182
2095
2224
2221
2115
2068
2028
1956
2151
2138
1977
2312
2266
2119
1848
2499
2464
2027
2322
2140
1963
2394
2212
2218
2207
2205
2188
2040
2326
2175
2212
2179
2100
2138
1887
2278
2395
2104
2161
2230
2016
2101
2392
2125
2149
2125
2405
2233
2225
2123
2121
2101
1856
1824
2308
2149
2138
2083
2474
1959
2234
1978
2025
2427
1810
2286
2052
2373
2122
1978
2321
2164
2291
2615
1883
2584
2119
1986
2165
2094
2264
2140
1725
2004
2111
2366
2382
2023
2092
2042
2386
1995
1961
2053
2244
2252
2054
1819
2057
2089
2193
2027
2125
2246
2117
1985
1912
2015
2019
1925
1947
2021
2170
2246
1741
2137
2402
1993
2212
2052
2064
2335
2151
1962
2077
2276
2329
2046
2215
2166
2127
1859
2191
2354
1817
2108
2186
2166
1762
2167
2052
2053
2374
1964
2256
2011
2220
1956
2051
1952
2239
2066
1757
1793
2142
2133
1979
2038
2315
1883
2098
1969
2020
2402
1761
2115
1941
2300
1856
1942
2177
2114
2070
2103
1994
2270
2085
2006
1986
1933
2224
1978
1784
1869
2087
2195
2399
2215
2213
2283
2383
2177
1904
2289
2170
2287
2035
1856
2190
2164
2283
2096
2234
2344
2200
2034
1920
2113
2153
2217
2137
2064
2271
2085
1741
2456
2327
1903
2384
1973
1947
2395
2107
2106
2128
2088
2320
1981
2550
2128
2233
2125
2259
2217
1930
2389
2399
2115
2124
2316
2112
2172
2238
2048
2358
2121
2267
2218
2275
1940
2244
2076
1865
2003
2291
2293
1972
2115
2402
1911
2162
2036
2056
2295
2018
2278
2142
2194
2207
1944
2315
2165
2171
2352
1957
2541
2051
2105
2274
2194
2442
2109
1920
2081
2092
2363
2355
1959
1929
2116
2185
2014
1858
2153
1935
2227
1934
1763
2080
1981
2173
1990
1989
2107
2008
1768
1921
1833
1915
2185
1967
1897
2150
1916
1736
2274
2196
1766
2227
1930
1757
2155
1987
1957
1967
1714
2076
1801
2235
2011
1943
1970
1883
1937
1770
2123
2258
1887
1894
2071
1730
1972
2177
1800
2243
1980
2008
1976
2143
1836
1889
2032
1759
1777
2053
2061
1993
1969
2149
1887
2120
1731
1933
2127
1972
2077
1992
1916
1869
1886
2129
2008
2060
2302
1900
2351
1969
1887
2024
1831
2055
1967
1675
2113
1988
2034
2224
2278
2420
2248
2557
2270
2281
2392
2461
2631
2253
2178
2314
2326
2451
2379
2228
2691
2497
2386
2303
2268
2328
2348
2267
2337
2412
2435
1967
2628
2682
2236
2597
2172
2261
2747
2332
2364
2609
2329
2514
2147
2449
2437
2412
2333
2309
2499
2119
2525
2554
2220
2319
2513
2145
2470
2703
2122
2420
2372
2470
2363
2323
2384
2524
2400
2035
2282
2457
2367
2303
2498
2644
2282
2441
2231
2307
2622
2268
2523
2404
2634
2268
2121
2584
2536
2313
2625
2220
2776
2458
2336
2309
2515
2532
2389
2097
2275
2301
2529
2537
2053
2103
2067
2187
2097
1915
2181
2245
2338
2012
1768
2104
2035
2199
1950
1930
2088
1987
1981
2004
1906
2041
2106
1983
2053
2143
2119
1705
2228
2393
1848
2125
1921
1920
2236
2046
2146
2018
1911
2107
1861
2256
1928
2142
2035
2074
2056
1973
2199
2304
1956
2009
2062
1892
2053
2375
2032
2116
2003
2213
2036
2054
1966
1959
2042
1753
1894
2123
2085
2056
2015
2322
1963
2109
1832
2030
2034
1919
2176
1999
2158
1932
2041
2189
2132
2092
2340
1979
2342
2017
1999
2220
1945
2250
1976
1792
2122
2041
2256
2296
1924
1903
1810
2067
1838
1752
2121
1940
2080
1832
1758
1731
1942
1851
1867
1668
2014
1777
1964
1826
1792
1672
2030
1873
1818
2020
1896
1498
2206
2205
1831
2119
1707
1687
2041
2002
1972
1878
1741
2025
1813
2123
1948
1923
1982
1787
1848
1768
1964
1954
1864
1916
1908
1541
1947
2151
1791
2107
1914
2084
1903
1846
1815
1882
1720
1537
1682
1952
1977
1845
1898
2024
1837
1825
1676
1683
2099
1596
1893
1926
2081
1920
1749
2099
1955
1855
2133
1764
2141
1763
1830
1743
1661
2000
1850
1687
1893
1992
1981
2059
2022
2297
2246
2458
2033
2068
2231
2192
2417
2007
1942
2058
2283
2267
2017
1994
2269
2079
2127
2228
1996
2089
2107
2041
2070
2185
2351
1908
2383
2451
2021
2379
2101
1914
2468
2262
2232
2068
2169
2108
2055
2365
2208
2106
2155
2085
2244
1929
2394
2337
2161
2029
2223
1916
2264
2437
2112
2469
2183
2343
2252
2125
1962
2140
2269
1980
1809
2117
2108
2096
2262
2316
2044
2149
2091
1962
2533
1876
2230
2039
2422
1977
2078
2416
2190
2247
2409
2028
2512
2117
2266
2239
2074
2280
1943
2180
2057
2177
2126
2359
1752
1811
1753
2023
1742
1577
1794
1752
1928
1685
1620
1777
1973
1693
1664
1672
1720
1573
1819
1659
1685
1761
1655
1741
1689
1754
1787
1502
2014
1860
1622
1839
1705
1575
1965
1746
1825
1835
1755
1773
1760
1845
1656
1823
1750
1717
1692
1626
1795
1786
1627
1744
1810
1515
1808
1849
1683
1815
1733
1807
1749
1658
1640
1782
1693
1441
1525
1813
1752
1567
1821
1970
1517
1763
1676
1440
1883
1414
1915
1704
1970
1573
1532
1861
1864
1734
1982
1627
1961
1727
1693
1843
1795
1808
1649
1590
1629
1673
1808
1885
1788
1899
1768
1945
1810
1645
1825
1987
2045
1836
1580
1953
1865
1726
1877
1670
1906
1826
1756
1858
1582
1790
1738
1577
1758
1882
1855
1503
2000
1986
1625
1970
1626
1645
2161
1797
1876
1744
1645
1786
1695
1988
1717
1930
1762
2042
1946
1540
1978
1994
1800
1683
1833
1611
1862
1999
1833
1946
1714
1820
1947
1904
1712
1953
1755
1549
1596
1812
1910
1685
1762
1974
1709
1893
1542
1800
1955
1597
1958
1694
1995
1661
1682
1766
1715
1931
2033
1748
2026
1815
1755
1921
1734
2046
1664
1575
1727
1724
1906
2114
2109
2094
1993
2185
1960
2014
2095
1992
2315
1932
1778
2113
2076
2005
2042
1887
2178
2080
2050
2086
1846
2035
2015
2033
1969
2167
2077
1729
2286
2184
1790
2324
1975
1937
2319
2076
2117
2096
1900
2113
1973
2222
2153
2135
2121
1959
2076
1810
2259
2201
2033
1992
2035
1692
2253
2234
1823
2210
2014
2177
2124
2019
1912
2160
2095
1708
1851
2148
2084
1964
2182
2289
1812
2186
1865
1811
2283
1663
2015
2006
2308
1955
1712
2128
2145
2175
2326
1796
2384
2051
1981
2055
2114
2296
1904
2011
1957
2157
2165
2287
tempo: 13