100 100
2211
1971
1896
2137
2037
1965
1859
2034
2088
1920
2189
2211
2139
2089
2110
1757
1884
2112
1976
2091
2107
1959
2017
2034
1798
2096
1919
1828
1913
1903
2120
2057
2099
1961
1922
1900
1847
2144
2106
2101
2067
2043
2205
1874
1979
1701
2126
1966
2287
1978
2139
2188
2027
1878
1940
1869
1908
2145
2471
1995
2162
2306
2026
2107
2120
2115
2117
2061
2122
2056
1990
2144
2173
2014
1890
1801
2019
1948
2215
2209
2195
2301
2043
2014
2001
2104
2230
2088
2019
1951
1831
1976
2324
2284
2143
2167
2054
1870
2065
2172
2015
2140
2081
2194
2131
1981
2129
2071
2167
2063
2288
2158
2159
2231
2008
2047
1966
2186
2037
2298
2057
2014
2140
1901
1949
2167
2077
1790
2254
2081
2063
2040
2180
2134
2129
2195
1914
2084
2133
1966
2003
2151
2353
1842
2148
1865
2156
2020
2450
2109
2286
2202
2117
1987
2000
1824
1899
2100
2059
1919
2261
2118
1963
2065
2105
2194
2180
2066
2061
2027
2161
2188
2052
2035
1879
1968
2073
2082
2076
2197
2175
2183
2123
1932
1878
1855
2074
2124
1922
2089
1909
1814
2258
2039
1951
1970
1948
1837
2015
2269
2177
2172
1849
2104
2284
1953
2238
1908
2286
1937
2287
2097
2280
2123
1989
1968
1947
2221
1849
2052
2110
2150
2057
2104
1834
2130
1772
1953
2039
2126
2030
2143
2101
2179
1992
2046
1973
2216
2045
2153
2069
2161
2206
2134
1795
1948
2196
2047
2339
2063
2103
1890
1930
1898
1903
2020
1851
2054
1848
1674
1886
1910
1909
1755
1915
1914
2048
2055
1978
2120
1911
1814
2045
1948
1808
1535
1756
1976
2112
1982
2024
1965
1894
1852
1753
1818
2064
1941
1972
1863
1702
1824
2144
1998
1738
1984
1719
1857
1883
1949
1846
1897
1954
1963
1999
1702
1990
1738
1927
1799
2145
2049
2119
1952
1807
1793
1864
1837
1803
1931
1804
2022
1824
1707
1918
1859
1712
1748
2084
1958
1885
1958
2127
1954
1927
2016
1800
1868
1928
2045
1934
1795
1998
1813
1909
1628
2249
1835
2158
1917
1852
1953
1870
1871
1842
1824
1699
1889
1931
1583
1839
1917
1936
1637
1847
1952
1742
1946
1811
1928
1849
1851
1762
1874
1721
1528
1816
1978
1963
1901
2120
1951
1914
1756
1759
1950
1862
1944
1845
1830
1737
1590
2050
1886
1595
1998
1732
1603
1901
1946
1689
1697
1761
1952
1954
1564
1895
1944
1835
1759
2135
1910
2102
1971
1807
1914
1841
1813
1769
1880
1882
1998
1887
1767
1888
1758
1821
1884
2053
1885
1687
1950
2000
1802
1947
1978
1741
1818
1834
1674
1733
1715
1980
1753
1653
1465
1964
1845
2175
1685
2146
2145
1976
1920
2025
1840
1901
2070
2115
1715
2074
2057
1904
1920
2253
2303
2034
2009
2039
2080
1947
2119
2049
2002
1877
1783
2042
2037
2176
2062
2267
2009
1966
2125
1877
2002
2060
2055
1946
1893
2038
1904
2164
2186
1880
2034
1912
1934
2110
2057
1854
1933
1989
2154
2005
1968
2076
1950
2102
1902
2286
2137
2220
2100
2145
1916
1875
2155
2075
2057
1965
2191
2041
2016
1992
2062
2002
1995
2085
1862
1858
2108
2015
1974
2124
2127
2010
2188
2042
2115
2053
2004
2132
2024
2048
1822
2242
2031
2192
1956
2254
2107
1979
2002
2002
1808
1850
2068
2120
1994
2284
2030
1966
1969
2046
2079
2066
2211
1829
2014
1954
1950
2083
1985
1814
2042
1933
1918
2187
2201
2119
2070
2050
2133
2015
2020
2293
2133
1982
2039
1846
1775
2232
2070
2059
2095
1979
1983
2039
2020
2047
2000
2084
2200
2194
1950
1872
1865
2136
2091
2210
2272
2133
2099
2154
1899
1790
2023
1969
2075
2039
2110
2207
1915
1926
2135
2024
1930
2157
2003
2047
1936
2185
2083
2061
2081
1956
1904
1944
2032
2166
1875
2228
1917
1852
1813
2294
1938
2185
2172
2423
2376
2340
2112
2291
2066
2002
2246
2346
2070
2308
2309
2289
2158
2325
2217
2255
2273
2191
2204
2141
2352
2262
2278
2143
1890
2408
2206
2479
2428
2428
2219
2171
2371
2112
2174
2283
2279
2112
2193
2132
1849
2423
2227
2136
2402
2201
1970
2209
2338
2154
2117
2278
2272
2428
2038
2340
2106
2295
2161
2362
2232
2431
2232
2218
2198
2030
2161
2228
2254
2232
2207
2192
2183
1991
2252
2193
2100
2363
2164
2211
2342
2121
2212
2344
2352
2144
2341
2167
2188
2324
2264
2422
2260
2223
1920
2359
2128
2454
2191
2216
1918
1924
2012
2262
1946
1835
2123
2139
1950
2302
2095
1980
1991
1987
2085
2315
2292
1898
2089
2342
2194
2147
2173
1917
1956
2152
2025
2255
2229
2275
2142
2092
1981
1888
2070
2157
1933
2108
2201
1996
1728
2256
1955
1766
2074
1860
1926
2031
2129
2059
1962
1914
2119
2193
1758
1991
2002
2147
1967
2158
2122
2235
1964
2096
2038
1956
2024
1988
2161
2089
2194
2022
2017
1970
1931
1851
1960
2065
2135
2070
2148
2304
2015
2089
2020
2048
2142
2103
2069
2139
2156
2182
1974
1869
1667
2299
1960
2445
2166
2191
2060
2114
2001
2064
2013
1959
2261
2384
1940
2226
2113
2001
2008
2047
2207
2097
2149
2167
2022
2120
2132
2133
2007
2063
1718
2026
1950
2351
2270
2313
2297
2153
1996
2043
2055
2361
2196
2046
2170
1895
1857
2411
2108
2002
2356
2104
2096
2213
2125
1983
2009
2172
2114
2233
1925
1996
1978
2089
1961
2311
2200
2313
2100
2115
2105
2032
2141
2123
2316
2187
2185
2022
1897
2082
2130
1968
1961
2249
2202
2128
2229
2375
2031
2226
2248
1928
1979
2123
2262
2065
2175
2301
2039
2111
1880
2249
2330
2301
1912
2229
2151
2040
1891
2023
1816
1845
1986
2179
1848
2167
2049
1997
2035
1943
1975
2119
2179
1924
2137
1962
2067
1901
2017
1836
1772
2035
1954
2147
2073
2183
2260
2115
2035
1999
1893
2053
2207
1998
1938
1736
1806
2135
2097
1761
1906
1941
1818
1968
2116
1990
1852
2141
2115
2033
1902
2086
1919
1974
1893
2293
2135
2206
2099
2093
2107
1747
2125
1757
2035
1973
2184
1917
2019
1929
1905
1982
1791
2130
1943
2140
2111
2110
2053
2020
2079
1998
2048
2025
2029
1750
1933
2214
1941
1929
1659
2330
2031
2202
2120
2041
2117
1872
1965
2032
1770
1802
2182
1889
1821
2017
1806
1720
1732
1918
2036
2014
2054
1882
2064
1944
1911
1863
2013
1938
1742
1977
1875
2017
2080
2006
1969
1803
1901
1730
1942
1987
1920
1961
1866
1848
1659
2102
1814
1923
2033
1941
1850
1957
1996
1977
1885
1858
1965
1982
1774
1914
1780
1939
1802
2166
1972
2081
1948
1977
1711
1727
1949
1805
1900
1850
1982
1879
1944
1782
1847
1747
1729
1953
1942
1890
1965
1967
1911
2072
1949
1897
2122
1969
1963
2000
1836
1928
1864
1878
1702
2156
1770
2237
1883
1926
1976
1894
1799
2017
1739
1762
1930
1882
1693
2128
1811
1702
1776
1869
2010
1826
1999
1853
1907
1774
1968
1902
1712
1711
1750
1936
1864
2044
2042
2174
1962
1907
1863
1904
1858
2031
1826
1790
1937
1793
1669
1990
1818
1837
1913
1909
1803
1998
2051
1820
1814
1895
2057
1998
1653
1844
1771
2043
1974
2177
1960
2144
2030
2106
1839
1831
2147
1944
2028
1839
2172
1842
1940
1770
1990
1822
1760
2059
1975
1836
1875
1915
1943
1877
1959
1730
1891
1822
1825
1910
1770
1889
1885
1679
1612
2014
1901
2100
2046
tempo: 0.001598