100 100
2071
1921
1923
1957
1958
2039
2093
1723
2168
1890
1828
1896
1850
1952
1834
1915
2079
1943
1652
1897
2291
1899
2137
1887
1846
1740
1976
1955
1784
2002
1962
2155
1795
2078
1877
1959
1965
2143
1824
2058
2032
1821
2053
1863
1802
2094
2054
1983
2064
1667
2107
1860
1993
1890
1777
2023
1891
1963
2140
1883
1716
1934
1723
2032
1844
2150
2007
2015
1778
1954
2192
1546
1950
1838
1879
2207
1916
1955
2001
2209
1975
1902
1825
1923
1801
1866
1969
2058
1618
1940
2039
1666
2214
2101
1772
2014
1938
1916
1968
1997
1861
1821
1785
1783
1870
2034
2063
1793
2051
1705
1626
1662
1837
1669
1718
1716
1762
1668
1608
1516
2138
1644
1998
1724
1650
1609
1832
1773
1770
1857
1883
2142
1772
1965
1661
1919
1571
1956
1545
1778
1646
1695
1963
1705
1723
1846
1896
1897
1683
1716
1927
1700
1873
1711
1902
1803
1817
1759
1823
1961
1589
1950
1684
1838
1836
2009
1699
1858
1632
1734
1999
1389
1797
1825
1879
1845
1635
1806
1808
1983
1746
1831
1641
1594
1751
1858
1851
1890
1528
1664
1889
1814
1915
1987
1504
1892
1830
1824
1800
1818
2076
2109
2063
1942
1936
2137
2242
1896
2015
1760
1898
1939
1882
2045
1751
1967
1942
1819
1863
1829
2337
1894
1952
1761
1850
1670
2016
1890
1898
1931
1772
2241
2131
1969
1989
1863
1808
2121
1891
2154
1969
1749
2086
1921
1878
2110
2144
1964
1943
1730
2074
1787
2057
1791
1869
2027
2127
1884
1938
1772
1638
2163
1792
1983
1941
2143
1839
2028
1797
1943
2058
1640
1895
2034
2003
2106
1943
1993
1928
2150
1817
1877
1834
1702
1661
1807
1902
2083
1700
1911
2350
1861
2223
2190
1812
1924
1883
1874
1942
1778
1999
2165
1819
1983
1910
2327
2195
1940
2234
1897
1857
1882
1892
1816
1914
1960
2081
1786
1949
1798
2279
1893
2141
1710
1893
1653
1943
2036
1789
2075
2137
2144
1946
2038
1872
2092
1785
2096
2019
1975
1887
1955
2302
2063
2003
2002
2055
2076
2044
1799
2142
1810
2027
1863
2119
1904
1921
2002
1924
1993
1746
2147
1684
2047
2018
2002
2105
2094
1814
1840
2167
1727
1920
1986
1970
2111
1874
1938
1903
2131
1905
2183
1823
1748
1915
2029
1927
2023
1703
1934
1875
1855
2219
2094
1761
1747
2173
1829
1742
2121
2249
2219
2042
2053
2026
2389
2348
1871
2379
1949
2003
2017
2015
1990
2061
2004
2233
2019
2011
1971
2603
1907
2041
1814
1987
1777
2131
2027
1964
2001
2075
2240
2088
2191
2094
1964
1920
2397
1883
2112
2001
1964
2236
1950
2110
2269
2254
2078
2123
2007
2392
1947
2284
1725
1972
2204
2399
1897
1977
2062
1825
2194
1868
2277
2005
2165
1951
2212
1967
1955
2372
1851
1983
1972
2197
2157
2003
2177
1955
2297
1986
1977
1950
2075
1860
2045
2095
2148
1826
1920
2194
2052
2358
2228
2006
2043
2215
2070
2008
2118
2090
2094
1911
1889
2087
2131
2187
1777
2136
1856
1949
1744
1819
1767
1767
1916
2085
1842
1930
1795
2228
1857
1944
1699
1876
1634
1914
1936
1880
1846
2027
2051
1865
2060
2046
2038
1829
2158
1897
2134
2019
1872
2247
1891
2103
2007
2044
2016
2042
1869
2268
1835
2036
1711
1913
1966
2214
1912
2007
1815
1727
1953
1732
2161
1965
2142
2076
2137
1630
1842
2236
1639
1961
1889
2098
2182
2033
2130
1927
2227
1764
2058
1802
1939
1828
1894
1961
2100
1815
1948
1983
1891
2159
1965
1843
1975
1934
2034
2015
1854
2099
2216
2107
2224
2128
2278
2270
2107
2196
1809
2109
1998
1951
2080
1858
2142
2135
2049
1873
1896
2563
2030
2109
1890
1974
1670
2083
2068
1947
2440
2140
2434
2084
2260
1948
2098
1773
2361
1994
2136
2150
2029
2285
1935
2155
2286
2256
2211
2020
1891
2158
2045
2103
1838
2195
2147
2221
2128
1971
2040
1799
2149
1903
2088
1977
2291
2077
2281
1860
2076
2266
1725
2042
1948
2095
2164
1991
2204
2038
2272
2090
2301
1923
2029
1886
2035
2180
2232
1774
2148
2124
2047
2348
2358
2022
2198
2099
2035
1856
2153
2098
2041
2045
2135
2075
2308
2245
1971
2238
1848
1884
1987
2011
1934
1741
1907
2066
1782
1723
1953
2190
1849
2120
2064
1904
1804
2027
1986
1856
2201
1995
2218
1924
2215
1888
2061
1884
2098
1917
2058
1810
1706
2221
1945
1994
2098
2004
1928
1990
1969
2111
2045
2028
1999
2139
2049
2093
1901
1956
1909
1829
2024
1907
2135
1944
2223
1964
1983
1871
2061
2210
1684
2020
1955
2028
2161
2018
1985
1974
2433
1945
2000
1810
1946
1968
2195
2115
2122
1852
2002
2041
2088
2132
2265
1975
2048
1996
2043
1920
1975
2088
2043
2071
2013
1847
2068
2135
2121
2249
1759
1812
1907
2009
2044
1864
1857
2152
1981
1873
1927
2345
1905
2238
1875
1835
1742
2036
1965
1846
2124
1951
2212
2122
2024
1903
1963
1779
2144
1784
1982
1874
1834
2135
1816
2014
2284
2174
1961
2000
1911
1982
1969
2105
1860
1853
2005
2168
1930
1851
1888
1705
2103
1966
2095
2041
2065
1825
1953
1727
2052
2188
1777
1969
1993
2025
2206
1898
2044
2088
2179
1962
1985
2089
2020
1836
2033
2078
2105
1857
1824
2133
1833
2258
2201
1839
2181
2104
1995
1735
2105
2251
2372
2227
2181
2282
2342
2483
2076
2381
2141
2024
2251
2269
2163
2217
2148
2304
2035
2164
2150
2622
2044
2445
2067
2192
1907
2175
2115
2005
2240
2223
2313
2309
2199
2247
2181
2109
2340
2092
2301
2080
2056
2453
2151
2340
2253
2310
2157
2185
2154
2292
1972
2218
2233
2174
2190
2260
2104
2099
2107
1932
2404
2017
2217
2170
2395
2178
2213
2035
2107
2413
1964
2122
2171
2293
2310
2328
2159
2018
2429
2124
2363
1970
2069
2097
2134
2168
2329
1936
2104
2434
2183
2577
2427
2053
2187
2355
2312
2205
2268
2225
2321
2127
1965
2147
2212
2548
2221
2386
1900
1980
2083
2236
2196
1951
2042
2257
1795
2036
1797
2496
1952
2138
2118
2048
1931
2069
2090
2021
2265
2141
2403
2080
2012
2075
2157
2033
2191
1971
2259
2005
1920
2355
2260
2153
2168
2319
2130
2277
1941
2465
1956
2102
2167
2125
2271
2189
1969
1979
2176
1986
2242
2083
2181
2233
2418
2085
2242
2009
2037
2343
1837
2049
2241
2148
2162
2038
2177
1949
2314
2103
2193
1995
1904
1999
2096
1996
2275
1994
2035
2130
1983
2440
2350
1989
2062
2116
2196
2049
2235
2072
2163
1864
1938
2011
2242
2087
2003
2203
1721
1825
2026
1963
1907
1800
1836
2017
1944
1678
1910
2162
1960
1996
1767
1873
1836
1958
1946
2006
2076
1861
2019
1929
1916
1882
1954
1743
2050
2022
1981
1931
1983
2125
1808
1946
2132
2056
2100
2019
1907
2222
1803
1883
1803
1876
1933
2020
1835
1802
1806
1659
2032
1679
2115
1989
2063
1864
2031
1715
1924
2127
1587
1856
1851
2037
2115
1912
2034
1889
2222
1952
2027
1786
1683
1938
1909
2041
1947
1822
1823
2072
1816
1992
2187
1769
2153
2056
2024
1931
2070
2250
2418
2124
2118
2123
2199
2292
2125
2232
1880
1903
1999
2000
2199
1813
2226
2286
1942
1908
1950
2474
1994
2281
1952
2035
1905
2224
2045
2018
2289
2103
2303
1992
2188
2049
2115
1895
2213
1903
2135
2057
1908
2295
2046
1999
2242
2234
2198
1985
1826
tempo: 2