100 100
2051
1940
1969
1984
1925
2159
2013
1766
2156
1760
1800
1862
1978
1794
1904
1870
1927
1937
1753
2011
2273
1968
2046
1882
1800
1599
1927
1841
1740
2068
1989
2141
1990
2041
1946
1826
1751
2174
1855
1895
1847
1878
1811
1879
1931
2159
2070
2039
1992
1825
2163
1804
1949
1745
1700
1972
1973
1950
1962
1908
1727
2055
1830
2043
1994
1994
1895
1873
1922
2021
2136
1625
1858
1956
1998
2096
1846
2086
1898
2045
2016
2001
1912
1783
1776
1975
1960
1871
1724
1904
2172
1736
2136
2102
1693
1957
2021
1937
1926
1957
1937
2128
1805
1773
1763
2153
2055
1862
2005
1681
1644
2030
1844
1958
1750
1810
1901
1897
1921
1842
2126
1786
1913
1774
1799
1692
1805
1799
1787
1977
1853
2002
1856
1990
1909
1897
1940
2033
2018
2001
1960
1631
2094
1836
1946
2081
1970
2021
1986
1898
2036
1702
2110
1822
1865
1882
2056
1837
2120
1862
1755
2013
1801
2114
1896
2119
1726
2023
1643
1697
2082
1608
1763
1953
1861
2165
1759
1924
1811
2149
1762
1988
1711
1736
1727
1830
1952
1994
1743
1779
2031
1838
2040
2068
1910
1982
1944
1790
1895
1964
1997
2187
1965
1986
2024
2274
1976
2102
2233
1780
1915
2087
2006
2085
1930
2004
2139
1910
1974
1872
2190
1899
2134
1831
1894
1721
1971
1953
1803
2117
1910
2065
2135
2111
2033
1855
1778
2227
2002
1981
2023
1839
2066
1963
2078
2131
2186
2031
1917
1854
1944
1713
2044
1839
1853
1946
2044
1970
1836
1946
1764
1886
1919
2001
1880
1961
1925
1978
1976
2049
2219
1688
1991
1795
2079
2086
1809
2108
1993
2040
1865
2017
1970
1904
1803
1847
2111
2069
2009
1950
2215
1749
2317
2167
1782
2173
1939
2000
1808
1983
2002
2128
1961
1945
1865
2126
2036
1829
2131
1719
1868
1860
1914
1892
1871
1944
1884
1801
1761
1852
2094
1834
2037
1796
1712
1571
1942
1975
1758
2199
1981
2245
1925
1931
1773
1898
1721
1991
1842
1903
1698
1910
1930
1935
1856
2028
2003
2030
2046
1831
2019
1822
1945
1972
1874
1826
1829
2009
1877
1918
1824
2072
1872
2105
1943
2134
1840
1987
1834
2058
2069
1594
1956
1974
1926
1969
1884
1926
1948
2204
1995
2004
1818
1816
1740
2070
1974
1918
1686
1788
2100
1793
2126
2062
1798
2095
2016
1849
1879
2113
1928
1815
1777
1942
1886
2070
2013
1792
1999
1789
1732
1773
1833
1718
1758
1721
1901
1775
1639
1603
2171
1785
2091
1743
1715
1688
1943
1900
1653
1907
2010
2006
1699
1804
1816
1878
1782
1770
1737
1966
1803
1663
2037
1758
1972
1894
1873
1942
1894
1750
1782
1704
1907
1746
1768
1651
1874
1931
1682
1690
1580
1819
1636
1848
1851
1896
1815
1842
1542
1573
2053
1485
1853
1799
2020
2107
1850
1914
1815
2137
1730
1868
1784
1667
1687
1860
1724
1972
1750
1845
1899
1764
1916
1869
1552
1906
1950
1715
1731
2081
2266
2405
2320
2296
2233
2383
2447
2550
2505
1993
2257
2200
2395
2315
2170
2306
2220
2181
1975
2107
2527
2153
2356
2235
2084
1986
2285
2320
2027
2427
2286
2713
2312
2262
2080
2275
2081
2230
2103
2314
2160
2113
2352
2166
2409
2509
2421
2392
2238
2182
2392
2072
2194
2244
2179
2151
2377
2169
2111
2291
2023
2280
2290
2340
2283
2463
2181
2318
2059
2446
2434
1885
2307
2313
2254
2287
2188
2239
2128
2580
2391
2356
1996
2130
2125
2126
2217
2260
1980
2166
2474
2247
2427
2569
2064
2421
2347
2366
2201
2340
1953
2090
1877
1978
1999
2237
2232
1770
2258
1832
1961
1914
2034
2048
1876
1795
2077
1957
1780
2036
2333
1915
2104
1979
1740
1737
2162
2068
1829
1971
1841
2257
1987
1995
1882
1930
1854
2131
1888
2097
1846
1874
2168
1862
2055
2153
2071
2084
1993
1762
2309
1847
1913
1773
1894
2042
2065
1877
1966
1955
1686
2089
1888
2177
2009
2037
2112
2061
1887
2046
2221
1753
2014
1923
1966
2130
1967
2106
1949
2196
2037
1961
1880
1851
1950
1922
2067
2006
1765
1910
2190
2008
2155
2170
1850
1942
2042
2021
1941
2042
2133
2343
2001
2126
2161
2220
2326
2057
2165
2015
2054
2014
1988
2039
1984
2098
2297
2145
2043
2049
2567
1942
2260
1983
2117
1977
2165
2133
2066
2264
2066
2431
2121
2225
2137
2199
1945
2245
2117
2349
2119
2008
2459
2113
2223
2192
2361
2168
2165
1955
2282
1826
2300
2092
2050
2023
2191
2098
2150
2014
1857
2219
1975
2148
2173
2376
2085
2176
1897
2141
2399
1761
2013
2008
2212
2394
2036
2355
2373
2428
2062
2240
1977
1877
1909
2186
2181
2443
1958
2210
2294
2052
2415
2165
2068
2232
2210
2015
2116
2080
2156
2118
1964
2090
1932
2237
2249
1918
2239
1728
1887
1961
1947
2058
1832
1939
2055
1990
1761
1852
2236
1914
2147
1878
1896
1872
1806
2040
1950
2252
1934
2252
2013
2055
1888
2085
1788
2229
2044
2176
1985
1826
2097
1964
1919
2195
2055
2039
2169
1967
2282
2046
1898
1849
1874
1943
2031
1970
2035
1998
1902
2025
1861
2062
1951
2139
1906
2238
1725
1999
2128
1628
1926
2017
2045
2198
1927
1896
2047
2267
2068
2030
1936
1858
1822
2109
2117
2159
1808
1901
2075
1751
2129
2231
1968
1948
2041
2004
2027
2135
1962
1989
2037
2014
1971
2152
2160
1862
2015
1853
1799
1741
1711
1960
1753
1884
1957
1719
1908
1758
2123
1742
2045
1771
1870
1581
1862
1838
1826
1985
1973
1977
1848
2097
1763
2006
1717
1977
2064
1904
1837
1787
2177
1880
1877
1828
2068
1918
1927
2001
1949
1760
1970
1870
2011
1798
2056
1829
1784
1850
1680
2119
1584
1922
1962
2045
1856
1960
1574
1893
2170
1606
1790
1974
2056
2067
1831
2015
1991
2086
1659
2005
1722
1753
1668
1923
1937
2093
1825
1844
2022
1785
2091
1896
1598
1818
1898
1787
1700
1879
2210
2230
2167
2202
2278
2440
2432
2159
2360
2026
2078
2336
2253
2126
1996
2208
2210
1906
1909
2004
2411
1973
2272
2248
2047
1793
2142
2119
1980
2324
2179
2438
2198
2344
2196
2120
1991
2274
2134
2234
2155
2070
2447
2073
2177
2230
2341
2145
2188
2115
2294
2001
2186
1982
2139
2216
2130
2158
2198
2326
1952
2070
1979
2250
2215
2286
2185
2130
1967
2191
2481
1782
2182
2163
2114
2250
2104
2206
2124
2438
2158
2281
1983
2017
1905
1964
2020
2158
1882
2206
2235
2110
2333
2418
2029
2273
2233
2201
2077
2274
1837
1970
1881
1817
1898
2079
1845
1861
2101
1757
1821
1839
1949
1808
1610
1882
1819
1851
1786
1752
2198
1947
1822
1654
1818
1602
1925
1731
1610
2011
1864
1917
1879
1999
1749
1900
1764
2124
1839
1898
1870
1895
1997
1785
1941
1977
2048
1747
1994
1794
1987
1806
1854
1534
1844
1926
2013
1886
1801
1789
1709
2005
1642
2092
1898
1990
1781
1840
1717
1905
2009
1635
1697
1778
2012
1979
1894
1935
1857
2124
1713
2030
1715
1773
1612
1860
1780
1929
1617
1753
2027
1839
2038
1869
1785
1903
2012
1841
1707
1907
1881
2043
1808
1810
1791
1889
1920
1850
1975
1609
1711
1774
1899
1707
1589
1704
1898
1880
1780
1655
2124
1641
1775
1655
1790
1602
1820
1627
1752
1978
1807
1937
1793
1923
1713
1751
1605
2106
1782
1848
1847
1619
1907
1757
1905
1906
1837
1770
1771
1802
tempo: 1