100 100
2204
1895
2137
1940
2167
2082
2253
2008
2134
2063
1779
2040
1954
2028
2124
2194
2047
2148
1885
2100
2336
1816
1935
2028
2055
2270
2098
2102
1857
2429
1999
2104
2021
2054
1949
1887
2007
2195
1900
1960
2144
1984
2281
2423
1971
2061
2064
1941
1905
2148
1642
1779
1658
1812
1703
1920
1901
1777
1939
1604
1681
1663
1713
1831
1783
1668
1746
1702
1571
1709
1979
1614
1964
1599
1700
1456
1681
1671
1624
2010
1712
1942
1850
1807
1634
1833
1670
1956
1761
1827
1818
1771
2051
1710
1851
1825
1919
1795
1736
1769
1929
1591
1888
1670
1767
1744
1819
1810
1759
1646
1709
1850
1648
1981
1800
1934
1762
1689
1654
1749
2039
1484
1649
1818
1729
1826
1644
1871
2029
1921
1819
1686
1628
1598
1672
1786
1792
1920
1558
1886
1864
1604
1937
1876
1687
1985
1882
1698
1758
1970
1952
2231
1934
2010
1995
2265
1963
2021
2124
1863
1826
1837
1837
1890
1733
1791
2134
1972
1650
1716
2240
1883
2102
1821
1800
1704
1952
1927
1785
2085
1806
2083
1888
2008
1739
1992
1666
2017
1909
1903
1885
1903
2046
1936
1916
2201
1984
1956
1913
1739
1978
1722
1879
1763
1805
1852
2028
1907
1740
1856
1667
1919
1817
1875
2039
2012
1946
1988
1635
1895
2097
1532
1829
1918
2004
2158
1953
1977
1962
2256
1907
1949
1852
1782
1865
1859
2006
2034
1847
1802
2055
1846
2060
2041
1827
2077
2041
1924
1888
1983
2161
2077
2028
1962
1820
2120
2140
1862
2060
1634
1737
1806
1911
1923
1760
1802
1940
1799
1758
1836
2311
1728
1976
1874
1975
1560
1940
1867
1720
2080
1928
2034
1974
1997
1803
2022
1845
2113
1742
2044
1864
1696
1970
1742
1867
1993
2042
1854
1903
1921
2198
1858
2030
1788
1861
1897
2093
1918
1824
1707
1738
1953
1976
2032
1872
2150
1772
2109
1728
1793
2119
1611
1875
1771
1928
2111
1944
1796
1980
2247
1915
1918
1944
1786
1769
1688
2096
2105
1883
1901
1947
1983
2195
2158
1782
1948
1967
2034
1833
2035
2043
2125
1837
1991
1909
2039
2204
1866
1920
1781
1758
1987
1942
2067
1773
1997
1988
1794
1941
1914
2278
1696
1968
1743
1725
1695
1837
1947
1675
2011
1891
2211
2024
1818
1850
1939
1769
2087
1834
1982
1863
1785
2157
1973
1939
2024
2133
1970
1925
1738
1976
1667
2136
1823
1851
1905
1987
1823
1938
1986
1807
1940
1749
1876
1811
2077
1862
2006
1773
1791
2015
1561
1844
1780
1916
2085
1798
1821
1771
2155
2010
1935
1778
1736
1776
1868
1735
2045
1639
1752
2088
1764
1984
2184
1907
2037
1945
1680
1763
2199
1982
2024
1927
2018
2043
1956
2093
2049
2185
1753
1950
1907
2217
2012
1730
1963
1914
1961
1707
1815
2252
1847
2067
1959
1811
1832
2027
2034
1901
2171
1931
2251
2090
2068
1816
1941
1784
2165
1990
2107
1945
2055
2232
1832
2106
2099
2166
1986
1930
1941
2082
1906
2004
1837
1885
2004
2066
1944
1814
2027
1721
1972
1911
2103
1955
2171
1978
1947
1800
2131
2258
1737
2083
1925
1928
2123
1978
2022
2007
2264
1941
2050
1765
1941
1741
2029
1980
1972
1663
1967
2033
1978
2052
2177
1863
2189
2234
2085
1810
2059
2175
2296
2122
2096
1851
2212
2387
2042
2249
1834
1952
2007
1993
2035
1982
2113
2100
1806
1879
1961
2490
1930
2124
2011
1818
1669
2128
2082
1782
2285
2069
2567
2245
2096
1894
2133
1865
2158
1836
2275
1906
1959
2278
2058
2057
2273
2221
2147
2034
1793
2259
1929
2154
1947
2134
1977
2172
2187
2011
2142
1994
2105
1961
2136
2194
2196
1982
2100
1798
2100
2165
1748
1960
2109
2103
2190
1945
2028
2031
2197
2122
2085
1950
1830
1897
1911
2036
2068
1812
1821
2097
1895
2294
2309
1894
2193
2237
1896
1959
2280
1880
1860
1853
1934
1879
1952
1885
1718
1962
1812
1720
1766
1857
1997
1805
1855
1829
1760
1819
1956
1973
1809
2019
1789
1807
1680
1692
1916
1456
2108
1870
1844
2010
1920
1844
1703
1734
2062
1877
1936
1901
1796
1843
1682
1954
1955
1963
1807
1874
1779
1947
1797
1910
1566
1835
1815
1979
1862
1875
1839
1631
1900
1737
2070
1757
1915
1767
1873
1717
1915
2107
1717
1864
1808
1863
2001
1784
1878
1823
2109
1795
1820
1876
1793
1665
1948
1857
1951
1620
1861
1983
1755
2091
1998
1685
1971
1903
1762
1867
1995
2183
2307
2045
2074
2053
2365
2202
2009
2166
1934
1920
1997
1904
1891
2071
2027
2158
1979
1957
1656
2497
1960
2192
1811
2049
1865
1947
2105
1944
2155
2058
2254
2071
1985
2014
1987
1882
2248
2009
2050
2007
1738
2182
2018
2033
2292
2240
2069
2121
1929
2133
1681
2058
1973
1960
2031
2053
1937
1828
2075
1910
1959
1885
1879
1984
2266
1902
2151
1810
2042
2224
1760
1842
2002
2043
2194
1932
2033
1830
2228
2047
2105
1842
1941
1888
1938
2135
2159
1928
2034
2110
1898
2302
2211
1863
2072
2038
2057
1984
2120
2182
2160
1929
2064
1898
2174
2165
1977
2258
1702
1857
2013
1912
1976
1855
2112
2028
1866
1917
1938
2225
1898
2099
2025
1923
1647
1956
2022
1671
2149
1951
2282
2137
2033
1924
1880
1970
2135
1923
2101
1887
1888
2177
1960
2081
2193
2139
1933
1931
1944
2017
1665
2104
1905
2059
1886
2242
2065
1850
1847
1754
2130
2036
1940
1814
2121
1765
1902
1863
1966
2154
1641
1908
2023
2058
2054
1916
2035
1836
2220
1958
2065
1799
1892
1861
1880
2046
2038
1852
1989
2099
1905
2323
2194
1877
2133
1968
1971
1908
2215
1952
2052
1956
1840
1922
2129
2202
1899
2132
1846
1858
1826
2004
1958
1695
1873
1956
1769
2007
1842
2301
1769
2071
1933
1811
1612
1975
2005
1772
2091
1993
2226
1990
1894
1665
2146
1736
2021
1909
1976
1930
1825
2011
1788
1883
1965
2195
1926
1987
1806
2089
1836
2016
1905
1883
1901
2173
1942
1987
2082
1848
1974
1827
1939
1931
2009
1977
2053
1819
1815
2242
1677
1898
1811
1963
2120
1981
2076
1958
2174
1967
2005
1807
1737
1618
1974
1909
2025
1644
1802
1913
1997
2029
2003
1921
1927
2060
1821
1880
2152
2057
2132
2065
2027
2084
2109
2085
1969
2207
1899
1980
1829
1928
1928
1804
1880
1986
1904
1830
1877
2235
1945
2125
1823
1906
1693
2167
1965
1802
2163
2043
2097
1940
1924
1914
2089
1807
2044
1929
2030
1958
1911
2086
1898
1953
1991
2174
1901
1909
1838
2073
1851
1889
1778
1888
1949
2202
2007
1903
1859
1760
2005
1882
2078
1904
2147
1906
1998
1693
1988
2061
1549
1973
1960
2108
2143
2017
2005
1906
2226
1948
2192
1803
1853
1926
2042
1963
2050
1823
1775
2184
1976
2132
2076
1886
2066
2064
1889
1927
1957
1547
1604
1792
1777
1640
1861
1698
1428
1587
1447
1446
1506
1739
1658
1481
1588
1494
1566
1498
1490
1859
1553
1675
1578
1518
1351
1517
1559
1416
1808
1684
1699
1625
1588
1539
1574
1469
1655
1565
1647
1595
1319
1589
1512
1421
1670
1738
1649
1541
1674
1714
1431
1699
1434
1536
1557
1709
1663
1652
1526
1583
1604
1455
1651
1513
1779
1534
1702
1486
1556
1812
1260
1650
1507
1632
1820
1516
1674
1473
1798
1601
1656
1359
1366
1358
1554
1531
1612
1494
1703
1754
1567
1631
1640
1311
1668
1615
1470
1589
1725
tempo: 2