200 200
4684
4315
4417
4331
4184
4339
3999
4393
4334
4471
3960
4036
4086
4160
4228
4104
4594
4425
4490
4244
4271
4301
3861
3899
3706
4108
4362
4140
3898
4382
4498
4567
4551
4237
4323
4120
4153
4409
4254
4263
4179
4132
4351
4708
4353
4597
4369
3993
4322
4648
4237
4016
4499
4685
4471
4293
4527
4486
4191
3971
4145
4397
4316
4434
4729
4092
4157
4079
4534
4251
4451
4117
4197
4457
4257
4322
4422
4590
4408
4315
4260
4505
4055
4044
4476
4748
4585
4192
4038
4548
4059
4277
4332
4264
4909
4209
4246
4445
3977
4499
4157
3703
4018
4153
4377
4587
4448
4375
4504
4159
4115
4675
4596
4407
4252
4193
4681
4467
4504
4250
4423
4466
4708
4748
4144
3961
4173
4222
4232
4249
4096
4008
4486
4315
4495
4248
4450
4731
4440
4377
4259
4075
3766
4428
4172
4855
4222
4419
4241
4205
4343
4183
4422
4411
4565
4183
4274
4257
4081
4398
4761
4284
4313
4666
4701
4419
4450
4023
4479
4255
4002
4122
4147
4609
4682
4026
4455
4265
4258
4256
4413
4266
3975
4207
4316
4207
4146
4382
4442
4447
4601
3957
4440
4669
4681
4398
4542
4128
4196
4512
4665
4383
4266
4305
4034
4058
3986
4396
4000
4312
3878
4042
4086
4212
4146
3944
4503
4402
4482
4193
4339
4078
3873
3893
3837
4117
4211
4149
3897
4275
4368
4351
4428
3999
4502
4066
3788
4057
3989
4418
4238
4237
4225
4553
4326
4530
4159
4129
4204
4498
4133
3746
4369
4507
4492
4224
4574
4458
4349
3965
4001
4385
4528
4307
4226
4145
3908
3912
4417
4170
4227
4078
4229
4445
4079
4249
4434
4693
4226
4087
4260
4365
3979
3849
4540
4462
4428
3896
4288
4338
4062
4347
4446
4045
4615
4128
4367
4101
4035
4371
4061
3924
4110
3939
4141
4365
4441
4030
4245
4116
4179
4542
4449
4527
4262
4326
4511
4437
4174
4014
4007
4225
4513
4414
4089
3904
4296
4200
4070
3849
4207
3865
4258
4042
4436
4190
4405
4793
4352
4313
3961
3984
4046
4243
4318
4686
4315
4092
4227
3996
4510
4160
4311
4114
4457
4021
4142
4040
4079
4088
4731
4218
4017
4577
4613
4298
4349
3987
4259
4006
4234
4060
4064
4399
4663
3938
4242
4364
4048
4317
4364
4029
3971
4193
3983
4092
4020
4311
4222
4536
4412
3948
4269
4604
4506
4246
4419
4094
4333
4301
4114
4190
3687
3853
3587
4030
3571
3948
3717
3782
3445
3349
3689
3747
3456
3701
3912
4029
3867
3557
3680
3874
3611
3411
3382
3470
3658
3578
3422
3774
3747
3719
3921
3567
3941
3604
3560
3790
3544
3794
3536
3532
3729
3801
3399
4052
3539
3488
3575
4122
3770
3190
3947
4006
3892
3603
3841
3908
3719
3679
3539
3803
3931
3817
4090
3638
3322
3482
4060
3569
3690
3681
3671
3771
3703
3918
3823
4251
3595
3573
4029
3815
3449
3385
3763
4123
4028
3509
3704
3725
3512
3779
3775
3492
4245
3466
3816
3876
3669
3717
3729
3352
3583
3594
3907
3636
3689
3592
3769
3747
3804
3757
4151
3924
3656
3731
3764
3859
3784
3687
3757
3923
4134
3751
3699
3499
3820
3693
3532
3420
3595
3402
3751
3793
3640
3414
3825
4188
3805
3738
3668
3322
3532
3830
3744
4145
3810
3742
3650
3431
3764
3830
3751
3700
4096
3531
3801
3640
3724
3748
4024
3779
3576
3992
4056
3806
4181
3480
3856
3639
3523
3348
3644
4057
4057
3681
3705
3804
3569
3768
3727
3605
3462
3836
3722
3418
3461
3612
3640
3868
3867
3628
3577
3833
3912
3965
3819
3532
3895
3797
4158
3981
3971
3838
3674
3873
3610
4039
3844
3718
3359
3692
3538
3773
3498
3881
4037
3882
4102
3798
3724
3673
3472
3487
3384
3637
3641
3934
3625
3998
3821
4065
4070
3645
3992
3549
3774
3788
3468
3845
3768
3720
3915
4064
3666
4125
4006
3733
3745
4011
3859
3331
3944
4267
4140
3829
4044
4325
3883
3627
3605
4015
3834
3799
4066
3646
3478
3507
4047
3808
3586
3554
3873
4048
4013
3779
4047
4129
3692
3821
3615
4140
3669
3625
3781
4112
4152
3667
3954
3974
3591
3873
3844
3508
4148
3659
3597
3857
3727
3863
3589
3470
3824
3702
3856
3825
3992
3753
3995
3802
3768
4150
4000
4197
3770
4051
3891
4158
3941
3616
3893
3809
4098
4042
3836
3480
3654
3795
3715
3467
3772
3415
3795
3828
3675
3690
3967
3974
4002
3750
3648
3634
3651
3882
3698
4233
3923
3757
3892
3513
4093
3732
3940
3978
4090
3695
3731
3653
3676
3924
4328
3827
3654
4221
4106
3872
3802
3442
3884
3537
3616
3659
3785
3871
4445
3596
3826
4051
3777
3912
3971
3569
3419
3706
4030
3622
3355
4031
3881
3964
3940
3611
3758
3916
4041
4038
3990
3622
3680
4054
3934
3973
3798
3791
3541
3775
3611
3838
3687
3949
3356
3574
3627
3732
3588
3795
4095
3936
3983
3698
3851
3564
3380
3757
3348
3615
3819
3732
3602
3881
4237
3953
3905
3761
3945
3633
3363
3683
3376
4090
3801
3580
3763
4033
3712
3832
3593
3625
3873
4090
3789
3723
3896
4017
3761
3607
3865
3973
3929
3545
3679
3936
4219
3841
4028
3603
3590
3514
4163
3892
3796
3478
3509
3968
3995
3872
3893
4111
3861
3770
3843
3977
3619
3425
4044
3934
3781
3764
3829
3958
3435
3984
3851
3503
4318
3581
3926
4087
3271
3962
3705
3424
3523
3719
3642
4061
3909
3744
3850
3810
3762
3963
3985
4033
3980
3706
3907
3972
4066
3725
3709
4063
3976
3853
3613
3405
3780
3827
3891
3449
3608
3767
4098
3828
3854
3714
3867
3994
3935
3795
3547
3413
3447
3693
3628
4280
3812
3614
3671
3971
3823
3736
3692
3542
4057
3909
3681
3872
3677
3664
4135
3678
3642
4090
4129
3936
3869
3509
3766
3776
3770
3764
3657
4088
4120
3370
3943
3831
3705
3857
4095
3652
3472
3819
3739
3655
3770
3669
4007
3744
3945
3518
3828
4358
4131
3849
3780
3498
3715
3981
4018
4083
3940
3752
3605
3797
3701
3940
3773
3859
3458
3448
3680
3645
3630
3660
3816
3804
3805
3721
3774
3571
3358
3314
3447
3476
3690
3693
3418
3697
3955
3804
3788
3535
3729
3702
3458
3711
3457
3842
3431
3329
3595
3804
3551
4056
3491
3402
3806
4003
3668
3386
3757
3913
3600
3607
3908
3855
3850
3415
3711
3926
3796
3746
3994
3572
3377
3634
4018
3740
3684
3599
3498
3792
3633
3961
3904
4000
3686
3535
3876
3909
3579
3428
3890
4187
3737
3462
3798
3919
3283
3574
3757
3593
4289
3609
3852
3744
3593
4063
3721
3329
3664
3377
3837
3869
3755
3483
3626
3806
3598
3751
4129
3892
3528
3630
3750
3888
3755
3421
3596
3637
3959
3793
3512
3509
3737
3785
3557
3375
3502
3379
3748
3713
3891
3627
3947
3934
4007
3641
3586
3088
3376
3691
3693
4013
3905
3662
3615
3474
3992
3664
3650
3699
3951
3785
3675
3603
3555
3630
4020
3821
3619
4066
3837
3847
3821
3399
3735
3533
3519
3424
3646
3969
3964
3567
3765
3826
3600
3753
3758
3463
3384
3757
3826
3470
3441
3670
3725
3860
3988
3428
3611
4068
4146
3901
3916
3507
3649
3916
4386
4177
4174
4209
4075
4175
4061
4297
4303
4380
3733
3879
4078
4029
4007
4106
4506
4253
4360
4120
4090
4105
3984
3765
3792
4063
4343
4106
4038
4332
4179
4306
4449
3862
4393
4011
3852
4267
3945
4041
4092
3883
4323
4348
3924
4496
4045
3850
4182
4368
4094
3752
4199
4354
4082
4097
4342
4154
4242
3981
4042
4372
4094
4303
4390
3916
3959
4068
4212
4107
4094
3919
4194
4326
4373
4083
4486
4472
3950
4069
4107
4160
3985
3992
4399
4507
4509
3884
4111
4408
3966
4413
4026
3902
4531
3896
4158
4307
3891
4218
4180
3828
3913
4004
4074
4242
4365
4102
4325
4031
3857
4197
4219
4337
4560
4154
4360
4335
4194
3961
4036
4302
4338
4225
4134
3702
4077
4151
3922
3709
4071
3963
4179
4036
4098
3914
4342
4413
4293
4067
3879
3945
3688
4178
4035
4492
4094
4152
4074
3759
4173
4085
4015
4071
4577
4045
4230
4462
4003
4036
4780
4149
4109
4700
4590
4165
4401
3700
4136
4142
4058
4228
4036
4505
4573
3911
4135
4089
3933
4341
4238
3899
3696
4085
4122
4183
3974
4185
4210
4115
4330
3714
4284
4558
4475
4250
4125
3960
4257
3983
4348
4478
4376
4071
4243
4207
4221
4466
4183
4556
3914
3796
4156
4153
4144
4149
4524
4367
4348
4123
4311
4093
4110
3973
3916
4011
4297
4099
3921
4160
4442
4152
4272
3910
4374
4069
3781
4134
4022
4189
4080
4245
3983
4439
4164
4567
4194
3872
4335
4379
4118
3856
4286
4423
4006
4020
4065
4590
4412
4152
4026
4204
4342
4175
4197
4022
4153
3892
4528
4391
4239
3760
4011
4347
4347
4092
4390
4297
4053
3893
4119
4525
3894
4034
4263
4564
4251
4027
4166
4294
3946
4387
4166
4121
4564
4108
4297
3923
3922
4280
4040
3888
4009
3973
4151
4255
4409
3810
4327
4118
4123
4616
4273
4238
4190
4345
4425
4216
4439
3877
4064
4051
4220
4421
3827
3827
3937
4257
3912
3946
4144
3937
4156
3932
4229
3919
4551
4623
4392
4287
3882
3965
3788
4365
4067
4779
4201
4126
4092
3836
4243
4289
4085
4026
4340
4054
4224
4065
3846
3953
4401
4024
3756
4468
4366
3938
4174
3785
3909
4238
4064
4180
3861
4556
4591
3913
4061
4170
4080
4260
4250
3850
3980
4238
4148
3934
3910
4400
4469
4202
4424
3736
4210
4542
4358
4348
4106
4055
4100
4264
4032
3978
3872
3934
3914
4057
3589
3853
3652
3866
3318
3421
3980
3882
3482
3804
4217
3701
3801
3576
4017
3718
3456
3649
3188
3505
3758
3856
3589
3747
3816
4095
3987
3738
4031
3732
3578
3955
3644
4142
3808
3817
3743
3878
3533
3957
3948
3418
3825
3959
3683
3572
4029
4225
3983
3483
4174
4157
3931
3909
3750
3977
4066
4095
3978
3503
3774
3596
4006
3573
3985
3675
3706
3952
3575
3948
3826
3900
3924
3518
3962
3773
3743
3338
4009
4233
4043
3624
3793
4119
3505
3866
3916
3752
4417
3822
4023
3705
3674
3954
3846
3416
3444
3596
3815
4190
4146
3819
3932
3501
3718
4017
3942
3897
3852
3728
4111
3883
3982
3811
3695
4016
4177
3973
3754
3546
3825
3484
3848
3437
3869
3424
3823
3664
3957
3677
4009
4009
3873
3765
3666
3748
3492
3870
3771
4310
3799
3719
3874
3606
4168
3528
3963
3918
4035
3963
3874
3793
3563
3644
4210
3793
3484
4054
4086
3905
3992
3491
3989
3736
3638
3723
3559
4053
4128
3495
3965
3836
3857
3822
3850
3524
3681
3701
3738
3761
3698
3709
3785
4163
3997
3689
3697
4181
4194
3997
3882
3428
3647
4137
4269
3926
4167
4237
3905
4131
3750
4378
3903
4176
3618
3867
4149
4180
3627
4015
4240
4004
4176
4047
4007
3976
3487
3594
3649
3895
3963
3826
3572
4062
4305
4077
4235
3888
4210
3907
3765
3837
3919
4201
3933
3982
3858
4196
3791
4386
4058
3696
4001
4156
3953
3506
4143
4434
4030
3919
3986
4322
4103
3980
3829
4314
4161
4221
4323
3932
3672
3688
4244
3943
4174
3798
4122
4084
4039
4182
4157
4209
4051
3952
4304
4196
3702
3972
4242
4327
4128
3780
4099
4167
3756
4094
3941
3982
4716
3961
4205
3917
3630
4043
3811
3615
3785
3989
4081
4062
4402
3808
4053
3988
3883
4186
4306
4232
4269
4002
4086
4020
4056
3782
3910
4297
4248
4172
4026
3485
3886
4034
3916
3637
4161
3858
4093
3846
4098
3922
4165
4505
4282
3838
4008
3770
3653
3942
3898
4482
4105
3925
4097
3977
4308
3896
4007
3839
4221
3956
4023
3856
3660
3837
4164
4205
3907
4184
4243
3948
4093
3752
4012
3789
3700
3911
3976
4472
4796
3907
4187
3988
3867
3878
4183
3687
3935
3904
4161
3873
4025
4061
3829
4182
4057
3726
3955
4349
4180
4110
4129
3885
3973
4372
4073
3924
3928
3856
3650
3750
3604
3817
3614
3826
3186
3510
3628
3981
3468
3769
3958
3997
3928
3442
3725
3592
3454
3431
3366
3390
3553
3699
3712
3795
3822
3808
3860
3609
3893
3873
3429
3732
3565
3623
3630
3513
3783
3988
3459
4182
3722
3388
3766
3863
3783
3533
3983
4068
3926
3814
4159
3994
3793
3410
3718
3744
3918
3844
3967
3653
3442
3399
3903
3777
3957
3498
3796
3879
3863
3706
3955
3944
3906
3741
3900
3662
3509
3577
3876
4071
3863
3513
3756
3813
3488
3811
3688
3422
4197
3500
3973
3667
3444
3803
3608
3370
3622
3649
3756
4004
3658
3498
3898
3598
3738
3838
3953
4165
3923
3731
3815
3741
3755
3835
3493
3862
3751
3955
3825
3518
3612
3686
3587
3417
3736
3567
3801
3721
3761
3453
3789
3950
3809
3848
3661
3509
3274
3723
3819
4068
3761
3959
3626
3691
3992
3689
3743
3639
3951
3745
3610
3594
3659
3793
3904
3842
3736
3956
3972
3850
4006
3686
3839
3632
3502
3633
3515
4133
3894
3434
3960
3938
3906
3711
3791
3486
3551
3680
3582
3601
3761
3802
3854
3738
3960
3517
3622
4068
3920
3705
3860
3517
3756
3662
4170
3916
3711
3850
3699
3888
3649
3848
3715
3912
3346
3683
3821
3641
3593
4114
4176
3775
3952
4014
3828
3746
3477
3606
3554
3623
3566
3927
3528
3931
3879
3803
4070
3530
3909
3562
3612
3764
3545
3955
3665
3698
3760
4085
3623
4047
4004
3747
3771
3987
3824
3534
3940
4023
3881
3686
3923
4138
4037
3723
3723
3814
3990
3968
3901
3717
3470
3606
4012
3944
3781
3729
3759
3847
3962
3786
3842
3951
3795
3793
3931
3866
3460
3457
3995
4230
4128
3643
3771
4066
3438
3658
3658
3813
4148
3687
3872
3925
3499
3897
4069
3396
3506
3496
3856
3852
3874
3852
3875
3682
3720
3970
4013
4012
3828
3803
3844
4082
3999
3546
3679
3891
4187
3989
3663
3601
3813
3799
3569
3325
3592
3496
3790
3671
3812
3661
3742
3977
4095
3807
3670
3513
3695
3824
3668
4242
3640
3654
3640
3510
3953
3704
3803
3584
3996
3871
3690
3697
3530
3926
4018
3783
3649
4352
4162
3975
3927
3481
3970
3735
3596
3836
3788
3947
4259
3758
3810
3796
3718
3996
3813
3534
3440
4009
3905
3381
3513
3703
3781
3774
3879
3380
3790
4103
3759
3810
3822
3740
3701
4048
4101
3923
3930
3795
3778
3825
3873
4317
3782
4182
3615
3698
3766
3790
3710
3719
4041
3824
3988
3997
3924
3660
3424
3755
3611
3842
3751
3862
3576
4026
4298
3953
4122
3671
4020
3668
3572
3952
3834
3992
3822
3756
3762
4167
4000
4302
3891
3577
4043
4167
3640
3628
3959
4094
3728
3829
4057
4143
3898
3439
3797
3979
4301
4098
3891
3649
3769
3755
4147
4119
3775
3640
3578
4027
3851
3837
4011
4072
4104
3699
4093
4080
3533
3643
3972
4123
3963
3770
4038
4086
3663
3966
3622
3867
4317
3759
3992
3780
3551
4015
3889
3480
3668
3583
3633
4109
4050
3775
3973
3903
3692
4249
4201
4126
4115
3876
4094
3896
3984
3561
3727
3969
4090
3992
3764
3488
4041
3872
3796
3496
3745
3657
4074
3699
3792
3752
3979
4395
4120
3572
3633
3654
3624
3700
3624
4363
4040
3829
3847
3849
4119
3974
3885
3843
4148
3757
3790
3964
3616
3827
4112
3993
3536
4274
4196
3922
3850
3528
4040
3899
3768
3672
3750
4381
4399
3748
3890
3793
3728
3920
3973
3477
3712
4001
3976
3494
3716
3972
3979
3907
3940
3544
3703
4385
4311
3911
4101
3576
3868
3930
4059
3809
3852
3794
3751
3802
3517
4003
3763
3883
3413
3725
3497
3627
3812
3782
4058
3720
4060
3536
3750
3574
3362
3769
3431
3559
3531
3722
3549
3853
3988
4037
4140
3536
4017
3708
3692
3799
3470
3961
3677
3479
3773
4080
3544
4024
3803
3694
3838
3846
3862
3333
3808
4036
3808
3587
3921
3888
3693
3458
3545
3847
3996
3450
3820
3381
3519
3571
3913
3559
3535
3538
3466
3866
3505
3587
3928
3997
3786
3704
3628
4053
3678
3667
3554
4067
3964
3815
3598
4168
3420
4030
3858
3656
4279
3553
4040
3836
3613
3692
3675
3420
3660
3561
3795
3961
3793
3787
3664
3627
3697
4033
4034
3650
3823
3866
3599
4028
4129
3689
3695
3728
3984
3811
3636
3357
3654
3804
3587
3454
3583
3388
4006
3785
3695
3655
3807
3986
3858
3733
3532
3498
3553
3551
3682
4199
3827
3667
3641
3517
3903
3665
3792
3822
3875
3640
3952
3624
3520
3608
4061
3688
3623
4151
4062
3770
3781
3457
3865
3783
3662
3460
3508
4076
4092
3581
3690
3616
3692
3894
3856
3505
3539
3699
3749
3511
3472
3718
3933
3783
3600
3636
3968
4123
3976
3670
4035
3513
3836
3927
3978
3830
4118
3865
4034
4061
3846
4200
3898
3918
3609
3498
3812
3809
3756
3916
4274
3948
4137
3988
3986
3774
3525
3764
3685
3646
3671
3869
3808
4092
4282
4448
4057
3980
4255
3882
3454
3818
3516
4057
3692
4024
3863
4249
3815
4220
3968
3825
4133
3888
3830
3734
4179
4338
3877
3713
4079
4140
3971
3760
3785
3881
4170
4094
3977
3830
3813
3790
4220
4153
3889
3741
3901
4440
3984
3900
4127
4272
4007
3643
3965
4071
3893
3607
4131
4390
4045
3737
3746
4116
3753
4197
3789
3699
4587
3726
3748
3877
3658
4166
3759
3679
3706
3784
3805
4062
4113
3646
3897
3960
3803
4390
4016
4079
3957
3981
4162
4115
4225
3703
3854
3870
4385
3960
3744
3582
3875
3946
3816
3772
3644
3438
4036
3832
3914
3915
4186
4443
4112
3808
3717
3630
3692
3985
3975
4555
3947
3961
4025
3841
4239
3817
3971
3849
4224
3884
3943
3979
3770
3846
4348
4053
3752
4288
4161
3896
4071
3721
4192
3819
3702
3844
3908
4216
4178
3835
3787
3999
4081
3949
3959
3715
3633
4136
3866
3721
3821
3875
4218
4177
4295
3794
3966
4215
4179
4050
4109
3592
3788
4212
4106
3904
3937
4124
3745
3682
3479
3920
3762
3935
3394
3630
3687
3573
3541
3845
4135
4044
3924
3831
3690
3797
3312
3738
3462
3473
3741
3819
3754
3904
3954
4084
4003
3723
3939
3949
3743
3824
3569
3805
3725
3723
3822
3965
3784
4140
3910
3559
3858
4128
3699
3355
3799
3949
3835
3751
3900
3946
3955
3376
3808
3834
3959
3762
3981
3683
3676
3404
4184
3775
3815
3787
3643
3737
3746
3781
3722
4251
3785
3851
3873
3891
3551
3630
3891
4108
4052
3783
3583
4303
3770
3884
3902
3616
4185
3565
4115
3877
3603
3934
3584
3329
3721
3897
3831
4027
3944
3728
4017
3759
3696
4051
4065
4048
3807
3987
3960
4027
3861
3410
3741
3630
4091
4071
3641
3683
3647
3796
3662
3547
3735
3522
3799
3756
3850
3667
3838
4340
3999
3726
3624
3577
3431
3717
3634
4180
3748
3754
3708
3564
4034
3683
3753
4021
3978
3728
3834
3650
3440
3716
4071
3862
3440
4571
4188
3918
3999
3391
3891
3635
3701
3532
3808
3912
4050
3425
3873
3859
3801
4005
3928
3489
3601
3714
3878
3596
3652
3895
3950
3849
3981
3563
3847
4268
4058
3783
3828
3733
3496
4033
4141
4094
3988
3881
3871
3979
3690
4164
3703
4076
3575
3525
3791
3848
3981
3963
3992
3750
4369
3805
3948
3674
3394
3377
3349
3621
3645
3677
3494
4037
3836
4191
4042
3398
4132
3953
3487
3718
3853
3979
3924
3808
3833
4249
3822
4075
3828
3615
3899
4180
4054
3521
4160
4124
4057
3878
4012
4214
4124
3577
3607
4106
4019
3973
4028
3861
3414
3543
4077
3692
3725
3702
3810
4222
4010
4102
4045
4100
4075
3734
4111
4070
3835
3720
4206
4220
4149
3975
3895
4144
3782
3963
3869
3707
4492
3812
3934
3977
3484
4012
3769
3805
3819
3444
4132
4112
4310
4085
3906
3837
3872
4488
4135
4124
4157
3775
4116
4077
4137
3774
3889
4253
4151
4072
3673
3564
3825
3857
3739
3702
3754
3787
4114
4060
4130
3749
3937
4357
4164
3958
3674
3833
3664
3966
3921
4530
3918
3650
3625
3719
3906
3646
3950
3757
4170
3846
4062
3936
3614
3850
4428
3966
3772
4304
4089
4085
4150
3706
4123
3638
3920
3664
3925
3991
4455
3814
4096
3982
3790
3955
3882
3694
3677
4001
4034
3836
3733
4002
3808
4055
3988
3658
3986
4133
4258
3966
4033
3719
3968
4070
4202
4141
4047
4074
3929
3983
3729
4120
4060
4094
3914
3736
3871
3820
3856
3981
4344
4063
4095
4044
3994
3821
3603
3529
3600
3786
3866
3898
3694
4092
4199
4300
4314
3811
4011
3707
3615
3921
3808
4162
3835
4040
4014
4050
4085
4408
4009
3828
3940
4135
4249
3677
4049
4314
4061
3514
4076
4488
4248
3839
3983
4187
4131
4254
4048
3751
3635
3622
4391
4207
4093
3821
3794
4114
4048
3955
4186
4110
3953
4029
4043
4117
3785
3855
4098
4385
4187
3671
4044
3959
3741
4069
4060
3889
4385
4136
4077
3944
3728
4296
3878
3635
3796
3741
4164
4256
4201
3766
4376
3942
3860
4320
4161
4089
4027
4109
4244
4054
4258
3871
4096
4040
4318
4038
3903
3493
3951
4253
3893
3682
3821
3799
4129
3912
4155
3667
4082
4362
4342
4150
3775
3724
3782
3988
3917
4602
4069
3809
4073
3896
4381
4001
4156
4029
4073
4084
3867
3846
3794
3974
4444
3936
4072
4251
4320
4158
4194
3436
4000
3971
3718
3918
4133
4267
4542
3753
4054
4120
3770
3858
4007
3894
3815
4042
3722
3855
3850
3982
4110
4194
4233
3797
4134
4500
4172
4118
4345
3577
4162
4337
4170
4174
4227
3967
3817
4056
3589
4317
3930
4066
3655
3722
3945
3715
3906
3912
4333
3871
3912
3830
3942
3959
3824
3580
3534
3588
3914
3965
3639
3789
3955
4075
4206
3780
4277
3916
3632
3869
3572
3893
3721
3757
3736
4144
3890
4364
3898
3621
4080
3968
4002
3487
4242
4069
4005
3908
4071
4203
3948
3575
4044
3996
3983
3889
4036
3572
3942
3790
4003
3906
3661
3928
3590
3929
4002
4067
3937
4170
3691
3834
3960
4081
3695
3687
3978
4143
4142
4010
3921
4153
3557
4172
4176
3947
4419
3797
4159
3903
3749
4049
4003
3506
3709
3710
3910
4091
4111
3896
4063
3941
3838
4254
4257
4088
4061
4313
4007
4369
4028
3736
3838
3895
4357
4180
3755
3591
4048
3963
3855
3732
3791
3729
3959
3951
3975
3811
4244
4347
4013
3715
3758
3840
3304
3963
3768
4505
3986
3868
3800
3765
4136
3956
3883
3923
4136
3595
4203
4069
3585
3864
4321
4033
4047
4398
4431
4068
3989
3595
4033
3976
3986
3748
3848
4283
4257
3926
3904
3816
3578
3825
3983
3783
3751
3917
4019
3927
3799
4179
4023
4132
4005
3625
3755
4285
4137
3804
3682
3648
3881
4101
4204
4011
4249
4082
4007
4063
3755
4380
4044
3934
3487
3772
3926
4038
3709
3841
4379
4026
4017
4012
3983
4001
3809
3642
3585
3898
3926
4014
3481
4196
4100
4070
4004
3786
4264
3868
3867
4036
3574
4134
3760
3977
3874
4195
3841
4312
4056
3891
4036
4135
3666
3611
4241
4393
3996
3807
4122
4360
4115
3504
3871
4014
4006
4153
4200
3586
3794
3619
4171
4303
4119
3925
3789
4079
3864
3934
4035
4498
3850
3646
4191
4301
3769
3571
4094
4333
4179
4080
3989
4239
3725
4044
4265
3818
4596
3842
4054
3885
3615
4169
3668
3643
3868
3755
3794
4334
4272
3820
4241
3764
3840
4181
4206
4111
4102
4125
4240
4028
4078
4076
3890
4111
4266
4153
3667
3651
3988
3958
3910
3822
4087
3570
4036
3869
4028
4025
4114
4335
4117
3867
3791
3765
3782
3856
4034
4404
4019
3875
4209
3531
4126
3926
4006
4154
4187
3855
3823
4039
3799
3976
4317
3970
4065
4365
4251
4146
4077
3667
4066
3825
3685
3716
3806
4175
4555
3811
4028
3904
3860
3968
4081
3664
3768
3848
4003
3826
3625
3986
4034
4285
4379
3665
3868
4160
4101
3999
4179
3823
4085
4092
4133
4083
4236
4126
3856
3948
3567
4113
3932
4171
3686
3777
3917
3866
3759
3744
4255
4121
4247
3806
3965
4157
3714
3736
3636
3732
3893
3865
3705
4275
4084
4254
4172
3794
4022
4055
3907
3762
3914
4002
3689
3783
3860
4072
4013
4381
3931
3860
3768
4234
4065
3688
4418
4272
3837
3766
4224
4334
4079
3729
3889
4303
3979
3998
4201
3857
3624
3526
4360
4124
3818
3705
3877
4153
4055
4166
4008
4227
4109
3946
4185
3938
3851
3810
4209
4437
4235
4087
3938
4155
3799
4156
4017
3568
4380
3967
4339
4022
3717
4065
3684
3626
3905
4047
4280
4184
4325
3722
4268
3802
3880
4353
4065
4293
4119
4012
4226
4302
4056
3640
3800
4073
4315
4182
3930
3801
3816
3958
3751
3714
3978
3747
3938
3916
3994
3662
3959
4450
4085
4076
3911
3700
3578
4026
3764
4205
4065
3835
3908
3738
4179
3736
3773
3904
4301
4006
4074
3871
3664
4065
4349
4187
3876
4439
4370
3958
4266
3662
4079
3632
4003
3769
3973
4209
4449
3842
3901
4015
3723
3735
4297
3737
3574
4023
3952
3923
4030
4000
4085
4204
4130
3730
4195
4365
4214
4125
4164
3759
4064
3983
4433
4449
4305
4318
4237
4303
4010
4284
4144
4418
3816
3949
4359
4172
3944
4268
4558
4404
4464
4443
4227
4098
3645
3916
3881
3946
4283
4032
3793
4355
4500
4639
4523
4063
4375
4424
3870
4136
4251
4427
4245
3938
4291
4521
4187
4633
3880
3832
4217
4578
4309
3990
4435
4451
4424
3998
4493
4477
4139
3981
4084
4574
4238
4355
4470
4122
3889
3869
4640
4366
4293
3950
4205
4356
4445
4244
4254
4694
4271
4102
4464
4482
3922
4134
4268
4650
4163
4362
4385
4467
4179
4718
4155
3949
4725
4090
4373
4081
3944
4291
4013
3887
4176
3974
4262
4335
4624
4059
4482
4269
4090
4297
4574
4401
4352
4475
4463
4504
4428
4101
4154
4278
4693
4525
4104
3931
4030
4471
4197
3983
4141
4078
4306
4186
4264
4041
4289
4707
4463
4294
4166
4161
3828
4215
4028
4533
4346
4448
4420
3951
4486
4047
4109
4350
4390
4399
4242
4171
3899
4527
4833
4224
4215
4464
4828
4339
4439
3842
4327
3974
4193
3999
4038
4687
4881
4197
4050
4380
4064
4056
4298
4154
3949
4114
4240
4289
4302
4325
4595
4600
4274
4038
4328
4663
4604
4549
4414
4131
4419
4259
4221
4400
4071
4132
4263
4077
3769
3890
3824
4211
3451
3777
3831
3929
3860
4023
4343
4015
4101
3788
4116
4114
3726
4039
3684
3793
4026
4042
3808
4038
4289
4177
4332
3713
4137
4161
3933
4002
3825
4066
3958
3996
3747
4116
3800
4418
4049
3906
4233
4245
3937
3651
3874
4244
4002
3937
4336
4309
4326
3723
4024
4168
4109
3941
4155
3936
3848
3964
4269
4015
4112
3853
4018
4139
4074
4123
4110
4215
4091
3867
4130
4238
3605
3530
4311
4504
4268
3880
4054
4292
3731
4003
4110
4015
4732
3958
4222
3952
3929
4007
4185
3654
3901
3734
4081
4419
4052
3882
4096
4139
4036
4216
4251
4191
3907
4121
4066
4074
4250
3901
3961
4098
4268
4130
3825
3553
3936
4011
3902
3938
3889
3892
4026
3757
4189
3621
4291
4305
4252
3919
3835
3533
3696
4065
4039
4299
4289
3915
3740
3862
4089
3788
3963
4060
4207
3966
4048
4003
3784
3895
4466
4073
3957
4479
4319
4133
4372
3621
4080
4145
3964
3919
3937
4275
4308
3652
4194
3949
3992
4211
4002
3888
3919
4113
3966
3593
3920
4131
4216
4108
4207
3620
3875
4496
4334
4237
4038
3914
3830
4175
4390
4075
4081
4151
3980
4186
3849
4065
3978
4233
3640
3681
3680
3852
3991
3964
4246
4208
4255
3945
4064
3859
3718
3552
3583
3778
4020
4039
3954
4107
4095
4287
4459
3745
4216
4050
3830
4026
3709
4020
3860
3764
4033
4374
3851
4351
4230
3971
4098
4246
4084
3560
3963
4494
4163
3955
4171
4402
4151
3904
3952
4181
4034
4179
4298
3918
3833
4045
4347
4015
4056
3896
3766
4001
4081
4008
3958
4204
4105
3937
3923
4015
3898
3748
4188
4307
4211
3947
3970
4052
3755
4040
4171
4003
4517
3911
4100
4037
3706
4122
4171
3556
3944
3720
4181
4316
4190
4011
4233
3836
4008
4393
4186
4313
3981
4124
4293
4300
4280
3832
4094
3977
4311
4229
3844
3648
3875
3775
4081
3694
3979
3784
4128
4092
4217
3676
4265
4272
4451
3954
3909
3821
3780
4045
4077
4686
4128
4075
3901
3846
4192
3988
4076
4098
4327
4115
4036
4125
3730
4035
4582
4097
4103
4450
4016
4171
3958
3571
4173
3923
4085
4120
4153
4246
4399
4009
4250
4236
3927
4291
4210
3787
3832
3965
3976
3978
3764
3896
4001
4103
4212
3824
3901
4346
4435
3925
4073
3672
3916
4083
4084
3904
4158
4072
3708
4125
3891
4164
3906
3996
3726
3711
3930
3583
3783
4098
4274
4148
4102
4013
4122
3912
3558
3696
3721
3696
4040
3950
3793
4078
4129
4223
4430
3930
4207
3829
3935
3758
3766
3913
3990
3933
3941
4027
3927
4317
3847
3851
4063
4174
3945
3625
4058
4240
4053
3643
4221
4005
3977
3906
3829
4026
4333
4007
4093
3797
3802
3537
4211
3878
3816
3908
3817
4065
3905
4085
4269
4307
3954
4026
4123
4072
3712
3641
4202
4516
4474
3907
3827
4125
3905
3980
3879
3872
4509
4060
4189
3802
3907
4144
3651
3533
3775
3858
3972
4161
4288
3910
4122
3881
3927
4424
4091
4165
3972
3940
4376
4144
4205
3757
3727
4135
4145
4036
3940
3560
4005
4097
3635
3853
3835
3611
4260
3830
4204
3827
3982
4492
4192
4040
3821
3805
3703
4237
3861
4558
4094
3934
3952
3631
4089
3945
3799
3818
4079
4068
3990
3854
3893
3868
4506
3931
3817
4572
4370
3861
4304
3486
4088
4076
3796
3920
3808
4273
4469
3813
4018
3986
3950
3913
4325
3695
3749
4146
3765
3882
3790
4064
4000
4332
4161
3761
4084
4306
4332
4136
3891
3736
3871
4397
tempo: 18