200 200
3871
3585
3685
3767
4149
3461
3969
4129
3969
3927
3545
4145
3890
3660
4440
3939
4072
4164
3978
4088
4107
4040
3739
3918
4143
4019
3596
4082
3833
3956
3888
4231
3946
3973
3545
3833
3865
4082
3986
4121
4073
3727
3847
3803
3834
3803
3990
3383
3748
3768
4039
4200
4209
3493
4036
3880
3924
3934
4036
3885
4228
3760
3427
3758
4004
4118
4011
4101
3984
3905
3976
3680
3401
4183
4193
3935
4054
3857
4028
4432
4532
3781
3793
3614
4165
3936
3812
3660
4112
4007
3700
3791
3759
4445
3960
4290
3879
3882
4359
3831
3792
3991
3854
3646
3994
4259
3951
3857
3849
4025
3789
3785
3673
3823
3721
4300
3937
4181
3467
3685
4027
4290
3795
3754
3910
4018
4018
4261
3792
4002
3856
3964
3903
3745
4363
3699
3742
4019
3712
3613
3727
3944
3767
4064
3880
4163
3705
3686
4012
3777
3906
3896
3737
4030
3991
3962
3872
4000
3752
3794
3716
3832
4043
4028
3860
4114
3702
4316
4092
4015
4277
3750
4062
3956
3798
4233
4236
3728
3522
4015
3859
3957
3839
3854
3982
3751
4188
3816
3844
3793
3825
3740
4135
3822
3894
3855
3781
3750
3612
4148
4006
3967
4228
3906
4403
3678
4088
4155
4210
4125
3716
4237
4273
4139
4752
3797
4540
4213
4358
4282
4285
4094
3998
3969
4069
3798
3853
4299
3955
4119
4454
4423
4048
4288
3931
3975
3968
4177
4648
4281
4401
3858
4235
4314
4290
4177
4116
3760
4199
4187
4263
4355
4442
3609
4445
4121
4401
4161
4258
4080
4305
4300
3835
3998
3995
4190
4235
4314
4456
4226
4180
4008
3882
4142
4587
4327
4440
3949
4145
4779
4403
4084
4114
3946
4526
4165
3991
4171
4477
4158
4149
4118
3981
4505
4365
4574
4426
3997
4623
4087
4060
4435
4200
3838
4391
4349
4283
3955
4012
4116
4123
3932
4176
4108
4098
4294
4097
4430
3897
4046
4260
4428
3999
4061
4171
4399
4224
4320
3906
4019
4138
4315
4078
4069
4472
3952
4099
4036
4012
3808
3889
4370
4036
4301
4281
4467
4087
3950
4100
4150
4216
4067
4077
4366
4317
4094
4236
4278
3866
4228
3892
4141
4386
4422
4127
4195
4029
4306
4331
4767
4211
3799
4213
4075
3957
4395
4622
4209
3612
4300
4415
4229
4144
4011
4275
4093
4407
4151
3887
3749
3959
4071
4396
4058
4174
4082
3983
4040
3707
4254
3584
3760
3650
3652
4067
3526
3773
3685
3698
3882
3707
3974
3787
3801
4197
3632
4078
3966
4027
3901
4073
3819
3628
3640
3690
3515
3600
3846
3567
3785
3607
4098
3825
3895
3579
3746
3588
3977
3909
3976
4020
3488
3494
3925
3655
4068
3613
3353
3822
3802
3909
3979
4004
3384
3969
3622
3896
3714
3611
3720
4042
3649
3215
3486
3662
4000
3828
4019
4000
3545
4075
3649
3306
3558
3959
3875
3909
3566
3699
4186
4003
3527
3877
3696
4077
3777
3562
3887
3907
3649
3501
3723
3527
4047
3534
3932
3810
3452
4348
3731
3798
3963
3669
3331
3914
3945
3877
3675
3582
3577
3883
3643
3809
3539
3674
4221
3759
3814
3500
3586
3757
4243
3538
3546
3718
4021
3939
3885
3498
3618
3977
3895
3665
3425
4047
3560
3677
3871
3493
3447
3518
3856
3574
3886
3660
3946
3648
3397
3633
3573
3510
3570
3705
3799
3768
3972
3731
3787
3175
3627
3481
3659
3832
3881
3584
3945
3808
4300
3992
4072
3911
3782
3851
3739
3574
3967
3910
3665
3507
3883
3851
3861
3634
3513
4042
3778
3998
3749
3504
3625
3608
3580
3848
3813
3793
3929
3455
3662
3630
3832
3530
3753
3665
3717
3932
3274
3609
3886
3869
3803
3541
4007
4012
3616
4113
3613
4316
3974
3545
3892
3883
3908
3852
3551
3592
3732
3722
3643
3636
3813
3845
4056
3778
3957
3491
3738
3579
3792
4011
3689
3869
3673
3777
3766
3597
3732
3890
3425
3508
3588
4033
3943
3796
3359
3890
3821
3886
3810
3816
3797
3882
3594
3586
3593
3838
4231
3985
3896
3893
3654
3946
3667
3224
3704
4041
3952
4053
3623
3654
4181
4116
3644
3742
3580
3953
3678
3503
3710
4066
3615
3493
3714
3744
4215
3927
3867
3797
3683
4109
4057
3820
4091
3594
3317
4070
3730
3795
3755
3796
3794
3798
3676
3482
3572
3824
3999
3774
3719
3465
3688
3973
4161
3565
3654
3930
3773
3910
4005
3607
3772
3903
3798
3645
3594
4027
3270
3730
3681
3578
3548
3861
3746
3533
3876
3794
3803
4040
3756
3863
3603
3673
3565
3545
4090
3839
4130
3922
3745
3442
3592
3510
3941
3880
3899
3738
4114
3767
4100
3962
4074
3956
3604
3641
3977
3765
4002
4105
3637
3142
4044
3723
3790
3547
3588
3951
3772
3877
3791
3816
3707
3694
3519
4023
3834
3695
3826
3585
3387
3666
4015
3989
4007
3886
3917
4204
3544
4036
4145
3999
3934
3817
3999
4014
3972
4629
3834
4280
4029
4123
4229
4171
4066
4092
3864
4184
3694
3770
4085
4021
4119
4120
4267
4019
4263
3822
3922
3932
4114
4437
4141
3868
3918
3771
4259
3926
3982
3958
3531
4210
4045
4278
4395
4246
3545
4199
4020
4244
4006
4180
3989
4275
4122
3862
3755
4095
4397
4277
4507
4154
3984
4126
4107
3666
4108
4077
4359
4318
3956
3913
4431
4215
3941
4166
4038
4361
4187
3728
4085
4395
4296
3842
4081
4046
4584
4210
4108
4386
3814
4639
4016
4060
4183
3851
3675
4286
4155
4211
3811
3917
4081
4076
3968
4064
3824
4071
4197
3982
4116
3711
3816
3957
4316
4183
3856
4006
4331
4225
4487
3931
3855
4197
4139
4075
3965
4313
4057
3999
4267
4002
3653
3734
4007
3927
4293
3929
4131
3845
3562
4133
4044
4103
3860
3993
4151
4145
4039
4031
4076
3547
3976
3768
3999
4100
4165
3973
4509
3776
4314
4344
4485
4155
4146
4105
4046
3900
4282
4321
3738
3707
4035
4130
4133
4039
3961
4331
3962
4030
3949
3892
3805
3852
3940
4255
3837
4064
4303
3805
3862
3541
4292
3960
4053
4049
3967
4329
3586
4293
4101
4236
4086
3728
4216
3985
4053
4480
3904
4562
4130
4207
4415
4404
4205
4313
3772
4116
3988
3839
4083
3669
4082
3938
4505
3709
4301
3852
4135
3940
4279
4201
3925
4161
3797
3956
4441
4085
3856
4029
3582
4116
4154
4151
4203
4449
3804
4237
3985
4147
3948
4150
4141
4337
3942
3754
3828
3945
4070
4121
4462
4046
3955
4035
4190
3764
4138
4361
4299
4450
3959
3712
4536
4175
3969
4119
3875
4333
4200
3933
4076
4519
4127
3842
4061
3716
4261
4223
4342
4101
3996
4609
4074
4238
4366
3930
3625
4239
4106
4114
4133
3968
4112
4041
4027
4039
4052
3965
4487
3962
4613
3584
3839
4145
4328
3952
3686
3768
4129
3916
4302
3934
4080
4195
4136
3995
3687
4417
3823
3888
4187
4017
3850
4039
3843
4004
4191
3981
4154
3982
3703
4066
3970
4043
3853
3888
4058
4287
4004
3909
4134
3591
3756
3814
3895
4142
4174
4024
4575
3830
4417
4266
4562
4073
3895
4190
4046
3860
4104
4436
3931
3838
4314
4241
3924
3958
4055
4194
4118
4386
3948
3725
3827
3968
3917
4109
4130
4048
4113
3801
3688
3832
4401
3727
4109
3945
3681
4054
3696
3979
3785
3762
3720
3781
4070
3908
4013
4198
3852
4032
3998
3765
3965
4020
4105
3986
3855
3839
3849
3632
3812
3544
4019
4036
4177
4050
4203
3785
3708
3862
3918
3961
3951
3856
3735
3803
4124
3956
4087
3857
3627
4018
3853
4066
4154
4002
3453
4165
3840
3864
3657
3799
3967
4287
3867
3469
3497
3742
4178
4053
3896
4017
3701
4180
3795
3584
3687
4271
4020
4270
3819
3811
4251
4093
3886
3970
3885
4097
4069
3669
3944
4260
3935
3699
3782
3830
4141
4089
4246
3980
3694
4418
3751
3988
4048
3833
3441
4221
3866
3936
3832
3477
3847
3862
3538
3772
3687
3887
4090
3942
3869
3525
3810
4080
4378
3469
3690
3928
3984
3827
4216
3664
3927
3931
3943
3729
3633
4182
3713
3832
3857
3809
3553
3686
3986
3763
4140
3738
4161
3835
3661
4039
3822
4082
3706
3737
4249
4002
3854
3798
3765
3584
3772
3706
3920
3889
3958
3547
3971
3450
4141
4133
4336
3811
3711
3836
3873
3767
3971
4159
4043
3451
4004
4014
3871
3618
3715
4398
3863
4184
3813
3791
3660
3787
3688
4133
3782
3810
3903
3562
3727
3678
4065
3734
3830
3792
3913
4167
3508
3904
4071
4084
3992
3595
4058
3792
3843
4227
3951
4325
4301
3952
4027
4221
4094
4101
3842
4005
3971
3530
4069
3783
4050
4191
4316
3941
4137
3628
3863
4041
3937
4136
4071
4241
3997
3877
4127
3987
4230
4122
3662
4100
3806
4087
4094
4206
3428
4076
3769
4159
3793
3941
4152
4220
3977
3604
3809
3975
4336
4089
4296
4315
4008
4224
3879
3616
3978
4339
4056
4278
3814
3926
4491
4151
3725
4000
3783
4189
4041
3670
4176
4296
4036
3957
3921
3805
4252
4084
4102
4145
3855
4361
4055
4152
4328
3773
3656
4130
3968
3761
3903
3944
4040
4038
3879
3806
3826
3736
4399
3897
4114
3608
3701
4044
4525
3829
3892
3934
4160
4112
4370
3876
3733
3779
4037
4080
3796
4253
3894
3787
4196
4033
3835
3894
4049
3782
4137
4041
4130
3933
3848
4012
3884
3997
3758
3608
4033
3936
3958
3919
4005
3631
3836
4066
3991
3982
4062
3820
4292
3628
4243
4306
4333
4003
4038
4146
4082
3843
4175
4299
3913
3455
3973
3936
4054
3742
3876
4237
4018
4081
3846
3743
3779
3822
3840
4028
4014
3952
4242
3676
3761
3773
4290
4260
4183
4430
4132
4767
3834
4375
4403
4282
4331
4111
4535
4418
4463
4489
4167
4920
4426
4553
4535
4684
4321
4475
4365
4274
4428
4245
4421
3993
4434
4349
4677
4011
4517
4186
4257
4148
4361
4491
4329
4308
4265
4169
4653
4327
4432
4600
4097
4311
4183
4391
4509
4757
3725
4794
4221
4645
4341
4505
4640
4566
4090
3963
4187
4279
5003
4621
4552
4368
4069
4495
4274
4019
4390
4636
4574
4699
4037
4120
5088
4448
4390
4243
3969
4655
4357
4077
4319
4818
4228
4221
4379
4042
4775
4407
4559
4434
4188
4833
4436
4428
4669
4317
3909
4503
4403
4389
4120
4231
4396
4331
4229
4238
4229
4231
4475
4211
4630
3883
4119
4355
4730
3809
4212
4314
4483
4327
4688
4178
4316
4408
4585
4339
4009
4781
4074
4257
4221
4114
4134
4109
4394
4026
4392
4243
4470
4041
4343
4417
4219
4178
4292
4115
4558
4588
4240
4365
4496
3922
4248
4164
4684
4511
4424
4014
4765
4193
4554
4540
5045
4368
4066
4298
4594
4319
4620
4678
4267
3993
4595
4501
4550
4344
4136
4414
4681
4511
4351
4201
4016
4203
3971
4631
4271
4274
4389
4099
4022
4156
4595
4137
4474
4348
4119
4530
3708
4538
4451
4302
4237
4147
4481
4321
4207
4711
4403
4576
4571
4485
4665
4602
4443
4168
4163
4476
4273
4067
4368
4129
4456
4337
4957
4494
4431
4132
4445
4275
4514
4569
4420
4550
4207
4509
4347
4294
4639
4528
4079
4415
4488
4441
4584
4275
3667
4478
4212
4545
4348
4387
4463
4619
4298
3870
4095
4499
4784
4553
4740
4573
4362
4501
4280
4149
4319
4633
4530
4706
4129
4531
5053
4652
4210
4517
4070
4668
4577
4364
4239
4672
4330
4023
4332
4355
4868
4387
4674
4450
4121
4858
4545
4483
4456
4252
3863
4796
4434
4497
4161
4204
4395
4435
4234
4075
4134
4200
4822
4167
4666
3922
4287
4058
4822
4143
3977
4343
4504
4599
4571
4199
4291
4216
4423
4521
4352
4553
4192
4233
4825
4186
4308
4233
4519
4281
4435
4292
4461
4443
4029
4336
4255
4204
4187
3933
4391
4496
4341
4343
4675
4127
4215
4208
4303
4510
4419
4165
4609
4100
4789
4656
4996
4575
4456
4483
4510
4181
4501
4760
4335
3998
4566
4275
4314
4290
4213
4836
4151
4760
4437
4225
4294
4121
4219
4650
4483
4473
4479
4298
4272
4233
4360
3640
3876
3752
3638
4136
3630
4117
4161
3849
3657
3653
3968
3997
3759
4326
3804
4345
4113
4158
3996
4279
3937
3859
3885
4113
3928
3777
3945
3545
4160
3955
4401
3907
4103
3835
3797
3854
3812
4180
4110
3950
3708
3755
3961
3905
3928
3860
3318
3778
3755
3766
4204
4144
3523
4020
3722
3931
4034
3911
4089
3991
4015
3684
3773
3803
4286
4068
4241
4035
3820
4191
3850
3601
3756
4100
4040
4181
3644
3920
4245
4169
3817
3803
3463
4184
3969
3744
3853
4256
3809
3706
3650
4012
4371
3828
4005
4104
3924
4201
3919
4160
4011
3801
3566
3836
4001
3732
3956
3638
4236
3702
3538
3856
3776
3961
4241
3904
4215
3368
3993
4026
4283
3968
3869
3855
4085
4006
4070
3499
3771
4024
4120
3680
3664
4284
3614
3689
3812
3626
3644
3516
3892
3598
3886
3765
3971
3725
3730
4039
3774
3483
3736
3761
4246
3941
3830
3752
4029
3595
3840
3678
3832
3940
4039
4116
4488
3720
4331
4158
4315
3985
3811
3710
3870
3987
4037
4161
3859
3777
4257
3850
4030
4024
3882
4141
3937
4378
3885
3734
3819
3729
3849
4135
3790
3905
3899
3867
3903
3705
4128
4062
3910
4082
3731
4355
3551
3999
4038
4043
4021
4033
4053
3897
3935
4349
3937
4099
4173
4130
4229
4389
4095
4085
3803
3948
3996
3709
3968
3808
4243
4024
4287
4043
4306
3723
4004
3832
4097
4345
4270
3990
3783
3811
4165
4235
4087
4093
3756
3952
3947
4110
4122
4406
3612
4224
3910
4291
4112
4140
4020
4233
3885
3571
3810
4203
4335
3960
4557
4234
3932
4355
3913
3859
3877
4322
4042
4212
4096
4098
4449
4283
4038
4001
3947
4503
4063
3897
3807
4225
4026
3971
3876
3825
4530
3946
4195
4139
3890
4514
4319
3878
4169
3900
3640
3981
4225
3986
3935
3810
3897
3985
3769
3879
3797
4187
4353
4112
4249
3581
4031
4017
4296
3725
3975
4138
4343
4059
4378
3586
3988
3921
3690
4095
3931
4407
3768
3785
4055
3872
3671
3545
4002
3733
4286
4106
4201
3890
3923
4265
3791
3785
3941
3747
4244
4110
4123
4133
4171
3783
3796
3756
4036
4192
3855
3751
4311
3925
4408
4251
4488
4136
4056
4053
4002
3813
4393
4443
3872
3584
4226
3955
4412
3832
4059
4303
3997
4220
4110
4005
4043
3796
3854
4323
4317
4076
4145
3803
3869
3869
4177
4186
4024
4014
4134
4508
3994
4391
4269
4187
4222
3934
4333
4175
4089
4378
4313
4463
4353
4521
4579
4549
4450
4271
4243
4452
4100
3990
4288
3819
4236
4029
4552
4321
4234
4220
4370
4023
4478
4674
4340
4350
4153
4267
4453
4354
4365
4333
3944
4272
4192
4366
4501
4282
3845
4502
4022
4506
4234
4069
4491
4568
4319
3828
4105
4211
4189
4544
4279
4492
4140
4366
4073
3989
4321
4611
4507
4739
4249
4196
4880
4508
4324
4482
4100
4773
4242
4025
4006
4508
4191
3971
4138
4085
4762
4322
4509
4180
4238
4693
4130
4515
4463
4084
3804
4350
4337
4189
4193
3889
4289
4324
3993
4277
4088
4209
4563
4268
4360
3728
4089
4402
4651
4186
3951
4178
4416
4180
4566
3871
4343
4359
4483
4409
3965
4585
4129
4185
4410
4100
3897
4025
4142
4166
4539
4091
4361
3915
3968
4186
4232
4125
4197
4339
4281
4574
4204
4272
4188
4008
4140
4084
4231
4320
4354
4208
4394
3906
4705
4675
4462
4334
4166
4436
4342
4298
4522
4435
4317
4067
4448
4364
4310
4081
4215
4575
4312
4677
4441
4122
4132
4263
4103
4375
4153
4212
4486
4051
3960
4070
4477
3904
4010
3923
3740
4211
3628
4082
4086
3832
4054
3733
4038
3947
3921
4227
3889
4217
4071
4070
4243
4252
4162
4233
3939
3825
3991
3723
4283
3732
4031
4184
4587
3864
4089
3756
3900
3998
3935
4277
4078
4077
4025
3990
4353
4238
4123
3864
3685
4000
4038
4076
4274
4289
3648
4139
3942
4110
3886
4241
4120
4258
3894
3576
3821
4139
4199
4035
4226
4059
3927
4336
3881
3893
3929
4229
4329
4385
4257
4054
4638
4182
3923
4076
3684
4270
4129
3698
4035
4388
3734
3600
4022
3840
4630
4257
4067
4233
3863
4518
3954
3896
4223
3729
3640
4168
4027
4221
3863
3965
3969
4003
3759
3963
4073
3839
4237
4124
4305
3770
3886
4049
4472
3627
3885
4039
4155
3836
4271
3717
4024
3843
4201
3931
3825
4413
3737
3885
3943
3759
3479
3673
3905
3885
4154
4049
4277
3927
3530
4067
3885
3964
3890
3719
4092
4092
3964
4104
4220
3778
3926
3724
3961
4149
3926
3871
4183
3724
4377
4191
4371
4143
4060
4316
4074
4042
4259
4294
4035
3430
4128
4068
4184
3835
4048
3973
3968
4107
4326
3762
4025
3855
3557
4277
3805
3882
3940
3816
3809
3547
4330
3909
3722
3716
3667
3971
3545
4002
3951
3741
3815
3752
3935
3948
4036
4175
3692
4224
4161
3868
4134
4093
4218
3874
3666
3912
3775
3424
3822
3585
4065
3681
4107
3606
3976
3679
3703
3841
3981
4444
3849
3681
3635
3541
4120
4033
3776
3930
3332
3836
3781
3994
4043
4175
3419
4120
3733
3947
3652
3942
3844
4206
3749
3604
3577
3797
4078
4093
3875
3996
3665
4074
3820
3621
3819
4189
3917
4135
3852
3642
4277
4229
3901
3940
3763
4268
3891
3752
3719
4223
3725
3672
3672
3826
4244
3966
3985
3539
3696
4282
3738
4168
3990
3709
3499
4003
4023
3633
3877
3726
3885
3850
3640
3834
3818
3982
4233
3883
3942
3491
3800
3999
4355
3716
3686
3800
3992
3870
4354
3886
3890
3847
3874
3687
3546
3933
3530
3628
3905
3676
3362
3644
3916
3642
4110
3635
3810
3860
3666
3929
3584
3785
3675
3686
4107
4071
3847
3940
3887
3529
3746
3736
3840
3867
4108
3730
4384
3481
4147
4039
4245
3846
3634
3789
4053
3863
3983
4334
3804
3412
3841
3896
3738
3924
3728
4101
3837
4130
3720
3838
3640
3706
3501
4203
3808
3484
4048
3688
3497
3581
4065
3920
3973
4208
3753
4294
3462
4081
4229
4011
4155
3545
4075
4065
3978
4188
4045
4423
4340
4214
4400
4449
4217
4128
3984
4149
4114
3921
4275
3653
4227
4119
4309
3917
4171
3927
4207
3720
4267
4326
4326
4193
3844
4180
4305
4190
4231
4163
3633
3903
3921
4083
4181
4179
3401
4491
4010
4216
4026
4266
4234
4165
4057
3679
3824
4097
4512
4200
4264
4297
3926
4343
3859
3838
4105
4434
4314
4361
4048
4098
4796
4177
3910
4099
3873
4528
3847
4040
3926
4491
3834
3769
3874
4086
4565
4162
4375
4112
3847
4438
4187
4215
4438
3809
3641
4091
4131
4103
4176
3815
4416
3937
3936
3803
4056
3914
4367
4093
4320
3473
4072
3863
4595
3899
3963
3944
4179
3998
4247
3795
3893
3935
4310
4035
3772
4455
4013
3959
4138
3798
3814
3909
4080
3729
4278
4234
4138
4118
3970
4109
3920
3933
3898
3870
4332
4209
3949
4063
4140
3926
3897
3764
4126
4105
4050
4025
4334
4013
4485
4357
4502
3981
4008
4154
4243
4208
4317
4443
4142
3894
4390
4123
3947
3827
4073
4370
4042
4217
4087
4027
3926
3842
3859
4449
4012
4046
3960
3829
3860
3891
4287
3762
4043
4056
4001
4313
3757
4045
3922
4131
3976
3900
3980
4125
3919
4143
3895
4186
4191
4243
4224
4352
4039
3930
4091
3997
4135
3857
4157
3674
3982
4144
4317
4071
4136
3916
3777
3892
3841
4177
4250
4225
4009
3894
4187
4213
3859
4068
3752
3912
3926
4260
4196
4174
3446
4124
3963
4171
4035
3987
4313
4350
3848
3549
3951
4097
4286
4136
4166
4314
4020
4175
3927
3557
3837
4325
4285
4212
3941
3916
4452
4333
3952
4044
4044
4249
4216
3777
4039
4420
4040
3721
3653
3926
4432
4168
4353
4164
3926
4482
4108
4192
4046
3886
3658
4348
4243
4081
4190
3871
3899
3879
3868
4061
3868
3857
4219
4034
4402
3581
3778
4277
4397
3936
4044
4152
4272
4283
4062
3621
3783
3951
3987
4022
4044
4269
3948
4122
4190
3991
3586
3902
4263
3787
4165
4073
4111
4124
3664
3938
3923
3980
3851
3737
4356
4026
4025
3964
4094
3714
3891
3701
3968
4213
4159
4012
4426
3923
4279
4233
4466
4145
3845
4228
3943
3710
3969
4317
3890
3705
4046
4139
4130
3879
3972
4308
3942
4428
4032
3943
3747
3558
3940
4342
4096
4000
4149
3976
3820
3703
4086
3917
4047
4046
3994
4105
3811
3870
4112
4087
4012
3763
4222
4202
3861
4461
3978
4524
4204
4292
4091
4446
4247
4073
4097
4285
4035
3724
3994
3624
4154
4073
4238
3942
4084
3837
4000
3974
4142
4476
4081
3874
3749
3913
4237
4053
4052
4094
3784
3881
3866
4372
4257
4312
3695
4237
4028
4316
4004
4254
4216
4367
4074
3670
4016
3952
4312
4150
4387
4355
3965
4408
4042
3805
3659
4534
4359
4391
4121
4131
4603
4237
4026
4221
3962
4391
3974
3889
4114
4340
3783
3922
3761
4103
4308
4168
4088
4327
3857
4576
4143
4305
4279
4060
3740
4075
3991
3996
4010
3878
4053
3901
3807
4079
4017
4162
4254
3828
4182
3765
4118
4047
4324
3933
3851
4140
3990
4159
4388
3862
3976
4179
3974
3915
4020
4420
3655
4245
4007
3674
3921
4045
3979
3929
4311
3973
4205
3888
3808
3991
3988
4032
4034
3849
4350
4124
4124
4149
4097
3831
3983
4052
3814
4145
4364
3951
4116
3820
4326
4232
4582
4140
3962
4112
4161
3823
4007
4148
4030
3733
4239
4197
4183
3979
3920
4386
3996
4329
4082
3838
3927
4070
4004
4441
4084
3921
4269
3784
3583
3760
4196
4113
4351
4129
4260
4676
3900
4417
4269
4244
4128
4202
4454
4276
4407
4585
4328
4767
4656
4391
4702
4755
4572
4281
4268
4356
4337
3852
4491
3983
4429
4395
4646
4249
4621
4105
4196
4229
4375
4704
4492
4290
4149
4329
4333
4366
4215
4460
3883
4288
4019
4375
4642
4703
3912
4509
4275
4276
4139
4206
4520
4640
4312
3912
4030
4341
4534
4332
4380
4507
4346
4629
4332
4061
4146
4806
4404
4641
4158
4188
4995
4484
4391
4365
4169
4663
4414
4174
4332
4797
4367
4226
4113
4181
4509
4423
4655
4515
4160
4914
4370
4439
4515
4222
4037
4638
4455
4193
4386
4122
4345
4352
4058
4324
4151
4333
4673
4399
4567
3835
4221
4209
4675
4172
4336
4211
4271
4176
4220
4027
4157
4275
4268
4297
4130
4724
4014
4493
4357
4139
3908
4038
4383
4435
4535
4397
4305
4303
4015
4249
4114
4152
3985
3983
4595
4666
4162
4287
4501
3967
4285
4027
4381
4562
4361
4146
4644
3981
4652
4431
4815
4158
4075
4379
4598
4042
4499
4675
4284
3955
4301
4317
4259
3990
4305
4439
4320
4476
4409
4136
4064
3947
4229
4542
4458
4294
4448
4103
4045
3989
4356
3926
4050
3736
3884
4375
3423
4112
4048
3830
4068
3612
4210
4029
4022
4301
3848
4458
4021
4146
4394
4317
4002
4090
3839
3993
3960
3879
4161
3725
4096
3919
4231
3736
4282
3861
3957
3935
3827
4268
4185
4040
3872
3861
4174
4160
4099
3983
3703
4041
3772
4076
4262
4182
3537
4068
3859
4174
3989
4358
3952
4221
3896
3799
3808
4090
4271
4263
4221
4079
3741
4109
3901
3690
4059
4318
4061
4374
3855
3660
4541
4054
4023
4151
3700
4246
4037
3553
3881
4442
4047
3817
3744
3732
4427
4126
4141
4053
3939
4453
3969
4265
4274
3751
3612
4203
3875
4012
3799
3697
4079
3684
3811
3711
3932
3792
4288
3880
4360
3544
3949
3945
4420
3567
3653
4044
4181
4021
4114
3862
3906
4063
4031
4047
3884
4051
3739
3830
4148
3859
3737
3712
4135
3974
4148
3907
4227
3722
3854
4066
3654
3974
3939
3650
4068
4206
3984
3923
3870
3438
3852
3629
3972
4188
3822
3970
4269
3900
4313
4320
4488
3896
4016
4214
4003
3772
4153
4455
3780
3623
4239
4045
4034
3696
3804
4205
4072
4184
3960
3722
3694
3864
3781
4249
3925
3994
3896
3651
3770
3720
4147
3757
3952
3882
3845
3909
3525
3949
4039
3945
3816
3582
4104
3789
3744
4279
3651
4084
4112
4079
3944
3945
4068
3944
3605
3823
3675
3785
3986
3548
3898
3737
4090
3582
3990
3587
3949
3705
4055
3976
3976
3748
3601
3780
4019
4040
3861
3964
3733
3728
3754
3704
4114
3977
3246
4076
3740
3958
3734
3895
3902
4130
3740
3316
3740
3822
4256
3868
3868
3884
3650
4157
3835
3784
3752
4171
3913
4192
3724
3820
4291
4282
3737
3863
3709
4279
3802
3711
3789
4213
3756
3718
3646
3605
4342
3752
3839
3812
3909
4344
3952
3963
4209
3758
3544
3915
3812
3790
3779
3781
3924
3736
3680
3734
3589
3830
4277
3685
4092
3557
3569
3635
4178
3448
3700
3823
3892
4066
3958
3552
3861
3840
3834
3733
3750
4114
3841
3510
3675
3656
3715
3819
3935
3568
4042
3771
4073
3729
3722
3878
3885
3845
3619
3614
4044
3685
3895
4020
3922
3510
3804
3521
3791
3966
3903
3516
4056
3577
4151
3910
4410
3987
3957
3910
3876
3883
4098
4036
3604
3537
3962
3810
3875
3941
3873
4291
3925
4190
3746
3765
3763
3781
3635
4034
3732
3405
3933
3598
3785
3741
4092
3838
4123
4050
3930
4530
3542
3998
4231
3882
4035
3606
4183
4061
4066
4176
3936
4281
4107
4159
4157
4273
4156
3933
3754
4238
3976
3713
4098
3736
4041
3959
4334
3958
4379
3784
3865
3778
4109
4247
4259
4039
3789
3792
3995
3979
4142
4000
3613
4130
4087
4067
4169
4142
3611
4109
4099
4241
4029
4104
4127
4287
3782
3838
3707
3965
4450
4099
4343
4284
3787
4145
3968
3714
3947
4407
4303
4173
3845
4150
4696
4078
4030
4004
4008
4440
3864
3945
4080
4441
4169
3786
3760
4096
4363
4108
4178
4255
3995
4517
4063
4263
4129
4053
3573
4279
4024
4026
4184
3877
4033
3796
3902
4002
3943
3985
4229
3802
4281
3616
3758
4254
4314
3928
3708
3964
4310
4000
4329
3908
3839
4171
4088
4005
3782
4378
3700
3952
4146
3970
3590
3906
3927
3986
4316
4047
4081
3934
4057
4100
4085
3884
4001
3801
4284
3996
3977
3815
3856
3562
3961
4125
4023
4123
4207
3787
4303
3693
4203
4495
4530
4120
3799
4254
4233
3874
4091
4399
3999
3562
4189
4034
3879
3796
3991
4269
4120
4511
3946
3897
3770
4001
3895
4074
4023
4138
4070
3772
3900
3774
4513
3841
3664
3890
3631
4112
3316
3758
4059
3751
3788
3457
4088
3714
3864
4016
3701
4027
4077
3924
3970
4120
3963
3960
3801
3938
3563
3897
3843
3401
3910
3777
4126
3819
4117
3756
3795
3692
4141
4004
3871
4026
3571
3810
3986
3606
4078
3963
3439
3921
3668
4187
3942
4039
3434
3954
3743
3940
3817
3900
3967
3932
3914
3505
3452
3998
4137
4037
4102
4040
3666
4125
3833
3420
3871
4178
3732
4331
3696
3844
4175
4301
3683
4082
3774
4166
3853
3700
4064
4333
3795
3419
3715
3740
4221
3762
4135
3817
3759
4517
3886
4002
4076
4042
3498
4032
3849
3774
3838
3707
3904
3692
3729
3956
3800
4004
3986
3635
3919
3479
3849
3856
4192
3588
3655
3705
3876
3819
4007
3653
3646
3858
3939
3771
3480
3983
3583
3739
3869
3606
3595
3782
3732
3624
4095
3774
4184
3988
3947
3850
3621
3686
3743
3737
4091
4058
3956
3877
3970
3596
3737
3365
3732
4099
4071
3546
4341
3727
4165
4084
4368
4034
3576
3846
3997
3776
4085
4111
3860
3591
3990
3891
3776
3727
3918
4136
3713
4127
3705
3638
3626
3589
3770
4269
3940
3595
3778
3559
3645
3605
4026
4200
4007
4227
4059
4393
3867
4208
4351
4310
4298
3987
4177
4268
4066
4430
4031
4670
4444
4503
4493
4596
4316
4315
4253
3979
4015
4092
4217
3857
4239
4131
4633
4231
4490
4059
4192
4043
4160
4529
4470
4420
4107
4189
4173
3956
4013
4303
3634
4249
3994
4465
4549
4263
3730
4403
4066
4532
4024
4333
4337
4611
4134
3822
4096
4058
4512
4385
4612
4418
4130
4530
4170
3797
4307
4589
4223
4511
4095
4353
4939
4441
4009
4336
3844
4443
4353
4029
4148
4425
4214
3864
4205
4216
4752
4115
4341
4396
4011
4598
4443
4323
4536
4124
3709
4164
4257
4520
4055
4017
4354
4263
4175
3907
4150
4232
4663
4099
4287
3755
4057
4178
4480
3991
4254
4202
4266
4270
4428
4148
3909
4400
4329
4309
4108
4773
3935
4190
4284
4133
3984
4023
4447
3790
4495
4314
4495
4105
3857
4235
4162
3970
4158
4238
4532
4273
4348
4183
4415
3979
4176
3891
4221
4483
4240
3904
4563
3727
4710
4460
4529
4321
4165
4301
4265
4208
4294
4779
4303
3941
4242
4231
4397
4049
4085
4548
4124
4472
4374
4149
4072
4000
4114
4383
4152
4121
4458
4055
3882
4138
4316
4094
4168
4243
3979
4506
3975
4415
4534
4167
4371
4061
4171
4368
4310
4700
3986
4436
4548
4264
4390
4505
4354
4094
4063
4203
4230
4170
4384
3884
4242
4352
4616
4196
4477
4069
4278
4172
4317
4702
4421
4536
3928
4030
4537
4424
4479
4412
3996
4076
4304
4306
4463
4517
3727
4546
4253
4288
4223
4505
4436
4455
4308
3871
4110
4372
4701
4320
4672
4342
4181
4644
4238
3994
4409
4313
4488
4628
4240
4100
4735
4517
4062
4064
4281
4761
4035
4137
4421
4577
4035
4042
4204
4209
4819
4420
4517
4468
4034
4989
4325
4383
4535
4276
4082
4466
4300
4469
4073
4082
4301
4074
4105
4380
3951
4350
4663
4418
4562
3835
3916
4314
4800
4004
4055
4410
4345
4419
4705
3916
4340
4201
4400
4258
4235
4680
4037
4128
4297
4078
4068
3953
4385
3891
4401
4253
4493
4039
4153
4361
4156
4260
4126
4276
4347
4353
4563
4298
4431
3980
4096
4174
4267
4488
4493
4262
4503
3810
4289
4606
4777
4401
4261
4379
4316
4229
4508
4477
4349
3866
4341
4279
4505
4139
4243
4672
4240
4523
4276
4088
4022
4101
4088
4719
4264
4163
4288
4161
4079
4053
4794
tempo: 0.013117