100 100
2213
2659
2387
2311
2091
2356
2509
2061
2364
2240
2536
1947
2353
2173
2009
2354
2237
2178
2262
2146
2311
2476
2138
2234
2248
2216
2071
1983
2050
2353
2356
2352
2360
2176
2106
2402
2106
2241
2094
2303
2250
2391
2254
2252
2297
2080
2135
2453
2356
2357
2191
2133
2021
2192
1883
2023
2111
1863
1895
2285
2201
2393
2214
2136
2156
2167
2375
1985
2024
2102
2181
2210
2233
2446
2052
2519
2082
2093
2236
2017
2138
1971
2109
2302
2286
2335
2178
2133
2158
1991
2204
2100
2245
2024
1936
2164
2369
2190
2074
2282
2038
2354
2221
2208
2172
2159
2481
1976
2092
1912
2233
1811
2231
2013
1864
2046
2015
1999
2038
2068
2143
2152
2102
2188
2131
2115
2060
2033
1982
1982
2183
2294
2227
2109
1893
2028
1891
2228
1941
2206
2157
2072
2094
2125
2191
1913
2066
2458
2137
2293
2013
1983
2047
1974
2190
2148
2098
1903
2051
2258
1923
2593
2169
2093
2150
2239
2420
2005
2009
2346
1999
2200
2083
2359
2061
2410
2262
2060
2008
1755
2007
1902
2290
2220
2202
2202
2104
2076
2286
2049
2125
1861
2249
1949
1729
2083
2237
2144
1979
2151
2143
2257
2135
2154
2068
2054
2284
1736
2082
2107
2221
1711
2094
2086
1962
1990
2260
1857
2107
1996
2188
2216
2129
1894
1922
2089
1863
1964
1864
2170
2253
2243
2242
2139
1832
2233
1845
2081
1867
2168
2119
1866
2016
2158
2195
2168
2127
2278
1993
2181
2104
2001
1974
2161
2092
2171
2199
1922
2035
2233
2153
2449
2047
2149
2250
2233
2372
1885
1924
2180
1845
2062
2036
2392
2058
2410
2183
2148
1919
1830
2065
1928
2161
2203
2272
2177
2284
2099
2233
2081
2183
1951
2055
2083
1999
2036
2215
2197
2068
2293
2184
2270
2108
2078
2112
2073
2407
1816
2031
1917
2275
1988
2275
2102
1724
1956
2112
1864
2135
2006
2121
2164
1991
2094
2016
2055
2022
1833
1823
2125
2206
2120
2162
1994
1812
2023
1798
2013
1836
2056
2013
1900
2010
1871
2036
2067
1881
2344
1909
2296
1921
1962
1785
2024
1771
1738
1727
1834
1657
2006
1742
2100
1955
1857
1944
1996
2083
1936
1703
1957
1687
1838
1893
1963
1860
2161
2082
1922
1854
1740
1993
1716
1835
1926
1996
1822
1940
1805
1928
1977
2002
1784
2011
1863
1745
1723
2130
2041
1835
2068
2006
2082
1956
1946
1938
2062
2097
1649
1917
1774
1947
1600
1897
1779
1565
1942
1685
1685
1810
1729
1858
1935
1844
1596
1937
1682
1769
1773
1743
1872
1922
1968
2036
1726
1754
1965
1621
1798
1687
1876
1785
1833
1667
1820
1880
1785
1811
2045
1866
2054
2183
2188
2094
2353
2081
2251
2344
1930
2224
2418
2248
2463
2135
2347
2332
2295
2340
2078
2093
2319
2143
2379
2112
2552
2089
2372
2264
2231
2090
1878
2209
2026
2140
2242
2277
2075
2209
2259
2255
2122
2363
1968
2087
2161
2059
1943
2233
2359
2122
2300
2279
2441
2256
2416
2079
2132
2261
1912
2064
1988
2301
1826
2171
1965
1946
2231
2134
1944
2012
2124
2255
2214
2028
2211
1984
2143
2067
2034
1864
2297
2237
2245
2281
2105
1917
2155
1939
2181
2005
2196
1991
2133
2232
2254
2360
2212
1972
2473
2153
2339
2099
1749
1829
1822
1815
1884
1823
1924
1586
1817
1824
2146
2049
1777
1828
2036
1984
1786
1613
1828
1780
1739
1851
2060
1669
2280
1989
1645
1732
1737
1916
1612
1801
1970
2062
1821
1828
1903
1866
1810
1881
1755
1884
1686
1722
1757
1982
2024
1878
1949
1987
1852
1910
1915
1859
2103
2121
1556
1671
1905
2069
1790
1877
1936
1681
1733
1690
1850
1783
1861
1938
1882
1723
1815
1679
1788
1670
1650
1645
1937
2071
2033
1855
1738
1751
1731
1605
1957
1866
1867
1832
1723
1843
1782
1789
1756
1741
1982
1800
1984
2205
2127
2018
2028
1940
2215
2148
1943
2039
2241
2334
2406
2224
2142
2209
2413
2367
2127
2056
2254
2020
2158
2118
2444
2065
2448
2158
2150
2215
1898
2040
2120
2195
2213
2392
2269
2133
2149
2271
2124
2199
1993
2180
2019
1962
2119
2396
2120
2123
2305
2076
2310
2161
2320
2185
2072
2411
1834
2174
1975
2446
1861
2316
1939
1835
2211
2195
1958
2166
1977
2222
2299
2131
2182
1955
2044
1995
1970
2051
2215
2181
2407
2224
2132
1942
2164
1960
2146
1958
2233
2045
2022
2138
2013
2189
1974
2045
2435
2166
2246
2212
2008
1832
2093
2082
2045
2193
2050
1895
2214
2256
2408
2384
2116
2219
2290
2307
1974
1931
2151
2098
2099
2071
2426
1947
2438
2225
2130
2112
1931
2168
1961
2019
2299
2272
2294
2276
2209
2273
2111
2205
2067
2279
2056
1976
2140
2326
2214
2053
2248
2201
2350
2193
2073
2124
2045
2271
1955
2083
2092
2257
1757
2243
2139
1899
2134
2110
1912
2154
2255
2170
2115
2256
1937
1940
2102
1871
1809
1904
2073
2195
2261
2238
2026
1911
1974
1842
2079
2011
2188
2080
1946
2034
2091
2127
2054
2007
2350
2147
2230
2155
1876
1931
2083
2054
2061
2236
2005
1931
2128
1951
2196
2087
1936
2091
2176
2314
1900
1902
2071
1960
2288
1923
2371
1924
2264
2147
1946
1989
1800
1991
1812
2084
2009
2198
2052
2056
2077
2262
2124
2141
1911
1958
1956
1996
2065
2225
2004
2095
2157
2051
2302
2012
2260
1908
2112
1963
1934
1962
1843
2125
1782
2137
1985
1905
2035
2052
1888
1944
2150
2010
2101
1846
2192
1924
2036
1838
1711
1789
1987
2154
2221
2035
1942
1810
2083
1836
2032
2037
2038
1814
2149
1912
2018
2177
2120
1931
2268
2050
2081
2102
2149
2153
2139
2136
2059
2167
1954
2103
2351
2226
2558
2159
2053
2358
2313
2298
2055
2078
2183
2171
2016
2195
2381
2095
2368
2384
2026
2063
1963
2227
1982
2090
2270
2436
2282
2059
2251
2301
2112
2220
2068
2238
2146
1918
2065
2213
2360
2011
2317
2190
2368
2078
2194
2134
2012
2291
1839
2186
2132
2384
1907
2192
2128
1920
2072
2105
1893
2194
2099
2126
2203
2207
1934
1944
2232
1921
2015
1868
2183
2207
2222
2226
2168
2012
2085
1891
2026
1950
2092
2044
1955
1968
2181
2270
2117
2081
2414
2260
2248
2319
2088
2092
2235
2116
2282
2305
2206
1925
2267
2324
2606
2259
2214
2343
2345
2735
2189
2021
2222
2173
2236
2300
2564
2207
2593
2419
2216
2234
2212
2246
2073
2212
2460
2326
2301
2224
2345
2446
2199
2293
2184
2437
2148
2050
2218
2528
2450
2284
2276
2244
2392
2251
2273
2185
2351
2516
2037
2115
2182
2516
2094
2265
2110
1980
2198
2300
2161
2226
2220
2336
2260
2240
2233
2140
2126
1983
2141
2147
2185
2318
2349
2375
2218
1988
2215
1881
2329
2117
2279
2156
2117
2142
2224
2127
2046
2178
2509
2294
2395
2137
2063
2035
2319
2135
2306
2359
2111
2058
2277
2205
2368
2255
2154
2314
2347
2500
2111
2249
2284
2082
2196
2105
2486
2043
2425
2323
2154
2086
2038
2369
2143
2188
2376
2282
2152
2272
2110
2355
2024
2260
2043
2178
2067
1841
2069
2301
2162
2158
2217
2376
2385
2247
2254
2105
2111
2307
1945
2081
2034
2248
1993
2411
2042
1902
2185
2209
1829
2125
1937
2394
2257
2129
2061
2068
2082
1930
2042
1960
2150
2216
2207
2376
2249
1932
2251
1823
2304
1977
2115
2048
1969
2334
2041
2147
2047
2075
2343
2093
2339
tempo: 0.031575