100 100
2099
1924
1983
2164
1955
1976
2154
2170
2317
1907
1686
2031
2005
2188
1999
1864
2280
2063
1973
2131
1921
2112
1992
2024
2003
2172
2153
1662
2191
2296
2031
2225
1890
1841
2300
2157
2201
2067
2038
2141
1895
2250
2240
2108
2074
1962
2072
1720
2232
2041
2012
1913
2024
1993
2282
2315
1923
2233
2035
2008
1998
1929
1896
2111
2029
1842
1866
1986
2110
2013
1951
2329
2056
2074
1736
2060
2248
1816
2043
2003
2152
1914
1855
2356
2040
2270
2263
1900
2348
2188
1885
2002
1907
2264
2014
1856
1941
2228
2252
2149
2079
2246
1946
2272
1914
1869
1958
2176
2286
2040
1849
2141
2241
2113
2060
1920
2273
2197
2050
2034
2050
2075
2002
2022
1982
1996
2144
1772
2295
2358
1843
2130
1979
2032
2383
2115
2120
2034
2129
2129
2082
2448
2094
2189
2043
2106
2285
1873
2166
2217
2030
1961
2295
1704
2273
2317
1973
2121
2035
2081
2023
2160
1871
2239
2106
1896
1718
2224
2111
2130
2134
2295
1844
2124
1967
2022
2347
1808
2069
1911
2189
1904
1814
2152
2133
2019
2281
2042
2443
2082
2095
2117
1902
2295
1883
1953
2084
2098
2188
2434
2138
2337
2336
2449
2061
2097
2187
2355
2507
2145
1920
1984
2025
2185
2127
2280
2220
2199
2150
2050
2010
2123
2256
2111
2192
2271
2175
1893
2380
2353
1875
2423
2166
2044
2491
2147
2225
2349
2097
2274
2063
2361
2153
2232
2247
2078
2266
1964
2358
2387
2174
2028
2191
2067
2105
2458
2124
2346
2112
2295
2329
2237
2048
2145
2347
2110
1791
2215
2167
2082
2281
2287
2083
2264
1978
2169
2624
2030
2217
2156
2499
2107
2214
2395
2029
2292
2455
1881
2601
2231
2284
2137
2128
2307
2058
2088
2022
2314
2430
2502
2017
2106
2189
2233
2092
1893
2198
2240
2560
2144
1935
2098
2023
2258
2114
2046
2434
2204
2009
2032
2074
2094
2171
2010
2243
2194
2229
1893
2300
2374
1859
2326
1805
1996
2353
2140
2149
2061
2010
2210
1979
2456
2136
2081
2127
2272
2267
1820
2415
2341
2140
2039
2291
1868
2148
2532
2032
2276
2158
2242
2096
2220
2052
2307
2102
1900
1850
2109
2331
1936
2262
2370
1945
2173
2007
2175
2341
1848
2288
2088
2226
2023
2009
2381
2263
2249
2346
1935
2417
1996
2126
2147
1980
2198
2041
1899
1969
2234
2185
2332
1840
1903
1968
2057
1889
1713
2002
2067
2175
1861
1698
1835
1841
2032
2031
1936
2097
1915
1954
1830
1858
1858
2013
2007
2016
1964
1945
1758
1864
2153
1696
2154
1874
1791
2168
2001
1913
1966
1831
2017
1778
2010
1887
1899
1817
1787
1992
1789
2122
2170
1794
1932
2074
1747
1725
2167
1715
2108
1814
2059
1862
1931
1805
1898
1951
1710
1688
2048
2048
1822
1987
2183
1731
1916
1599
1954
2164
1711
2028
1794
2075
1918
1808
2168
1930
2010
2092
1809
2250
1898
1819
1878
1903
2064
1901
1640
1790
1940
1985
1966
2102
2151
2057
2402
2230
2050
2195
2302
2405
2183
1865
2165
2169
2304
2122
2135
2313
2316
2109
2153
1994
2221
2237
2308
2139
2245
2257
1987
2358
2361
2102
2242
1934
2144
2358
2242
2254
2071
2252
2333
1996
2374
2203
2168
2149
2248
2305
1971
2400
2378
2183
1995
2199
1993
2208
2448
2103
2390
2156
2314
2155
2157
2032
2264
2060
1940
1745
2258
2201
2223
2111
2353
2053
2323
2005
2228
2307
1916
2291
2217
2239
2044
2014
2352
2223
2310
2661
1896
2376
2075
2070
2194
1948
2417
2080
1965
2072
2240
2261
2345
1885
1892
1912
2018
1799
1932
1957
1915
2102
1900
1794
2058
1897
1971
2041
1798
2117
1857
1912
1859
1835
1790
1891
2049
1843
2062
2050
1657
2218
2171
1662
2076
1760
1789
2107
1943
1946
1972
1906
1885
1832
2081
2057
1939
1930
1909
1923
1852
2021
1879
1777
1804
1998
1586
1879
2183
1826
2037
1908
1901
1837
2012
1821
2027
1923
1669
1649
2036
1873
1879
2069
2173
1765
1921
1749
1912
2018
1691
1922
1939
2173
1965
1833
2041
1970
2130
2243
1894
2143
2074
1899
1917
1946
2007
1975
1757
1886
2111
1924
2011
1921
2085
2034
2279
1909
1723
1974
2140
2123
1942
1665
2086
1908
2051
1938
2052
2091
1993
1823
2070
1785
2030
1936
1911
1986
2031
2053
1662
2253
2273
1781
2120
2018
1906
2239
2002
2059
1928
1961
2010
1866
2301
1885
2088
1922
1991
2158
1731
2177
2159
2085
1859
2081
1783
2075
2268
1844
2147
1966
2068
1984
2037
1794
2165
2060
1838
1699
1948
1998
2025
1954
2143
1840
1975
1773
1975
2208
1750
2001
1778
2296
1834
1904
2072
1916
2057
2249
1895
2352
2168
1897
2064
1828
2296
1886
1675
1828
2211
2043
2251
2050
2144
2242
2582
2167
1998
2177
2279
2552
2112
1920
2236
2337
2348
2156
2339
2539
2372
1975
2133
2096
2306
2147
2257
2176
2090
2148
1953
2333
2448
1997
2393
2052
2126
2576
2110
2211
2252
2348
2247
2112
2445
2182
2337
2232
2295
2229
2015
2318
2462
1899
2150
2468
2014
2164
2432
2201
2254
2112
2348
2219
2231
2089
2467
2368
1916
1908
2329
2257
2200
2250
2399
1886
2365
2039
2153
2466
2015
2269
2263
2377
2118
1968
2313
2160
2198
2417
2129
2497
2210
2186
2249
2241
2505
2115
2010
2008
2252
2376
2325
1845
1978
1828
2039
1914
1853
2041
2027
1987
2032
1768
1933
1963
2026
1789
1912
2190
1931
1775
1891
1706
1880
2005
1838
1813
1985
2035
1680
2104
2297
1769
2032
1721
1762
2189
1953
2020
1761
1956
1901
1812
2287
1919
2025
1978
1965
2114
1697
1991
2262
1844
1822
2027
1744
1942
2234
1748
2249
1976
1937
2037
1864
1852
2059
1894
1705
1703
1963
2001
1875
1911
2045
1905
1951
1721
1815
1953
1709
1949
1852
2025
1767
1815
2090
1851
1937
2132
1793
2099
1933
1968
2022
1769
2136
1888
1795
1871
1959
2038
2268
2141
2105
2186
2386
2272
2033
2333
2318
2579
2129
1935
2038
2205
2370
2056
2165
2365
2265
2006
2194
2147
2215
2260
2352
2208
2265
2331
1905
2492
2501
2114
2361
2121
2019
2491
2195
2312
2295
2196
2403
2094
2361
2314
2150
2280
2048
2243
1875
2299
2363
2139
2111
2106
1997
2224
2430
2197
2328
2224
2323
2234
2218
2105
2292
2232
1950
1967
2281
2288
2126
2236
2375
2033
2258
2027
2154
2459
1992
2317
2351
2223
2063
1949
2511
2393
2225
2404
1958
2538
2231
2097
2199
2086
2475
2154
1979
2089
2395
2285
2483
1915
2007
2084
2102
1892
1770
2028
1982
2311
1716
1845
1971
1856
2008
1883
1998
2220
2025
1863
1867
1916
2006
2043
1813
1951
2113
1945
1650
2110
2114
1651
2165
1775
1810
2265
1942
2100
1998
1863
1970
1855
2145
2101
2151
1937
1999
1976
1863
2230
2118
1967
2009
2091
1679
2023
2263
1828
2180
2004
1948
2029
2112
1891
2131
2011
1730
1670
2109
2029
1893
1977
2053
1890
1982
1777
1844
2066
1787
2051
2030
2146
1935
1909
2282
1970
1991
2230
1679
2198
1903
2037
2064
1890
1948
1845
1771
1893
2111
2084
2167
1807
2000
1961
1985
1838
1781
1967
1912
2167
1866
1769
2014
1865
1954
2008
1857
2082
1915
1735
1739
1831
1831
1976
1889
1919
1885
1951
1590
2073
1971
1770
1981
1630
1684
2003
1931
2114
1963
1641
2120
1755
2196
1799
1955
1876
1878
1910
1707
2220
1990
tempo: 9