100 100
2365
2241
2208
1990
2104
2066
2019
2240
2408
1877
2265
2243
1982
2213
2145
2261
2250
2214
2159
2216
2161
2160
2233
2161
2007
2094
2275
1879
2262
2277
2410
2314
2103
2223
2235
2044
2166
2301
2093
2228
1962
2084
2354
2217
2147
2227
2346
2139
2306
2287
2079
2320
2149
2064
2311
2156
2181
2017
2179
1974
2593
2458
2417
2353
2264
2228
2120
2317
2237
2339
2188
2365
1972
2139
1940
2258
2183
1930
2455
2056
2215
2332
2263
2192
2167
2184
1976
2139
2254
2141
2148
2143
2262
2168
2088
2059
2378
2194
2397
2136
2131
1981
1911
1802
1949
1742
1791
2006
2057
1734
1988
2063
1907
1783
1983
2005
1993
1882
1831
1982
1964
1777
2049
1810
1843
1577
2070
1983
2180
1944
2182
1993
1960
1799
1857
1837
1985
1958
1819
2059
1752
1792
2079
1933
1976
1829
1905
1722
2043
2066
2011
1848
1892
2006
2091
1836
2144
1862
2046
1761
2235
1852
2083
2177
2030
1971
1817
2018
1936
1972
1915
2084
1933
1997
1948
1860
1998
1627
2099
1855
1984
2025
2027
1787
1919
1926
1798
2030
1956
1913
2108
1963
2179
1925
2096
1725
2139
1984
2167
1976
2206
2064
2067
1960
1973
1909
1826
2054
2115
1752
1932
1964
1899
2060
2050
2119
1996
1981
2019
2038
2026
2178
1959
1955
1845
1785
1955
1931
2088
2067
2358
2246
2050
1913
1939
1854
1876
1934
1903
2012
1976
1935
2084
2050
1790
1982
2030
1729
2094
2051
2012
1966
1908
2177
1956
1847
1914
1984
2036
1947
2220
2149
2267
1983
2031
1969
1881
2157
2036
2221
2044
2068
2033
1915
1737
1999
2037
1927
2163
2019
1976
2073
2098
1904
1939
2133
1978
1880
1947
1882
1746
1842
2151
1713
1793
1735
2116
1927
2225
2005
2018
2101
1958
1860
1889
1821
1727
2059
2013
1797
1994
1960
1751
1902
1892
1941
1819
1979
1731
2010
1900
1909
2047
1952
1950
1716
1913
1807
2092
2069
2158
1987
1975
1917
1799
1918
2043
1965
1998
2071
1938
1687
1802
2028
1920
1931
1998
1796
1924
1927
1861
1865
1899
1922
2011
1742
1848
1843
1894
1707
2225
1971
2176
2013
1985
1900
1903
2077
1788
2023
1898
2175
1915
1830
1825
2047
1792
1841
2065
1955
1868
2098
1967
1916
1920
1971
1890
1714
1855
1825
2046
1838
2056
1935
1768
1615
2026
1899
2214
1937
2030
1929
1849
1788
1887
1775
1760
1964
2043
1744
1941
2036
1721
1749
1867
2106
1897
2018
1825
1919
2104
1937
1944
1793
1718
1679
1991
1801
1932
2215
2336
1894
1912
1816
1805
1765
1831
1893
1845
1738
1866
1754
1875
1909
1722
1978
1918
1886
2002
1830
1973
1943
1929
1835
1961
1810
1887
1840
1931
1858
2194
1893
2118
2037
1935
1790
1766
1932
1922
2025
1797
1897
1822
1812
1759
2003
1919
1691
1865
1774
1751
2031
1970
1892
1922
1927
1749
1968
1903
1840
1941
1830
1868
1968
1869
1749
2046
1780
2017
1839
1985
1813
1834
1807
1784
1532
1725
1937
1751
1630
1861
1773
1707
1658
1622
2026
1739
1894
1598
1910
2004
1929
1943
1667
1676
1534
1772
1774
1904
2037
2167
1729
1884
1816
1779
1857
1911
1887
1887
1844
1768
1548
1858
1843
1767
1669
2003
1832
1829
1885
1861
1741
1876
1955
2018
1750
1754
1775
1829
1757
2069
1927
2129
2023
1924
1667
1756
1882
1774
1902
1913
1941
1727
1872
1809
1907
1897
1602
1983
1800
1880
1949
2051
1752
1820
1846
1743
1700
1801
1907
1766
1636
1956
1813
1791
1657
2185
1749
1885
1817
1949
1991
1873
1789
1769
1527
1819
1808
2092
1830
1924
1789
1676
1834
1762
2001
2027
1968
1826
1857
1945
1977
1905
1864
1688
1668
1871
1771
1854
1897
2011
2093
1830
1786
1633
1861
1999
1806
1814
1913
1749
1683
1980
1950
1840
1752
1848
1816
1868
1934
1679
1897
1727
1886
1848
1685
1970
1809
1851
1714
2060
1892
2026
2015
1853
1820
1673
1967
1735
2052
1988
1979
1836
1853
1667
2071
1728
1746
2075
1773
1932
1967
1983
1921
1987
1682
1734
1779
1790
1848
1803
1746
1870
1928
1730
1830
1995
1849
2032
2031
2363
2293
2139
2115
1993
1905
1918
2300
2179
1998
2156
2054
1981
2159
2119
2245
2236
2267
1930
2351
2194
2192
2170
2083
2112
1866
2133
2066
2167
2320
2368
2077
2009
2163
2000
2046
2310
2192
2228
1959
2000
1860
2264
2092
2271
2153
2194
1962
2204
2314
2235
2174
2245
2239
2357
2173
2137
2058
2153
2085
2374
2330
2281
2181
2209
2056
1928
2173
2203
2345
2009
2073
2196
2069
1840
2393
2195
1873
2266
2066
2158
2250
2077
2278
2281
2162
2016
2106
2121
2248
2083
2234
2235
2267
2036
1991
2364
2029
2309
2205
1984
1922
1751
1897
2014
1860
1657
2017
1983
1780
2168
1947
1712
1788
2076
1967
1899
1948
1931
1871
1892
2025
1872
2020
1776
1784
1972
1755
1814
2129
2199
1921
1918
1988
1785
1821
1870
1867
1862
1982
1910
1600
2106
1946
1879
1810
1987
1911
1980
2100
1851
1916
1712
2086
2125
1641
1926
1862
2023
1865
2015
1997
2107
2002
1958
1772
1750
1934
2005
1960
1969
2089
1875
1996
1718
1848
1910
1726
2082
1882
1941
1962
1842
1819
2000
1879
1978
1970
1899
1959
1733
1718
2025
1892
1658
1720
2116
1908
2226
2055
2029
1876
1821
1682
1799
1698
1628
1836
2073
1778
1982
1886
1844
1769
1775
1922
1932
1948
1593
1811
1908
1899
1900
1933
1716
1747
1831
1719
1892
1979
2056
1943
1969
1783
1812
1876
1834
1893
1788
1800
1763
1467
2030
1913
1758
1807
1851
1731
1795
2045
1917
1970
1817
2010
1989
1769
1684
1734
1933
1966
2042
1979
2022
1954
1887
1791
1817
1950
1764
1860
1917
1936
1857
1924
1719
1987
1878
1665
2019
1726
1879
1918
1912
1921
1847
1912
1824
1757
1874
1966
1763
1689
2046
1774
1730
1744
2082
1754
2029
1933
2158
1960
2099
1766
1935
1634
1913
2100
2128
1806
1976
1896
1847
1956
1855
2119
1960
2097
1833
1993
2066
2065
1950
1900
1713
1741
1888
1804
2083
1985
2194
2112
2065
1999
1871
1875
1967
2120
1901
1802
1773
1837
2008
2042
2010
1883
2090
1948
1988
2007
1822
1922
1918
2021
2056
1935
1985
1895
1917
1707
2269
1970
2149
2091
2030
1853
1874
2060
1802
2202
1924
2117
1849
1974
1873
2003
1857
1678
2168
2036
2154
2000
2105
1942
1986
2024
1752
1940
2071
1799
1908
1996
1942
1946
2121
1839
2047
1912
2103
2122
2458
2499
2446
2221
2214
2017
2191
2319
2464
2154
2260
2295
2225
2253
2465
2438
2300
2278
2325
2314
2229
2501
2301
2259
2061
2087
2324
2142
2483
2521
2638
2398
2258
2394
2354
2361
2273
2288
2248
2322
2266
2012
2402
2435
2255
2302
2480
2133
2385
2369
2171
2305
2176
2297
2471
2269
2258
2202
2416
2242
2424
2484
2511
2253
2517
2137
2197
2475
2353
2273
2307
2497
2266
2312
1914
2479
2188
2146
2435
2128
2258
2402
2365
2296
2329
2262
2161
2304
2355
2350
2405
2201
2393
2262
2198
2149
2478
2267
2417
2332
2128
2041
2090
1881
1942
1771
1827
2096
2127
1855
2114
2082
1799
1912
2051
2116
2168
2073
1930
1831
2094
1983
2058
1922
1810
1952
2036
1852
2152
2162
2186
1991
1862
1907
2082
1933
2074
2030
1916
1970
1924
1821
2269
1945
1933
2042
2083
1888
2066
2117
tempo: 0.001776