100 100
2175
2053
2363
2047
2134
2629
2211
2488
2221
2248
2352
2339
2103
2326
2397
2002
2035
2306
2183
2313
2285
2343
2053
2314
1838
2176
2310
2168
2387
2164
2319
2272
2178
2459
2121
2067
2507
2194
2378
2332
2234
2343
2175
2518
2132
2009
2145
2329
2298
2574
1976
2041
2009
2301
1986
1980
2166
2311
2293
2074
1806
2113
2228
2297
2029
2010
2315
2147
2094
2090
1927
2075
2105
2174
2037
2261
2250
1834
2336
2468
1954
2298
1996
1814
2276
2257
2062
2087
2055
2106
1914
2412
2160
2167
2172
2114
2284
1811
2225
2256
2102
1939
2131
1755
2032
2298
2044
2334
2203
2203
2166
2148
1964
2159
1996
1860
1847
2123
2241
2012
2128
2261
2013
2153
1826
1963
2331
1877
2017
2060
2327
1950
1904
2141
2134
2058
2311
1919
2300
2077
1926
2126
1940
2314
1851
1921
2007
2131
2098
2331
2276
2261
2121
2399
2140
2076
1809
2208
2331
1993
1823
2104
2183
2105
2065
2168
2275
2164
2075
2007
2081
2094
2019
2028
2143
2196
2055
1933
2285
2232
1797
2326
2049
2008
2498
2110
2161
2199
1925
2266
2120
2382
1960
2101
2065
2138
2192
1873
2261
2297
2244
2070
2413
1745
2179
2461
1835
2145
1966
2275
2290
2150
1965
2129
2179
1781
1770
2255
2224
2127
2128
2363
1956
2148
1843
1994
2247
1771
2337
2077
2381
1851
2035
2280
2122
2213
2240
2090
2489
2175
2017
2144
2193
2260
1995
1875
2120
2218
2368
2361
2096
2378
2236
2450
2176
2028
2266
2435
2562
2317
2116
2292
2195
2338
2295
2102
2464
2271
2173
2156
2141
2205
2223
2200
2471
2338
2256
2158
2343
2462
2023
2354
2038
2199
2635
2278
2283
2186
2127
2428
2208
2544
2128
2245
2275
2194
2260
1960
2514
2614
2276
2158
2374
2061
2277
2590
2308
2401
2226
2435
2357
2395
2139
2368
2261
2084
2070
2271
2226
2030
2286
2550
2100
2309
2184
2296
2558
1996
2449
2232
2285
1994
2201
2539
2339
2454
2476
2068
2496
2221
2114
2290
2111
2430
2241
1957
2208
2262
2471
2560
2074
2093
2133
2390
2064
2043
2058
2263
2406
1826
1891
2242
2174
2209
2125
2175
2307
2184
2033
2167
1999
2059
2118
2140
2100
2154
2063
1833
2354
2539
1886
2378
2077
2014
2350
2158
2178
2157
2036
2134
1956
2361
2143
2176
2078
2070
2258
1809
2200
2227
2074
1992
2191
1698
2117
2478
1976
2327
2187
2255
2118
2094
1839
2186
2174
1842
1725
2288
2236
2265
2172
2195
2001
2213
1765
2072
2369
1891
2166
2083
2287
2032
2001
2298
2024
2150
2377
2013
2477
2267
2084
2067
2053
2325
2073
1995
2046
2331
2261
2285
1984
2210
2003
2166
1863
1971
2132
2222
2213
1991
1854
2053
2039
2281
1888
2022
2349
2213
1819
1909
1911
2043
2095
1852
2135
2133
2048
1872
2148
2170
1818
2155
1954
1863
2336
2018
2156
2020
1986
2328
1936
2281
1972
2130
1905
1892
2053
1843
2242
2337
2070
2005
2140
1831
2016
2283
1906
2111
2011
2161
2184
2199
2045
2118
2038
1763
1730
2037
2069
1935
2115
2284
1931
2195
1936
1883
2284
1803
2089
2039
2080
1910
1900
2300
2024
2129
2275
1794
2211
2063
2067
2174
2079
2179
2112
1816
2073
2160
2238
2345
2107
2042
2132
2241
2069
1973
2112
2223
2417
1817
1855
2050
1991
2109
2105
1781
2194
2092
2088
2083
1828
2085
1981
1914
2002
2123
1935
1805
2264
2400
1890
2291
1938
1907
2283
2125
2204
2194
2013
2033
1879
2176
2054
2052
2044
2066
2233
1836
2175
2168
1769
2071
2263
1755
2209
2353
1943
2135
2173
2156
2031
2018
1916
1991
2030
1729
1780
2175
2202
2087
2208
2312
2010
2111
1974
2027
2133
1913
2152
1825
2305
2029
1916
2195
2095
2137
2495
1866
2405
2045
2077
2153
2189
2379
2057
1888
1887
2115
2179
2214
2167
2027
2064
2306
2035
1874
2036
2196
2171
1976
1966
1884
1712
2040
2068
1969
2220
1968
1971
2000
1930
1963
1934
2004
1935
2060
2039
1739
2214
2198
1698
2182
1844
1929
2362
2013
2019
2025
1904
2107
1911
2230
1925
2141
2107
1961
2124
1772
2236
2227
2022
1960
2202
1847
2055
2396
1955
2251
1833
2115
2012
1992
1875
2159
2051
1800
1695
2009
2130
1886
2085
2149
1960
2008
1839
2002
2231
1833
2134
2046
2126
1900
1973
2094
2049
2139
2132
1915
2164
2153
1840
2068
1972
2161
2109
1763
1833
2122
2263
2261
1704
1840
1744
1848
1676
1652
1750
1744
1952
1743
1659
1902
1777
1654
1811
1535
1954
1737
1693
1650
1629
1812
1762
1593
1770
1881
1836
1546
1927
2007
1625
1838
1713
1437
1954
1906
1811
1739
1759
1663
1619
1916
1766
1859
1774
1705
1969
1720
1878
1901
1677
1774
1992
1448
1802
1942
1650
1759
1743
1876
1825
1778
1687
1771
1699
1453
1548
1897
1782
1838
1769
1980
1828
1833
1599
1590
1966
1560
1781
1663
1928
1586
1609
1827
1722
1806
2126
1638
1969
1766
1727
1875
1776
1877
1745
1626
1798
1715
1847
1941
2000
2025
1954
2267
1864
1791
1985
2075
2072
2076
1735
1974
1907
2102
1883
2065
2175
1931
1827
1945
1759
1996
2075
1882
2014
2154
2072
1731
2145
2251
1793
2090
1857
1829
2248
1961
1934
2042
1865
2109
1808
2196
1936
1996
1926
1916
2008
1831
2025
2195
1912
1901
1986
1845
2037
2189
1917
2064
2041
2036
2016
1989
1920
2057
1917
1578
1700
2050
2065
1894
1939
2265
1619
2107
1825
1830
2135
1692
2070
1896
2065
1903
1925
2188
2027
2001
2255
1880
2293
1902
1977
1940
1829
1996
1774
1726
2085
1952
2192
2208
2087
2156
2190
2351
2089
2121
2392
2287
2331
2021
1862
2245
2249
2291
2174
2142
2401
2370
2202
2245
2008
2202
2233
2199
2207
2208
2209
1999
2358
2521
2017
2266
1903
2082
2351
2184
2287
2123
2299
2342
2082
2512
2264
2204
2173
2110
2327
2045
2366
2349
2092
2092
2343
2007
2126
2474
2060
2394
2174
2157
2295
2333
2051
2280
1968
1890
1753
2227
2162
2041
2332
2393
2085
2346
2014
2248
2449
1840
2212
2181
2167
2078
2164
2407
2254
2307
2427
1956
2404
2191
2126
2172
2045
2382
2149
1953
2141
2434
2322
2383
2156
2261
2052
2301
2088
2023
2152
2336
2317
2160
1897
2251
2050
2177
2071
2155
2260
2081
2071
2009
1949
2175
2205
2145
2120
2181
2108
1812
2459
2453
1875
2196
2063
1945
2335
2179
2202
2161
2137
2161
1828
2327
2049
2246
2228
2246
2408
1994
2245
2503
2016
2050
2177
1951
2066
2360
1999
2236
2142
2246
2064
2180
1978
2102
2061
1796
1805
2245
2170
2226
1908
2245
2134
2224
1829
2163
2279
2039
2190
2173
2305
2115
1991
2246
2021
2038
2332
2060
2239
2208
1986
2194
2082
2399
2051
1778
1985
2142
2235
2556
1842
1999
1946
2296
2015
1937
1986
1976
2271
1941
1769
2124
1874
2005
1966
2027
2256
2048
1879
2085
1813
2072
2001
1945
2097
2064
1991
1809
2257
2238
1728
2284
1815
1781
2347
1954
1948
2096
1995
2103
1933
2211
1970
2111
2025
2118
2051
1816
2168
2230
1915
2015
2036
1756
2170
2298
1845
2163
2039
2131
2255
2163
2083
2234
2091
1714
1754
1934
2122
1931
2118
2329
1939
2111
1912
2082
2166
1732
2186
2009
2028
1990
1932
2159
2176
2124
2285
1809
2399
2003
2109
2100
2083
2091
1981
1918
1974
1997
2213
2372
tempo: 21