200 200
4766
4451
4689
4413
4476
4557
4151
4619
4209
4525
4040
4123
4161
4373
4259
4495
4765
4429
4457
4317
4176
4339
4034
4268
3939
4236
4300
4350
4282
4506
4607
4535
4670
4094
4719
4472
4286
4195
4195
4467
4311
4371
4459
4712
4268
4943
4401
4450
4512
4609
4403
3942
4651
4759
4521
4126
4647
4805
4734
4042
4137
4446
4677
4519
4649
4246
3974
4085
4739
4520
4328
4264
4087
4630
4430
4287
4489
4588
4275
4452
4357
4517
4222
4135
4417
4789
4816
4392
4225
4704
3997
4663
4262
4353
5029
4271
4595
4480
4207
4574
4191
4050
4369
4206
4327
4514
4707
4498
4480
4189
4179
4458
4626
4527
4506
4619
4476
4565
4518
4195
4140
4535
4811
4666
4406
3904
4544
4375
4251
4302
4420
4236
4480
4557
4583
4182
4673
4880
4858
4359
4332
4098
4088
4492
4338
5002
4564
4260
4291
4282
4525
4542
4612
4468
4445
4565
4696
4090
4100
4468
4861
4475
4365
4993
4650
4491
4573
4009
4530
4544
4233
4312
4313
4885
4803
4244
4417
4335
4239
4456
4476
4357
4193
4671
4290
4162
4239
4358
4692
4342
4568
4218
4397
4779
4703
4344
4635
4018
4222
4647
4301
4006
3828
3980
3759
3896
3699
4156
4104
4012
3431
3702
3773
3742
3643
3824
4163
3982
4186
3829
3823
4026
3515
3496
3606
3661
3728
3927
3501
4072
3867
4020
3999
3694
4023
3909
3840
3633
3861
3876
3656
3628
3758
3960
3595
4082
4086
3518
3881
4105
3727
3391
3906
4092
3935
3737
4132
3942
3837
3651
3737
3965
3976
3825
4070
3844
3536
3661
4152
3851
3611
3561
3782
4256
3781
3980
3852
4113
3668
3780
3876
3903
3682
3596
4190
4398
4248
3853
3811
4121
3462
3867
3905
3590
4270
3641
4030
3863
3617
3981
3843
3314
3856
3816
4074
4046
3941
3828
4062
3819
3862
4099
4012
4101
4002
4088
4041
4040
3981
3742
3590
3949
4075
4130
3777
3634
3820
3843
3681
3511
3824
3412
3939
3758
3575
3657
3941
4215
3855
3911
3915
3516
3473
3902
3738
4213
4116
3916
3785
3492
4086
3695
3838
3848
4143
3809
3734
3591
3528
4040
4152
4075
3669
4318
4031
4014
3950
3566
4194
3772
3787
3574
3628
4259
4436
3661
3976
3815
3825
3787
3930
3638
3304
3972
3947
3563
3506
3907
4050
4060
3921
3536
3851
4056
4052
3840
3999
3508
3744
3998
4034
3768
3873
3704
3672
3628
3514
4219
3672
3848
3292
3519
3806
3770
3508
3850
4049
4052
3750
4061
3814
3843
3460
3517
3690
3557
3905
3675
3549
3829
4082
3889
4088
3596
4001
3609
3374
3815
3668
4105
3671
3743
3670
3976
3758
4166
3690
3631
4009
3901
3632
3324
3992
4205
3783
3564
3777
4022
3925
3664
3785
3960
3937
4148
4037
3645
3467
3576
3937
3779
3601
3555
3667
3931
3523
3769
3883
3981
3891
4007
3986
4070
3568
3550
3923
3967
3786
3838
3685
4133
3540
3898
3774
3860
4084
3853
3998
3814
3388
4047
3717
3484
3701
3775
3537
3758
3974
3429
3966
3783
3703
4127
3960
3850
3923
3909
3702
3976
3864
3614
3684
3978
3961
3980
3678
3531
3685
3756
3614
3368
3657
3488
3885
3559
3908
3592
4033
3983
4104
3744
3797
3511
3564
3884
3859
4244
3889
3774
3865
3653
3962
3622
3717
3621
4033
3783
3930
3915
3434
3778
4174
3825
3613
4104
4102
3907
3848
3463
3954
3721
3836
3884
3690
3931
4074
3698
3533
3601
3538
3842
4155
3455
3664
3741
3876
3837
3880
3887
3708
3858
3832
3541
3796
4015
4141
3876
3839
3396
3854
4031
3948
3861
3891
4090
3685
3909
3847
3901
3714
3847
3419
3467
3590
3562
3744
3610
4064
3611
3642
3627
3931
3659
3235
3561
3518
3572
3556
3846
3614
3606
3742
4084
3968
3636
4014
3633
3687
3818
3571
3935
3572
3458
3735
4024
3522
4091
3751
3670
3673
4021
3634
3164
3713
3949
3766
3715
4196
3894
3714
3471
3792
3940
3638
3546
3851
3513
3385
3641
4106
3712
3750
3618
3455
3744
3495
3489
3818
3765
3772
3595
3856
3685
3578
3503
3804
4054
4040
3904
3530
4023
3559
3805
3634
3504
4258
3646
3911
3621
3548
3958
3737
3445
3569
3585
3817
3962
3803
3751
4040
3628
3677
3929
3982
4175
3670
3788
3684
3912
3847
3489
3599
3579
3786
3966
3666
3485
3903
3786
3579
3415
3664
3512
4025
3859
3634
3458
3690
4143
3799
3416
3738
3515
3385
3743
3636
4341
3878
3620
3482
3644
3786
3660
3911
3785
4073
3727
3520
3556
3587
3875
4062
3807
3640
4089
4228
3706
3819
3430
3705
3583
3591
3462
3702
4123
4138
3671
3870
3893
3555
3798
3923
3230
3372
3748
3675
3629
3662
3792
4003
3863
3668
3577
3711
3896
4065
3795
3726
3549
3674
3745
4225
4025
3925
4091
3784
3850
3711
3961
3853
3990
3529
3561
3929
3986
3803
3949
4321
3953
4252
4013
4011
4016
3458
3727
3738
3852
3710
3939
3427
3921
4328
4018
4191
3875
4172
3942
3804
3591
3767
4093
3744
3938
3813
4081
3922
4265
3977
3796
4186
4247
3927
3481
3913
4308
4191
3872
4221
4091
4043
3738
3729
4088
3924
4072
4221
3807
3658
3630
4092
3846
4047
3689
4085
4212
3861
4060
4076
4154
3792
3771
4117
4054
3783
3516
4175
4399
4269
3664
4092
4102
3643
3966
3796
3908
4556
3750
4214
3915
3529
3931
3842
3637
4007
3662
4017
4403
4094
3913
3854
3686
4100
4300
4250
4142
3795
3913
4044
4173
4102
3878
3627
4041
4154
3955
3737
3531
3693
3762
3713
3843
3728
3738
4012
3783
4135
3739
4027
4399
3941
3925
3764
3604
3586
3978
3844
4381
3827
4211
3923
3748
4125
3922
4008
3948
4027
4003
3973
3885
3785
4094
4093
3840
3850
4170
4203
4117
4198
3682
4145
3843
4037
3726
3910
4083
4537
3882
3842
3832
4105
3794
4162
3687
3660
3988
3820
3939
3966
3946
4016
4104
4074
3712
4042
4295
4340
4005
4187
3870
3979
3785
4464
4346
4181
4298
3836
4237
3932
4307
4245
4081
3615
3822
4118
3966
3871
4118
4399
4274
4285
4281
4366
4225
3649
3934
3997
3983
4074
4049
3735
4389
4478
4351
4603
3912
4259
4033
4077
4232
4058
4278
4353
4173
4164
4330
4221
4556
4179
3855
4119
4386
3941
3766
4327
4485
4083
4078
4307
4251
4358
3763
4223
4408
4410
4384
4303
4128
4000
4072
4368
4202
4084
3919
4073
4327
4126
4090
4242
4280
4133
4062
4414
4372
3969
3813
4500
4664
4481
4027
3958
4612
3813
4158
3995
4240
4728
4266
4178
4039
3968
4345
4029
3688
3899
4200
4205
4320
4439
4146
4193
4141
4155
4474
4448
4559
4336
4220
4283
4356
4074
3970
4112
4228
4555
4180
4290
3851
4119
4377
4129
3968
4091
3869
4403
3978
4281
4124
4299
4468
4293
4030
4003
3904
3638
4202
3999
4674
4333
4064
4233
4110
4248
3795
4310
4106
4497
3985
4001
4090
3750
4152
4629
4490
4081
4723
4450
4224
4326
3788
4396
3975
4080
3880
4027
4326
4770
3992
4213
4230
3955
4162
4253
3802
3856
4047
4100
3909
4156
4346
4144
4431
4304
3898
4324
4414
4512
4341
4402
3787
4131
4403
4360
4059
4226
4000
4094
4110
3827
4265
3932
4128
3861
3940
4118
3859
3927
4072
4436
4120
4024
4202
4113
3921
3716
3891
3853
3806
4086
3989
3713
3870
4300
4266
4251
3890
4226
3924
3971
3989
3982
4197
4169
3949
4125
4207
4026
4376
3987
3904
4051
4184
4157
3687
4399
4518
3807
3781
4126
4442
4177
3740
3941
4142
4251
4258
4272
3849
3988
3833
4013
4216
4172
3848
3985
4038
4017
4095
4229
4219
3943
4052
4161
4260
3717
3768
3993
4383
4209
4074
3946
4482
3486
4224
4035
3968
4669
4087
4166
4084
3710
4062
3882
3537
3914
3910
3949
4291
4343
3980
4195
3807
4146
4263
4366
4438
4114
4312
4093
4360
4331
3962
3969
4361
4267
4393
3968
3622
3792
4035
3940
3797
3690
3921
4339
4045
4134
3816
4134
4199
4183
3933
3993
3793
3616
3963
3831
4421
3944
3988
3835
3883
4136
3954
4149
4046
4172
4261
4046
4081
3753
4063
4289
4040
4038
4636
4426
4158
3926
3606
4232
3930
3879
3784
3813
4333
4484
3984
4123
4149
3960
4014
4298
3849
3822
3920
4073
3941
3968
4002
4063
4119
4157
3763
4164
4506
4333
4176
4091
3672
4064
4323
4279
4301
4410
4226
3892
4069
3802
4403
3827
4317
3870
3978
3921
4034
4060
3939
4361
4009
4294
3907
4303
4150
3731
3716
3450
3913
4122
4156
3851
4044
4384
4425
4263
4089
4177
4024
3812
4029
3724
4310
4063
3928
3951
4500
4050
4347
4181
3926
4031
4163
3912
3738
4247
4429
4061
4110
4226
4413
4290
3973
4099
4312
3981
4193
4377
3992
4204
3843
4317
4143
4309
3903
3954
4191
4175
4052
4095
4678
4192
4067
4037
4355
3720
3833
4263
4458
4255
4016
4103
4243
3815
4400
4258
3960
4664
4145
4399
4175
3977
4031
3891
3681
3932
4008
4035
4304
4244
4000
4176
4031
4075
4622
4396
4226
3985
4231
4319
4463
4493
3844
3949
4227
4528
4127
3943
3552
3808
4026
4165
3680
3844
3852
4170
4096
4401
3968
4321
4605
4352
3966
3747
3915
3912
4222
4208
4499
4240
4263
4082
4026
4454
4019
4111
4307
4226
4288
4119
4059
3835
3869
4493
4093
4167
4478
4468
4183
4402
3533
4381
4149
3876
4153
3907
4627
4565
3952
4001
4266
4033
4155
4353
4062
3666
4077
4235
4063
3792
4060
4192
4198
4149
3761
4235
4609
4455
4157
4306
4015
3952
4229
4336
4436
4128
4042
4105
4129
4039
4426
4278
4322
3690
3866
4092
4103
3873
4230
4211
4122
4381
3940
4208
4051
3738
3774
3888
3973
3958
4125
3673
4242
4346
4307
4476
4124
4478
4064
3811
3916
3693
4335
3779
3927
3969
4355
3755
4343
4034
3602
4180
4346
3994
3571
4150
4547
4143
4278
4144
4395
4250
3898
4060
4252
4249
4461
4408
3991
3840
3721
4340
4084
3975
3698
4127
4460
4258
4243
4118
4368
4267
4003
4198
4206
3878
3965
4307
4717
4305
3979
4378
4227
3843
4200
3919
3646
4572
3693
4150
3993
3789
4149
4147
3659
3961
4098
4141
4302
4110
3776
3946
4158
3838
4552
4457
4296
4102
4499
4156
4247
4335
3928
3939
4266
4397
4177
4249
3855
4037
4218
4016
3812
4053
3614
4101
4027
3955
4023
4427
4396
4202
3968
4020
3834
3998
4052
3944
4510
4201
4344
4017
3809
4308
3965
4124
3980
4569
4085
4024
4177
3878
3940
4540
4332
4120
4533
4432
4065
4361
3681
4314
3938
3986
3977
4065
4397
4455
3873
4324
4154
4079
4082
4200
3781
3663
4062
4195
3625
3943
4109
4222
4446
4191
3740
4132
4079
4331
4250
4138
3867
4358
4036
4485
4330
4459
4414
4287
4395
4189
4450
4342
4268
4018
4062
4315
4088
4009
4470
4600
4519
4475
4509
4319
4212
3968
4161
4095
4098
4251
4117
3811
4423
4419
4511
4623
4200
4530
4183
3918
4253
4059
4380
4191
4073
4312
4454
3992
4581
4282
3726
4350
4697
4476
3868
4431
4570
4337
3879
4646
4421
4250
4073
4308
4378
4423
4186
4393
4039
4183
4075
4349
4206
4213
4198
4355
4470
4247
4320
4618
4518
4300
4087
4283
4451
4102
3991
4447
4716
4497
4119
4503
4535
3908
4498
4233
4144
4691
4186
4344
4132
4127
4282
4139
4123
4119
4150
4251
4491
4460
4128
4378
4339
4100
4482
4668
4531
4517
4416
4441
4658
4417
4160
4292
4485
4636
4317
4187
4091
4111
4621
4236
3902
4286
3985
4597
4199
4259
4143
4449
4687
4404
4235
4250
4109
4065
4460
4083
4740
4360
4144
4298
4153
4451
4010
4293
4217
4577
4312
4176
4250
3964
4265
4572
4341
4107
4681
4725
4175
4725
3779
4522
4145
4208
4125
4078
4670
4865
4159
4170
4149
3922
4182
4398
4091
3902
4228
4418
4076
4150
4423
4424
4411
4298
4071
4306
4713
4729
4305
4269
4087
4409
4417
4144
4222
4148
4020
4191
4086
3859
3978
4134
4082
3609
3852
4075
4019
3720
4021
4625
3979
4290
4018
4158
3935
3663
3833
3529
3760
4025
4075
3667
4033
4067
4160
4338
3867
4304
3926
3826
4065
3648
4206
3992
3990
3906
4257
3882
4455
4119
3809
4253
4177
4237
3596
4193
4230
4184
3994
4286
4423
4146
3759
3785
4321
4045
4088
4294
3618
3756
3740
4556
3919
4088
3749
3896
4081
4022
4088
4327
4295
3868
3813
3996
4261
3960
3714
4040
4537
4272
3932
4012
4343
3753
4116
4011
3841
4560
3953
4109
4059
3838
3965
3794
3689
4000
3675
4097
4314
4160
4244
4239
4028
3973
4317
4143
4065
4151
4118
4369
4271
4273
4084
4234
4082
4302
3923
3934
3707
3843
4053
3966
3793
4109
3686
4297
4080
4413
3646
4061
4367
4279
4178
3981
3707
3785
3911
3979
4429
4096
4091
4043
3688
4097
3993
4119
4332
4250
4186
4268
3920
4060
4324
4715
3865
3946
4447
4506
4271
4336
3641
3895
4118
4018
3827
3924
4340
4617
3865
4037
4021
3934
4056
4156
3803
3835
3971
4021
3951
3849
4024
3960
4242
4443
3709
4297
4266
4298
4117
4324
3960
4118
4166
4810
4455
4663
4479
4412
4253
4105
4824
4427
4613
4192
4181
4478
4137
4444
4638
4814
4465
4537
4412
4518
4369
3832
3986
4106
4384
4225
4424
4110
4663
4578
4909
4713
4077
4605
4286
4344
4314
4361
4534
4321
4556
4407
4694
4397
4862
4404
4100
4606
4515
4184
4061
4586
4960
4463
4243
4638
4949
4812
4118
4248
4627
4540
4487
4614
3963
4071
4325
4640
4567
4293
4098
4265
4634
4475
4488
4480
4586
4489
4461
4508
4629
4346
4170
4573
5018
4695
4441
4329
4642
4304
4535
4505
4226
4939
4430
4562
4281
4103
4562
4218
4122
4074
4274
4475
4835
4621
4487
4531
4407
4443
4966
4581
4537
4463
4568
4737
4849
4901
4248
4395
4385
4747
4588
4372
4195
4264
4508
4512
4073
4316
4343
4663
4332
4496
4513
4538
4733
4779
4336
4336
4307
4131
4555
4367
4993
4357
4229
4538
4244
4549
4258
4302
4643
4626
4577
4542
4648
4286
4411
4839
4515
4401
5064
4577
4540
4454
3868
4606
4435
4288
4466
4500
4662
4970
4077
4551
4338
4523
4256
4735
3870
4185
4676
4310
4478
4398
4380
4443
4723
4754
3985
4728
4751
4999
4600
4707
4006
4634
4693
4433
4449
4344
4309
4282
4323
4053
4672
4372
4265
4058
4089
4261
4159
4191
4205
4603
4639
4576
4428
4400
4341
4052
3850
3937
4089
4224
4141
3918
4419
4479
4637
4275
4084
4520
4124
4039
4405
4104
4367
4200
4250
4212
4636
4192
4613
4323
4053
4330
4569
4453
4046
4709
4702
4266
4007
4467
4754
4324
4008
4227
4505
4527
4452
4507
4143
4074
3977
4342
4287
4338
4308
4350
4294
4369
4437
4543
4754
4413
4286
4341
4495
4119
4078
4585
4776
4653
4195
4191
4465
3902
4412
4475
4235
4736
4336
4500
4292
4027
4307
3994
3858
4090
4254
4417
4481
4432
4316
4559
4154
4088
4649
4620
4497
4414
4401
4550
4638
4483
4252
4303
4445
4826
4546
4117
3941
4069
4250
4195
4010
4182
3903
4525
4190
4431
4343
4506
4634
4445
4397
3987
3973
4144
4515
4186
4971
4153
4243
4421
4076
4604
4271
4122
4075
4658
4334
4231
4262
3938
4072
4644
4280
4278
4669
4605
4378
4563
3879
4553
4129
4123
4468
4003
4625
4822
4056
4259
4552
4242
4336
4622
3980
4019
4196
4329
4155
4175
4319
4373
4625
4607
4002
4273
4708
4691
4316
4372
3964
4440
4388
4495
4261
4363
4342
4182
4357
4227
4464
4421
4330
3949
4183
4256
4311
4010
4246
4733
4248
4568
4148
4040
4070
3926
4020
3910
4172
4209
4365
3996
4581
4268
4322
4532
4184
4284
4199
4046
4215
4073
4165
3868
4015
4356
4477
4170
4655
4319
3988
4346
4683
4267
3705
4381
4626
4123
3965
4380
4302
4189
4117
4053
4364
4419
4299
4465
3930
4057
3790
4526
4574
4184
4019
4214
4411
4230
4250
4453
4499
4279
4269
4526
4427
4034
4206
4164
4891
4595
4099
4274
4484
3771
4418
4133
3965
4744
4179
4200
4258
3802
4487
4044
3961
4111
4004
4114
4387
4429
4026
4645
4189
3875
4419
4453
4410
4439
4357
4463
4468
4441
3941
4103
4379
4264
4454
4071
4047
4263
4257
4179
3864
4223
3822
4568
4148
3987
4210
4504
4743
4356
4128
4214
3817
3881
4089
3997
4516
4317
4222
4145
4026
4406
4238
4182
4102
4565
4218
4189
4104
4186
4212
4603
4302
4026
4485
4561
4302
4605
4006
4252
4139
3784
3895
4020
4479
4641
4084
4316
4130
4152
4263
4295
3988
3788
4193
4477
3928
4084
4268
4348
4250
4602
3899
4294
4462
4618
4390
4275
4203
4110
4336
4255
4112
3957
3925
3647
3915
3866
3992
4017
3969
3588
3674
3737
3795
3937
3916
4102
3939
4085
4028
4007
3777
3440
3629
3518
3689
3858
3903
3625
4026
4150
4029
4178
3798
3995
3540
3611
3648
3607
3889
3678
3792
3781
4131
3681
4201
3677
3953
4028
4053
3843
3447
3967
4255
3788
3798
4032
4261
4044
3687
3730
4049
3930
3986
4100
3617
3727
3769
4171
3972
3956
3653
3761
4072
3870
3983
3919
4085
3827
3797
4085
3883
3789
3830
3939
4246
4232
3859
3982
4164
3808
4124
3984
3700
4632
3765
3817
4091
3695
3791
3533
3410
3616
3835
4006
4064
3827
3974
4094
3738
3911
4154
4199
3959
3817
4202
3923
4232
4111
3579
3674
4028
4189
3991
3745
3399
3826
3992
3858
3559
3673
3728
4160
4059
3952
3709
3989
4427
4068
3697
3866
3686
3601
3892
3516
4539
4086
4029
3797
3844
4085
4031
3830
3882
4133
3990
3939
3905
3779
3980
4252
3900
3854
4181
4324
4069
4037
3472
4055
4139
3844
3795
3858
4424
4277
3873
4099
3984
3631
3951
3929
3554
3531
4071
4011
3774
3874
3957
3927
4036
3995
3771
3929
4419
4353
3984
3988
3696
4113
3986
4732
4396
4064
4474
4060
4142
3992
4630
4253
4342
3900
3886
4050
3936
3991
4145
4450
4203
4388
4157
4262
4008
3740
3869
3700
3999
4144
4206
3974
4140
4505
4457
4513
4023
4458
4136
3930
4353
4088
4095
4089
3906
4107
4214
4146
4678
4068
3894
4207
4121
3999
3924
4313
4662
4296
4032
4113
4163
4141
3962
4094
4262
4317
4337
4411
4014
4217
4004
4438
4223
4275
4005
4072
4169
4234
4151
4332
4419
4256
4057
4272
4470
3580
3921
4464
4732
4380
3868
4392
4251
3955
4107
4197
4174
4558
3868
4419
4242
3748
4336
4393
3805
3892
3913
4217
4511
4111
4093
4360
4162
4136
4401
4598
4117
4146
4212
4227
4354
4413
3853
3978
4482
4373
4345
3950
3770
3957
4150
3870
3744
3952
4068
4516
3994
3993
3813
4257
4554
4362
4198
4069
3787
3741
4106
4061
4722
4377
4391
4115
3996
4399
4054
4005
4215
4423
4063
3999
4286
3811
4106
4455
4157
3918
4708
4578
4262
4241
3639
4499
4250
4052
4107
4097
4294
4615
3925
4186
4061
4247
4353
4438
3702
4110
4096
4262
4114
3881
4178
4056
4227
4197
3960
4267
4571
4861
4294
4410
3883
4069
4315
4496
4219
4189
3960
3983
3984
3731
4446
4046
4140
3672
4036
4025
3976
3990
4057
4282
4027
4185
3847
4133
4075
3723
3894
3601
3928
3752
3944
3730
4222
4230
4311
4221
3811
4316
4055
3773
3979
3863
4199
3810
3893
4064
4369
4003
4363
4266
4029
4252
4205
4168
3633
3965
4430
3969
3751
4361
4591
4218
3895
3965
4318
4071
4190
4099
3774
3967
3798
4188
4315
4059
3982
4045
4316
4085
4193
4160
4440
4123
3997
4056
4241
3641
3825
4215
4443
4215
3857
4006
4286
3673
4000
4276
3834
4419
3903
4271
4242
3766
4046
4121
3786
3820
3830
4014
4258
4412
3838
4201
3836
3877
4333
4293
3985
4085
4106
4151
4304
4329
3880
4012
4089
4454
4240
3971
3794
3987
4136
4047
3687
3976
3885
3942
3938
4149
3705
4206
4210
4163
4065
3868
3793
3975
4072
4090
4541
4336
3962
3951
3631
4271
4036
4107
4011
4329
4003
3849
4030
3783
3969
4373
4173
4201
4376
4259
4084
4209
3475
4331
3932
3924
4019
3915
4302
4517
4022
4020
3930
3735
4059
4221
3758
3922
3769
4221
3771
3836
4100
4125
4207
4297
3771
3948
4266
4184
4000
4035
3782
4073
4214
4247
3854
4047
3903
3845
4040
3537
3999
3794
3977
3629
3629
3869
4053
3745
3890
3994
4061
4132
3853
4104
3868
3754
3650
3605
3872
3828
3797
3592
4075
4168
4032
4051
3673
4135
3823
3788
3928
3794
3961
3728
3854
3945
4178
3908
4351
3906
3649
3919
4348
4045
3419
3990
4205
3919
3868
4057
4191
4140
3761
3741
4176
4061
4031
4204
3892
3635
3596
4408
4051
3892
3583
3955
4110
3936
3922
4167
3833
3977
3720
3894
4375
3645
3803
4099
4429
4237
3852
4076
4103
3347
4051
4005
3867
4460
3840
4070
3936
3694
4068
3941
3654
3843
3737
3887
4056
4073
3813
4019
3976
3651
4275
4127
3925
3863
3925
4060
4034
3971
3726
3948
4014
4104
3972
3842
3526
3776
4047
3812
3634
3807
3518
3865
3865
3920
3666
4181
4290
4108
3911
3885
3589
3567
3954
3878
4345
3898
3749
3985
3726
3938
3648
3863
3861
4361
3755
3882
3736
3436
3894
4200
4134
3844
4129
4109
3862
4074
3515
3977
3733
3916
3976
3709
4142
4302
3748
4029
3967
3790
4018
3828
3795
3858
3798
4199
3701
3772
4141
4207
4172
4052
3796
4064
4262
4243
3859
3973
3721
3974
4061
4447
4377
4227
4506
4339
4346
4111
4513
4182
4442
3836
3907
4131
4428
4198
4330
4458
4112
4596
4130
4350
4235
3987
3874
3728
3925
4299
4163
3877
4557
4486
4321
4432
3970
4563
4208
3862
4316
3966
4432
4308
4112
4195
4376
4411
4484
4265
3872
4351
4686
4230
4029
4541
4541
4341
4131
4359
4483
4373
4037
3992
4299
4405
4477
4502
4207
4107
4043
4392
4153
4264
4100
4178
4391
4325
4286
4355
4427
4338
4180
4324
4355
4123
3910
4309
4538
4362
4262
4180
4361
4067
4363
4160
4055
4753
4029
4235
4497
3928
4195
4240
3967
3747
3924
4272
4462
4563
4194
4449
3878
4314
4741
4269
4248
4249
4360
4481
4482
4501
4084
4083
4207
4853
4468
4072
3930
4179
4037
4179
4099
4332
3973
4412
4085
4317
4086
4863
4699
4323
4142
3920
4096
3764
4370
4169
4668
4066
4245
4194
4035
4555
4257
4302
4317
4556
4263
4364
4185
3897
4178
4591
4327
4274
4635
4628
4127
4558
3893
4473
4325
3989
3940
4289
4622
4632
4251
3999
4209
4061
4364
4199
4179
4070
4285
4066
4299
4084
4245
4266
4538
4533
3863
4311
4495
4706
4120
4428
3912
4309
4494
4245
4108
3934
4217
3930
4204
3908
4342
4151
4117
3825
3691
3982
3808
3900
3877
4445
4201
4165
3931
3971
3945
3731
3723
3621
3597
4056
3953
3501
3965
3883
4425
4272
3841
4294
3847
3622
4154
3901
4134
3898
3919
4041
4259
3856
4387
4294
3501
4085
4421
4106
3661
4139
4118
3954
3904
4136
4315
3746
3711
3943
4038
4144
3965
4137
3791
3678
3801
4177
4071
4105
3916
3955
3895
3953
3966
4104
4381
3939
4019
4056
4092
3737
3941
4159
4220
4060
4070
4003
4222
3818
4083
4187
3687
4440
3925
4143
3926
3769
4226
3877
3678
3792
3804
3973
4194
4207
3776
4071
4105
3973
4131
4178
3928
4117
3989
4050
4255
4113
3791
4137
4004
4215
4115
3863
3804
3717
4130
4017
3565
3665
3696
4161
3945
3939
3886
4292
4201
4071
3983
3819
3685
3806
4031
3893
4386
3983
3832
4029
3954
4187
3909
3762
4009
4092
3975
3971
3881
3889
3821
4391
3916
3772
4247
4310
4128
4325
3677
4103
3709
3795
3772
4022
4233
4363
3675
3847
4180
3796
4201
4017
3534
3709
3874
3996
4062
3846
4186
4075
4162
4152
3755
4047
4252
4286
4049
3920
3790
3817
3996
3895
3838
3807
3673
3705
3835
3587
4016
3940
4054
3566
3650
3652
3552
3672
3653
3880
3670
3996
3623
3708
3640
3406
3188
3330
3334
3482
3728
3389
3906
3884
3913
3913
3352
3913
3761
3666
3854
3629
3931
3708
3586
3693
3919
3687
4037
3985
3483
3888
3837
3757
3289
3848
4152
3566
3617
3917
3912
3877
3491
3674
3925
3732
3728
3786
3539
3364
3420
4031
3680
3634
3514
3479
3979
3862
3978
3995
3910
3752
3810
3813
4061
3627
3843
3672
4232
3981
3818
3335
4035
3473
3766
3734
3729
4233
3793
3905
3770
3684
3709
3772
3371
3537
3419
3914
3922
3952
4006
3917
3771
3638
4070
3833
4056
3667
3615
3858
4097
3973
3719
3868
3720
3920
4003
3771
3348
3601
3892
3690
3546
3435
3654
3993
3722
3746
3634
3689
4214
3908
3907
3405
3424
3489
3815
3616
4305
3872
3551
3655
3212
3670
3770
3717
3751
3812
3866
3711
3508
3390
3682
4307
3858
3730
3886
3789
3814
3828
3370
3704
3755
3562
3641
3459
4056
4215
3446
3771
3950
3634
3850
4073
3617
3719
3731
3886
3663
3638
3591
3785
3876
3823
3452
3763
3876
4033
3668
3873
3286
3577
4142
4179
4392
4127
4480
4097
3991
3960
4033
4021
4101
3759
3986
3969
4198
3963
3983
4208
4008
4250
4203
4064
4059
3658
3943
3856
3843
4016
3982
3703
4170
4130
4412
4248
3741
4512
4007
3909
3688
4013
4358
4009
3999
4019
4173
4055
4547
4068
3850
4114
4306
4087
3506
4311
4309
3943
3781
4000
4335
4445
3773
3926
4296
4181
3927
4052
3868
3721
3830
4380
3979
3934
3733
3857
4261
3998
4052
4141
4423
3940
3982
3969
4254
3934
3770
4012
4693
4369
3956
3999
4315
3705
4169
3945
3839
4481
4005
4200
3990
3519
4299
3770
3719
4019
3732
4081
4091
4307
3944
4318
4030
3963
4466
4428
4397
4293
4204
4171
4510
4133
3731
4056
4015
4280
4220
3981
3928
3970
4062
3981
3686
3917
3866
4252
3929
4036
4045
4208
4345
4356
3909
3953
3750
3681
3814
4086
4299
4238
3804
3861
3938
4267
4055
4332
4216
4031
4013
4275
4050
3601
3960
4513
4080
4058
4556
4424
4158
4204
3655
4236
3860
3977
3731
4220
4241
4473
3842
4100
4156
4067
4135
4200
3701
3561
4159
3990
4024
3909
4140
4145
4177
4282
3812
4212
4340
4546
4223
4095
3642
4169
4255
4478
4220
4370
4671
4195
4207
4139
4760
4425
4606
4066
4089
4041
4304
4151
4299
4711
4405
4666
4416
4474
4344
4077
4206
3999
4045
4332
4390
3953
4321
4538
4677
4664
4346
4588
4480
4261
4289
4061
4634
4138
4260
4403
4583
4175
4546
4654
4118
4635
4477
4359
3870
4320
4720
4397
4202
4404
4551
4489
4107
4132
4634
4471
4353
4457
4064
4091
4096
4438
4484
4251
3949
4204
4423
4202
4269
4343
4592
4330
4381
4160
4606
4272
4053
4440
4554
4330
4331
4004
4652
3754
4415
4401
4178
4744
4276
4649
4356
4064
4556
4270
3877
4068
4208
4299
4539
4537
4331
4301
4329
4197
4823
4586
4438
4501
4327
4199
4691
4437
4177
4391
4383
4492
4395
4462
3918
4297
4230
4271
3769
3962
3943
4524
4257
4286
4059
4559
4506
4664
4155
4039
3834
4045
4450
4330
4692
4279
4312
4318
4149
4429
4195
4403
4315
4507
4242
4385
4349
4109
4029
4659
4398
4160
4638
4745
4384
4382
3836
4768
4017
4157
4411
4176
4774
4902
4117
4350
4147
4062
4330
4412
4081
3995
4270
4584
4130
4293
4288
4564
4291
4577
3973
4543
4648
4546
4476
4320
4052
4361
4545
4159
3939
3873
3957
3540
3759
3524
4122
3822
3982
3560
3727
3510
3621
3657
3930
3915
3547
4118
3607
3597
3587
3463
3572
3345
3600
3621
3773
3353
3746
3846
4080
3661
3655
3875
3734
3539
3688
3630
3923
3411
3744
3707
4016
3620
4256
3750
3386
4025
3983
3806
3254
3724
4205
3752
3585
3963
4308
3862
3501
3701
3845
3709
3791
3964
3750
3541
3446
3929
3824
3831
3584
3673
3831
3971
3846
3928
3845
3873
3629
3868
3864
3471
3502
3983
4230
3918
3802
3796
3838
3321
3553
3800
3623
4257
3652
3971
3546
3516
3965
3608
3637
3661
3473
3699
4144
3777
3718
3929
3637
3529
4216
3951
3830
3646
3797
3987
3951
3895
3575
3578
3643
3846
3924
3552
3327
3544
3764
3556
3436
3607
3600
3891
3881
3863
3431
4076
4038
3771
3471
3619
3587
3622
3684
3697
4113
3805
3658
3628
3606
4095
3635
3698
3682
3885
3711
3691
3696
3464
3981
3576
3785
3844
4078
3866
3825
4081
3319
4162
3634
3507
3559
3674
4080
4204
3613
3924
3866
3916
3655
3821
3299
3510
3701
3830
3540
3488
3763
3881
3870
3843
3456
3685
3994
4139
3874
3606
3456
3733
3808
4210
4037
3905
4021
3999
3935
3624
3988
3838
4135
3582
3823
3801
3790
4021
3769
4242
4167
4078
3841
3866
3831
3532
3940
3478
3531
3966
3874
3711
3976
4059
4254
4137
3773
4278
4135
3556
3908
3693
4183
3958
3859
3927
4239
3829
4311
4033
3649
4016
3931
3758
3703
4021
4303
3973
3715
3987
4149
4097
3566
3632
4006
4015
3886
4106
3613
3743
3665
4132
3877
4013
3729
3744
4090
3944
4083
4077
4268
3889
3883
4044
4025
3564
3692
3971
4294
4005
4088
3527
4070
3751
4194
3983
3890
4417
3827
4478
3952
3763
3847
3897
3542
3648
3627
4123
4111
4080
3894
4039
3884
3917
4054
4139
3970
3950
3977
4238
4349
4116
3795
3964
3856
4191
4305
3682
3654
3850
3976
3755
3601
3783
3652
3897
3807
4097
3973
4127
4280
4097
4015
3804
3734
3676
4086
3868
4459
4245
3790
4136
3732
4044
3925
3939
3761
4110
3795
4072
3755
3591
3810
4514
3885
4024
4233
4319
3948
4053
3667
4056
3759
3769
3656
3773
4473
4447
3703
3849
4030
3654
3939
4193
3773
3759
4057
3856
3697
3560
3909
4036
4202
4156
3443
3940
4300
4157
3950
4010
3701
3966
3739
tempo: 42