200 200
4110
3802
4199
4223
4280
3757
3958
3569
3883
3923
4029
3523
4072
3814
3804
4179
3747
4093
3856
4014
3137
4155
4132
3583
4420
4172
4229
3967
4284
3806
4120
4610
3884
4123
3690
4252
4090
3883
4352
3618
3819
3953
3898
4055
3636
3800
4021
4007
3997
3971
3886
4099
4119
4072
3996
3691
4042
4099
3603
3635
4207
3987
3999
4123
3893
4274
3904
3690
3971
4016
3744
3947
3870
4010
3889
3880
3508
4001
4271
4163
3869
4186
4136
4120
3828
3985
4021
3626
3794
3872
3791
4024
3859
3816
4046
3821
3772
3793
4074
3816
4434
4112
4357
4174
3609
3389
3948
3987
3709
3931
3906
4246
3126
3971
4296
3998
3651
4092
3991
4250
4194
3828
4074
4133
3944
3686
3813
3608
4190
3636
3952
4145
3967
3595
3972
3828
4092
3725
3470
4018
3681
3809
3781
3696
3955
3976
3752
3855
4033
3697
3874
4135
4025
4220
3951
3776
4238
3772
3768
4129
3720
3856
3928
3749
3717
3688
3760
3712
3971
4044
3692
3765
4277
3891
3878
3787
3909
4078
3892
4006
3956
4219
3810
4331
4276
3889
4089
3876
4222
3692
3538
3506
4106
4044
3625
4089
3899
3671
3733
3885
4301
3910
4569
4469
4342
4202
4200
4203
4145
4058
4383
3759
4231
3862
3930
4508
4281
4298
4161
4445
3736
4430
4174
4135
4472
4175
4319
4235
4643
4172
4278
4673
4009
4316
4078
4502
4440
4375
4476
3889
3878
4165
4096
4377
3939
4256
4032
4345
4129
4196
4158
4220
4200
4481
4005
4005
4201
4355
4003
4267
4398
4250
4187
4620
4259
4654
4098
4333
3768
4567
4080
3862
4023
4271
4256
4241
4039
4392
4279
4326
4269
4450
4173
4477
4356
4172
4295
3836
4125
4267
4131
4115
4083
4084
4320
4154
4196
4149
4272
4037
4558
4422
4478
4652
4090
3784
4042
4156
4028
4182
4317
4723
3456
4059
4528
4484
3884
4640
4068
4412
4430
4288
4360
4381
4090
3879
4377
4155
4164
4070
4618
4212
4142
3986
3962
4072
4116
3979
3601
4086
3896
4321
4114
4054
4327
4472
3981
4211
4471
3823
4165
4456
4081
4266
4036
4271
4304
3930
4266
4344
4112
4235
4141
4233
4103
3715
4158
4023
4135
4271
3785
4137
4547
4456
4015
4394
4168
4377
4203
4243
4105
4756
4103
4441
4239
4026
4296
4162
4234
4095
4098
4053
4099
4463
4339
4405
3793
3981
4141
4020
4450
4444
4378
4658
4184
4238
4721
3725
4250
4314
4464
3995
4207
4233
4056
4367
4282
4135
4386
4460
3733
4505
4385
4107
4754
4672
4543
4219
4511
4336
4473
4624
4130
4304
4012
4327
4620
4472
4406
4068
3985
4569
4147
4575
4050
4084
4145
3979
4124
4408
4490
4329
4262
4332
3937
4024
4042
4412
4016
4325
4434
4485
4452
4398
4400
4709
4494
4219
4197
4384
4360
4337
4172
4411
4291
4234
4195
4357
4690
4089
4193
4590
4305
4458
4355
4302
4261
4046
4372
4227
4276
4165
4180
4176
4225
4045
4423
4209
4414
4412
4500
4468
4535
4562
4476
3978
4331
4499
3932
4496
4333
4438
3643
4281
4400
4528
3999
4688
4178
4641
4652
4130
4431
4389
4428
4140
4373
4100
4473
4203
4454
4195
4263
3934
4281
4161
4138
4132
3819
4264
4017
4199
4176
4044
4130
4208
4023
4000
4337
4185
4519
4330
4521
4286
4257
4387
4348
3983
4211
4696
4133
4200
4247
4267
4314
4112
4498
4074
4099
4338
3988
4132
4571
4532
4260
4442
4097
4699
4237
4561
4321
4967
4263
4255
4302
4347
4205
4215
4493
4308
4163
3964
4331
4484
3977
4615
4320
3993
3993
4136
4444
4171
4452
4629
4248
4380
4467
3760
4014
4060
4475
3779
4037
3958
4022
4359
4158
4299
4328
4306
3724
4211
4259
3882
4703
4544
4352
4181
4545
4010
4294
4657
4005
4236
4204
4330
4475
4403
4307
3996
3983
4399
3960
4360
3899
4107
4029
4052
4064
4185
4523
4141
4206
4185
4125
3883
4250
4090
3712
4203
4315
4247
4240
4430
4204
4673
4124
3901
4047
4223
4218
4313
4025
4132
4159
3890
4026
4217
4575
4265
4176
4547
4332
4382
4078
4130
4164
3808
4108
4058
4134
4312
4040
4084
4091
4147
4283
4174
4217
4181
4632
4228
4424
4562
4260
3816
4166
4395
3899
4042
4056
4691
3562
4139
4625
4230
4178
4487
4004
4463
4283
4084
4431
4501
4344
3818
3888
3929
4418
4063
4406
4235
4148
3748
3975
3964
4053
4080
3712
4075
3955
4109
4196
3926
4205
3993
4040
4094
4144
4061
4263
4312
4215
4145
4187
4382
4446
3872
4092
4596
4008
4206
4142
4112
4274
4014
4179
3935
4221
4155
3836
4011
4526
4440
4144
4192
4031
4436
3899
4422
4134
4796
4001
4137
4088
4032
4372
4347
4315
4284
4126
4014
4196
4535
4066
4330
4031
3786
3900
4073
4723
4236
4696
4573
4323
4387
4360
3811
3958
4078
4466
4136
4217
4431
4188
4609
4374
4227
4449
4359
4003
4789
4234
4252
4703
4513
4520
4396
4535
4216
4488
4601
4093
4561
3876
4479
4676
4377
4430
4023
3951
4529
4181
4609
3950
4161
4260
4422
4351
4343
4449
4345
4608
4581
4142
4309
4408
4308
3906
4368
4303
4255
4481
4694
4468
4809
4369
4367
4112
4381
4351
4293
4111
4340
4068
4179
4258
4108
4426
4196
4434
4646
4452
4372
4325
4314
4273
3780
4119
4210
4288
4150
4297
4225
4207
4236
4460
4245
4260
4307
4577
4341
4410
4679
3938
3858
4281
4277
3951
4165
4293
4578
3806
4403
4575
4615
4285
4669
4179
4724
4450
4089
4460
4534
4380
4133
4189
4077
4399
4080
4590
4546
4180
3884
4110
4241
4528
4082
3901
4408
3984
4078
4198
4166
4194
4204
3943
4180
4530
4195
4271
4593
4611
4252
3967
4309
4589
3999
4251
4705
4360
4167
4329
4110
4416
4141
4243
4141
4230
4484
3988
4094
4772
4450
4237
4283
4357
4489
4378
4456
4313
4973
4201
4744
4309
4186
4367
4648
4382
4192
4311
4186
4230
4506
4184
4604
4159
4107
4144
4149
4592
4442
4631
4652
4394
4213
4275
3999
4197
4158
4204
3827
4128
3774
3947
4399
4165
4235
4200
4312
3573
4397
4148
4033
4753
4591
4539
4213
4310
4034
4348
4682
4316
4176
3971
4403
4408
4492
4441
4070
3911
4317
4407
4456
3926
4114
4037
4204
4173
4449
4556
4500
4261
4351
3923
3980
4025
4235
3952
4055
4521
4157
4091
4351
4086
4603
4118
4198
4006
4168
4720
4203
4041
4196
4141
3883
3833
4269
4354
4083
3941
4568
4385
4262
4242
4214
4214
3885
4183
4243
3968
4322
4004
4089
4112
4049
4135
4262
4420
4267
4847
4622
4386
4569
4333
3718
4156
4134
3976
4237
4344
4600
3514
4229
4455
4647
3933
4453
3944
4586
4516
4037
4611
4210
4348
3854
4149
3759
4541
4035
4337
4209
3976
4057
4091
4337
4194
3971
3561
4072
3738
3999
4195
3967
4144
4276
3937
4115
4316
3939
4145
4213
4543
4388
4098
4335
4364
4217
4249
4507
3917
4189
4255
4245
4037
3871
4216
3916
4203
4187
3810
4098
4650
4368
3993
4048
4048
4251
4178
4365
4332
4700
3957
4039
4408
4163
4407
4013
4491
4126
4234
3828
4197
4350
3902
4590
3994
3885
4021
3876
4442
4281
4348
4511
4258
4255
4278
3879
3997
4055
4173
3908
4016
4069
4092
4349
4365
4404
4191
4217
3669
4505
4161
3964
4658
4370
4349
3823
4575
4265
4307
4635
4054
4262
4227
4486
4426
4148
4341
3890
3866
4252
3797
4252
3835
4259
3996
4021
4272
4236
4164
4371
4305
4361
4001
4154
4243
3942
3874
3971
4291
4121
4282
4447
4276
5050
4101
4133
3920
4297
4283
4038
3947
4262
4053
4250
3944
4102
4292
4314
4195
4576
4262
4309
4103
4126
4068
3622
3709
4101
4155
4308
4041
3778
4121
4335
4048
4190
4421
4098
4347
4029
4284
4680
4235
3584
4186
4165
3913
4013
3931
4385
3751
4178
4401
4367
3976
4735
4057
4614
4376
4120
4533
4276
4184
3873
3909
3996
4264
3979
4395
4251
3995
3743
4028
4300
4085
3934
3931
4057
3935
4124
3850
3872
4132
4251
3890
4124
4453
3948
4087
4351
4215
4124
4142
4272
4369
4056
4044
4540
4160
4148
4109
4152
4100
3794
4040
3968
4277
4073
3912
4142
4466
4350
4218
3989
4287
4235
4320
4450
4168
4581
4005
4411
4459
4191
4243
4021
4237
4202
3946
3739
3813
4496
3904
4290
4001
3937
3958
3971
4372
4324
4366
4429
4261
3890
3867
3901
4024
4040
4268
3762
4145
4140
3954
4186
4192
4057
4111
4372
3746
4335
4147
4134
4677
4517
4461
4090
4727
3881
4286
4550
3878
3992
4263
4174
4190
4276
4384
3876
3738
4162
4115
4130
3790
4115
4169
4145
4113
4062
4324
4309
4227
4283
4089
3923
4155
4128
3825
4115
4410
4002
4323
4409
3898
4731
4061
4187
3815
4147
4244
3953
4094
4012
4190
4163
3929
4163
4261
4064
3980
4370
4044
4145
4225
4045
4119
3633
3805
4253
3842
4136
4004
3978
4060
3919
4142
4275
4191
4038
4589
4286
4054
4370
3930
3782
3959
4295
3903
4256
3878
4305
3355
3861
4428
4425
3907
4219
3951
4357
4222
4196
4360
4227
4248
3994
4067
3982
4232
3883
4320
4273
3902
3664
4004
4054
4010
4123
3354
4101
3852
4023
3913
3852
4293
4219
3943
4138
4302
3943
4155
4262
4002
4282
4150
4108
4403
3995
4057
4293
4012
4016
4207
4324
4167
3918
3885
4078
4004
3927
3888
3941
4404
4158
3920
4011
3828
4067
4097
4453
3994
4713
4045
4186
4404
4002
4321
3899
4239
4163
3802
3766
4027
4267
4052
4395
3884
3946
3918
4074
4145
3858
4041
4203
3900
3850
3912
3620
3953
3724
4129
3516
3785
3573
3808
4093
3890
3732
3741
3892
3531
4046
3843
3683
4318
4288
3938
4013
4152
3683
4091
4341
3741
3857
3740
4072
4242
3683
4178
3676
3749
4037
3742
3982
3548
3683
3562
3766
4178
3658
3774
3781
3960
3961
3757
3751
3907
3637
3676
3675
3910
3894
3870
4106
3941
4295
3926
3861
3699
3851
3776
3884
3625
3916
3736
3709
3720
3747
4095
3786
3715
3995
4032
3980
3728
4035
3962
3515
3614
3856
3549
3946
3642
3700
3795
3636
3818
3935
3803
3795
4248
4002
3847
4098
3798
3390
3894
4058
3706
3898
3772
3791
3275
3625
4089
4070
3704
4259
3454
4045
4204
3872
3911
3986
3944
3601
3734
3709
3983
3602
4026
3988
3729
3390
3678
3765
3748
3840
3241
3912
3462
3702
3776
3727
3785
3614
3447
3489
4153
3677
3637
4178
3792
3898
3803
3781
4153
3733
3908
4104
3632
3519
3862
3943
3889
3509
3840
3638
3851
3877
3456
3648
4049
3925
3681
3979
3673
4005
3699
3957
3892
4409
3833
3793
3908
3683
3944
3867
3833
3726
3522
3611
3821
4077
3588
4154
3949
3476
3525
3653
4380
4466
4500
4581
4588
4343
4476
3758
4255
4258
4531
3992
4125
4110
4222
4513
4317
4259
4382
4191
3653
4438
4362
3907
4880
4528
4209
4524
4295
4270
4296
4955
4141
4391
4079
4209
4607
4301
4514
4102
3975
4464
4223
4364
3953
4296
4046
4098
4329
4315
4608
4524
4400
4362
4204
4088
4153
4363
4012
4044
4290
4456
4285
4547
4348
4769
4119
4123
4223
4322
4402
4219
4055
4362
4348
4362
4174
4349
4545
4240
4388
4618
4671
4525
4172
4066
4391
3996
3900
4299
4375
4275
4387
4378
4470
4431
4086
4428
4417
4344
4785
4576
4687
4787
4490
3740
4335
4338
4120
4185
4177
4525
3506
4272
4683
4481
3966
4686
4144
4481
4775
4134
4403
4510
4498
4058
4058
4166
4346
4004
4489
4617
3959
3802
4252
4051
4347
3982
3817
4212
3906
4320
4155
3855
4262
4108
4110
4287
4570
4074
4297
4573
4425
4321
4287
4311
4401
4042
4171
4469
4018
4466
4309
4311
4299
4194
4003
4067
4286
4221
4157
3999
4656
4489
4178
4236
4225
4514
4187
4272
4447
4793
4174
4597
4470
4161
4351
4036
4173
4472
4078
4151
4313
4302
3886
4406
4172
4152
4034
4188
3948
3861
4056
4061
3985
3880
3933
3772
3870
3726
3893
3804
3592
3587
3680
4067
3891
3958
3776
3855
3450
3867
3815
3653
4290
3983
4132
3984
3973
3887
4052
4305
3623
4018
3813
3996
4139
3982
3859
3610
3380
3901
3583
3842
3459
3700
3716
3839
4025
3773
3833
3814
3780
3790
3698
3960
3818
3845
3693
3441
4011
3933
4086
4107
3913
4108
3444
3679
3494
3964
3767
3780
3734
3831
3646
3793
3518
3832
4052
3826
3803
4184
4018
4175
3682
4036
4070
3478
3563
3953
3849
3798
3712
3816
3765
3960
3899
3935
3699
3600
4288
3827
4221
4327
3928
3505
3874
3852
3575
3674
3891
4058
3080
3693
4215
4078
3523
4172
3744
4032
4133
3938
3832
3922
4020
3826
3917
3805
4016
3528
4077
3885
3578
3542
3749
3801
3682
3659
3295
3888
3573
3980
3631
3620
3739
3925
3597
3781
3921
3641
3709
4036
3963
4078
3761
3971
4049
3431
3871
4089
3897
3763
3576
3740
4047
3741
3641
3668
3888
3940
3627
3549
4518
3875
3529
3763
3767
3766
3969
3916
3905
4308
3752
3930
3827
3813
4050
3748
4102
3696
3890
3690
3739
4258
3674
3991
3768
3648
3630
3696
4013
3930
4119
4289
3992
3829
4061
3644
3776
4016
4050
3692
3874
3676
3627
4479
3947
3868
3715
4022
3440
4043
4377
3825
4350
4080
4247
4100
4258
3652
4140
4414
3639
3923
3752
3972
4118
4282
4223
3702
3738
4232
3848
4119
3781
4067
3919
3769
3848
4250
4070
4115
4154
4107
3889
3553
3937
4114
3829
3739
4223
4051
4191
4367
4007
4416
3886
3782
3746
3982
4056
4028
3777
4080
3841
3954
3813
4002
4198
3869
3791
4280
4079
4219
3921
4023
3779
3552
3768
3912
3889
4096
4022
3813
4032
3906
4004
3897
3947
4109
4471
3992
4313
4105
4060
3577
4125
3911
3706
3756
3986
4275
3354
3987
4265
4159
3928
4390
3866
4242
4321
3721
4235
4203
3987
3820
4069
3985
4067
3895
4064
4074
3927
3659
3798
4019
4003
3700
3678
3770
3537
3943
3837
3860
3935
3903
3882
3834
4059
3749
3974
4004
4069
3992
3873
3852
4257
3882
3937
4228
3736
3868
3998
4140
3636
3713
3898
3866
4213
3831
3707
4082
4312
4203
3825
4019
4054
4198
3906
4165
3877
4440
3746
4175
4259
3929
4061
4058
4076
4175
3799
3910
3874
4238
3803
4062
3711
3847
3932
3905
4179
3970
4383
4278
4422
4001
4061
3671
4224
4273
4008
3718
4100
3756
3912
4179
3994
4217
4074
4011
3452
4447
4037
3889
4651
4283
4277
4306
4159
3654
4226
4358
3961
3916
3838
4186
4361
3985
4340
3810
3742
4007
3973
4242
3550
3771
3804
3629
3885
4116
4160
4224
4229
4147
3982
4076
4002
3943
3762
3748
4192
3870
4076
4211
3966
4386
4153
4004
3856
4135
4042
4110
3906
3884
3757
3881
3882
4073
4322
4143
4005
4339
4190
4150
4168
4013
4047
3797
3882
3974
3868
4118
3597
4012
3679
4003
3991
4079
4001
4178
4285
4097
3986
4414
3839
3426
4005
4198
3817
4099
3828
4099
3546
3989
4181
4132
3988
4196
3837
4399
4325
3744
4316
4228
4207
3624
3996
3925
4277
3625
3851
4234
3829
3675
4055
4043
3933
3805
3719
4192
3649
4050
3665
3934
4160
4015
3753
3833
4332
3764
3905
4154
4317
4022
3954
4092
4256
3964
3880
4379
3738
3832
3879
4104
3859
3730
3998
3919
4048
4087
3846
3966
4188
4247
4061
3811
3859
4138
4069
4163
3997
4434
3622
4053
4336
4064
4005
4038
4198
3916
3987
3766
3947
4282
3736
4381
3728
3806
3765
4051
4408
4135
4259
4511
4239
4086
4183
3924
4163
4199
4345
3716
4225
4096
3855
4120
4088
4222
4197
4471
3701
4101
4278
3774
4484
4478
4364
4277
4447
4201
4526
4466
3859
4151
4055
4222
4278
4243
4500
3836
3848
4286
4029
3954
3632
4105
4267
4130
4232
4139
4219
4331
4067
3822
3821
3907
4116
4170
3548
3959
4207
4039
4308
4340
4131
4603
4045
3971
3770
4094
4119
4046
4285
4062
3991
4117
3763
4153
4348
4255
4148
4330
4108
4414
4210
4163
4155
3741
3926
4300
4349
4312
3964
4126
3975
4208
4160
4432
4128
4242
4512
4203
4374
4583
4056
3627
4200
4180
3893
4084
4135
4422
3419
4110
4570
4297
3932
4564
3951
4569
4422
3895
4140
4258
4119
3988
3861
3982
4176
3746
4031
4359
3910
3684
4017
3911
4105
4007
3620
4004
3706
4238
3851
3782
4129
3942
3901
4122
4178
3937
4091
4341
3971
4227
3997
3965
4340
3860
4257
4568
3977
3914
3897
4015
4165
3712
3918
3948
4135
3971
3800
4092
4371
4155
4228
4098
3867
4361
4203
4292
4308
4326
3908
4261
4159
3736
4206
3940
4386
4186
3800
4123
4230
4541
3761
4323
3826
3969
3857
4088
4228
4293
4235
4206
4298
3898
4466
3713
3973
4125
4362
3842
4083
3946
3637
3971
4135
4429
4177
4269
3509
4232
4104
4073
4366
4405
4283
4201
4326
4000
4167
4741
3868
4066
3888
4585
4343
4197
4235
4011
3737
4128
4117
4145
3922
3949
3998
4110
3938
3909
4197
4151
4082
4096
4031
3793
4106
4178
3707
3997
4540
4072
4238
4310
3927
4339
4063
4165
3991
4139
4121
3956
3900
4198
4107
4116
3979
4114
4444
3924
3995
4296
4080
4181
3968
4113
4172
3571
3912
3988
3935
4242
4017
4153
4170
3914
3913
3928
4094
4158
4296
4207
4309
4540
3892
3545
3907
4213
3809
4084
4174
4144
3421
4223
4237
4398
3818
4341
4001
4536
4277
4149
4007
4313
4328
3856
3760
3691
4326
3948
4244
4379
3972
3614
4004
3957
4003
3972
3611
3993
3771
3836
3989
3896
4059
4061
3746
3930
4086
3838
4044
4201
4363
4154
3947
4129
4294
3897
4186
4393
3785
4008
3958
3926
4064
3847
4014
3936
3887
4159
4019
4108
4605
4252
3751
4122
4044
4285
4012
4166
4140
4594
4047
4329
4214
4107
4169
3867
4231
4275
3853
3790
4014
4322
3899
4502
4048
3750
3831
3951
4546
4218
4501
4463
4413
4150
4221
3903
4108
4319
4254
3853
4105
4126
3788
4215
4059
4014
4200
4126
3648
4335
4367
3880
4808
4445
4164
4241
4499
4016
4329
4498
4031
4113
4087
4361
4151
4342
4287
3999
3932
4285
4088
4022
3925
3997
3982
4097
3931
4202
4425
4186
4246
4219
3955
4017
4117
4139
3884
3803
4072
4383
4317
4308
4234
4613
3986
4145
3892
4159
4279
4158
4092
4253
4076
4149
4147
4212
4411
4111
4180
4353
4492
4322
4209
4130
4252
3771
3893
4171
4043
4116
4136
3734
4172
4006
4221
4318
4189
4227
4675
4338
4477
4525
4131
3679
4183
3964
4024
4243
4010
4236
3488
4081
4597
4146
3845
4308
4062
4391
4378
3814
4597
4394
4389
3797
4134
3934
4394
4099
4229
4477
3948
3560
3966
4114
4179
4036
3583
3971
3802
4150
4093
4286
4216
4083
3914
4061
4093
3805
4161
4402
4326
4060
4049
4165
4225
4047
4029
4529
4178
4387
4206
4122
4011
3844
3980
3864
4289
4281
3789
4178
4502
4293
4096
4106
3963
4359
4080
4244
4135
4732
4061
4373
4458
4055
4186
4151
4347
4054
4099
3939
3962
4129
4030
4323
4161
3925
3904
4082
3993
3973
4341
4399
4091
4073
4139
3568
3787
3916
4060
3682
3758
3765
3812
4487
4244
4243
4053
4244
3538
4099
4084
3967
4464
4410
4480
3788
4454
4018
4074
4514
3843
3968
4002
4072
4270
4162
4130
3705
3799
4341
3928
4141
3780
4048
4120
4034
4132
4079
4116
3981
4229
4277
3984
3804
3942
4016
3826
3703
4324
4129
4023
4349
4048
4465
3665
3875
3674
4163
4152
4035
3845
4271
3928
4094
3770
4102
4254
4136
4139
4190
4129
4135
3871
3925
4165
3664
3670
4063
4004
4049
3965
3662
4114
3973
3876
4001
4024
4064
4399
4076
4241
4317
4174
3454
4247
4116
3902
3850
4069
4482
3449
4042
4222
4362
4035
4436
3839
4500
4463
3774
4354
4161
4125
3815
4011
3998
4176
3739
4275
4176
3865
3645
3816
4197
3968
3800
3431
3773
3666
3964
3784
3746
4025
4043
3843
3902
4234
3894
3956
4308
4111
4130
3922
4232
4136
3808
4175
4208
3985
3913
3993
4104
3974
3869
4013
3865
3940
3932
3721
3985
4542
4232
3787
4029
4174
4335
4126
4189
4281
4484
3873
4092
4153
3958
4216
4024
4123
4028
3750
3873
3917
4189
3844
4089
3926
3845
3734
4049
4339
4097
4361
4388
4277
4110
4399
3826
4033
4261
4511
4056
4107
3891
3994
4370
4248
4193
4357
4284
3556
4367
4019
3923
4695
4474
4320
4257
4561
4101
4163
4724
4036
4252
3949
4240
4204
4166
4407
3906
3952
4486
4026
4306
4079
3982
4049
3852
4255
3994
4427
4176
4359
4178
3892
4110
4091
3990
3794
4152
4197
4186
4036
4418
4191
4662
4262
3905
3962
4228
4136
4107
4001
4294
3995
4157
3725
4234
4512
3987
4067
4553
4352
4250
4088
4205
4194
4005
3966
3943
4050
4021
4218
4136
4031
4099
4189
4178
4182
4235
4693
4429
4411
4475
4109
3786
4277
4259
3709
4303
4110
4435
3425
3950
4381
4395
3902
4432
3837
4513
4502
3843
4197
4381
4422
3873
4029
3996
4361
3769
4577
4187
3996
3616
4112
3827
4089
4018
3630
4410
3819
4112
4068
4047
4158
4151
3819
3940
4363
3961
4020
4408
4407
4320
4054
4367
4376
3844
4167
4411
4033
4245
4252
4029
4294
4013
3968
4098
4084
4405
3911
3969
4338
4306
4046
4012
4022
4426
3966
4345
4122
4929
3875
4308
4536
4077
4314
4217
4357
4044
4079
3968
4197
4402
3967
4318
4350
4016
3862
4156
4464
4270
4284
4720
4353
4310
4169
3920
4087
4020
4290
3964
4100
3891
3965
4496
4292
4201
4033
4357
3750
4292
4194
4194
4778
4417
4369
4196
4489
4174
4184
4740
4000
3798
4163
4379
4407
4254
4397
4107
4067
4372
4015
4247
3656
4115
3988
4182
4217
4282
4371
4145
4029
4201
4132
4060
4166
4085
4002
4104
4260
4131
4195
4291
4107
4617
4166
4101
3980
4215
4193
4239
4095
4338
4113
4223
4163
4041
4476
4018
4118
4263
4398
4305
4030
4340
4186
3939
3817
4235
4101
4271
4206
4114
4265
4068
4155
4330
4389
4124
4643
4337
4348
4694
4202
3808
4471
4160
3914
4283
3963
4426
3478
4091
4478
4317
4060
4466
4019
4435
4733
3985
4352
4359
4484
3799
4110
3992
4279
4041
4317
4280
3873
3969
4100
4178
3972
4131
3533
4186
3908
3978
4029
3866
4133
3958
4080
4114
4575
3864
4033
4272
4339
4335
4173
4244
4463
3930
4174
4359
3995
4086
4007
4262
4302
3998
4204
4139
4217
4242
3965
4005
4467
4188
3916
4205
4009
4314
4014
4193
4281
4779
4068
4125
4419
4249
4292
4154
4283
4260
3990
3904
4126
4483
3927
4339
4054
4079
3786
4015
4737
4197
4384
4647
4378
4473
4198
4113
4383
4280
4373
4001
4209
4105
4287
4656
4266
4305
4488
4369
3897
4387
4206
4001
4735
4562
4434
4353
4593
4246
4649
4833
4234
4373
4025
4547
4518
4343
4309
4248
3995
4323
4155
4406
4167
4430
4240
4314
4225
4492
4519
4380
4227
4508
4324
4243
4567
4410
3872
4254
4402
4333
4328
4600
4333
4968
4175
4305
4119
4266
4420
4315
4106
4260
4117
4207
4006
4479
4543
4462
4274
4583
4512
4383
4279
4500
4426
3851
4090
4333
4134
4408
4195
4159
4304
4153
4188
4373
4449
4292
4588
4369
4328
4663
4247
3693
4247
4302
4200
4172
4529
4741
3680
4217
4644
4423
4367
4681
4083
4648
4529
4432
4725
4627
4231
4017
4066
4058
4461
4048
4573
4305
4159
3812
4065
4216
4151
4027
3827
4241
4105
4407
4337
4328
4195
4406
3976
4183
4635
4087
4431
4574
4261
4296
4281
4342
4414
4400
4144
4639
4054
4431
4369
4212
4191
3884
4207
4022
4162
4483
3910
4228
4514
4377
4280
4347
4456
4424
4184
4410
4368
4897
4330
4530
4529
4096
4540
4401
4443
4063
4271
4049
4258
4637
4320
4441
3935
3744
3872
4034
3840
3836
3877
4000
3734
3627
3884
3482
3804
3726
3643
3298
3571
3436
3409
3969
3680
3523
3775
3916
3492
3868
3672
3641
3985
3885
3871
3573
3871
3628
3975
4126
3468
3635
3310
3842
3750
3670
4017
3448
3462
3892
3406
3860
3331
3579
3594
3425
3695
3816
3854
3868
3507
3774
3472
3709
3746
3565
3402
3515
3868
3612
3658
4070
3788
4050
3638
3706
3525
3577
3816
3591
3392
3721
3491
3713
3650
3673
3840
3474
3481
4020
3917
3994
3411
3857
3563
3204
3352
3529
3571
4040
3582
3502
3617
3617
3892
3675
3815
3938
4001
3872
3721
4133
3737
3349
3602
4089
3314
3595
3810
3902
3048
3373
3591
3860
3648
3874
3327
3774
4013
3661
3746
3953
3834
3439
3656
3640
3661
3528
3646
3591
3601
3429
3691
3685
3484
3463
3219
3694
3283
3323
3547
3378
3572
3403
3482
3340
4035
3330
3482
3775
3835
3605
3649
3604
3881
3463
3654
3738
3273
3606
3637
3563
3590
3367
3529
3554
3571
3660
3537
3479
3862
3957
3535
3577
3486
3742
3723
3718
3591
4126
3411
3631
3774
3648
3712
3558
3754
3705
3667
3444
3451
3705
3342
3949
3376
3380
3459
3665
4452
3992
4142
4262
4070
4000
4004
3843
3918
3917
3800
3554
3914
3999
3701
4104
3917
3854
4101
4160
3484
4090
3859
3854
4293
4174
4153
3849
4115
3708
3934
4435
3739
3914
3847
3997
4061
3961
4080
3888
3818
4177
3652
4185
3460
3794
3817
3796
3812
4244
4044
3995
4138
4026
3848
3635
3933
4115
3618
3942
4226
3978
3824
4205
3949
4643
4074
3877
3862
3909
4313
3856
3885
3904
3912
3916
3919
3907
4276
4000
3805
4275
3937
4186
3736
4013
4064
3563
3688
3986
3975
4266
3988
4061
4211
4083
3801
4110
4020
3903
4363
3957
3986
4269
3829
3636
4060
4068
3614
4019
3745
4276
3236
3821
4066
4182
3861
4137
3798
4281
4301
3916
4062
4037
3975
3727
3880
3775
4193
3650
4051
3961
3814
3682
3841
3882
3722
3744
3621
3737
3539
3990
4010
3805
3843
3898
3515
4193
3958
3728
3736
4048
4169
4040
3646
3903
3973
3869
4074
4212
3900
3991
4095
3857
3812
3637
3863
3845
4079
3916
3785
3940
4383
4261
3783
3930
3717
4003
3869
4094
3947
4456
3891
4047
3799
3851
4258
3881
4021
4015
3833
3466
3861
4327
3690
4143
3659
3922
3651
3738
4664
4588
4736
4970
4634
4387
4691
4207
4172
4390
4712
3994
4363
4251
4311
4892
4559
4446
4511
4250
3990
4596
4778
4536
4898
4600
4615
4674
4737
4360
4433
4918
4284
4465
4495
4536
4631
4694
4670
4055
4150
4407
4343
4422
4087
4422
4286
4217
4464
4569
4628
4421
4496
4695
4498
4278
4455
4418
4190
4430
4660
4360
4407
4676
4442
5080
4418
4535
4197
4420
4418
4440
4333
4443
4412
4314
4276
4487
4684
4301
4515
4730
4560
4425
4391
4433
4745
4191
4001
4367
4250
4308
4448
4699
4112
4281
4582
4436
4711
4465
4885
4644
4488
4637
4558
3958
4472
4519
4251
4535
4595
4587
3368
4475
4930
4490
4206
4962
4181
4999
4895
4323
4449
4772
4810
4051
4237
4254
4685
4505
4669
4509
4429
4106
4170
4371
4375
4281
4167
4419
4107
4492
4265
4255
4378
4105
4186
4307
4711
4312
4210
4711
4723
4243
4634
4711
4939
4237
4365
4701
4077
4546
4549
4643
4248
4250
4412
4439
4304
4461
4300
4464
4658
4755
4141
4440
4320
4802
4316
4663
4267
5043
4451
4410
4606
4501
4615
4326
4651
4590
4424
4385
4252
4702
4337
4666
4154
4117
4174
4459
4119
3947
4195
4240
3985
4011
4040
3786
3821
3689
3900
3531
3621
3727
3823
4318
3924
4056
3967
4152
3327
4175
3947
3647
4218
4156
4298
3910
4276
3874
3892
4205
3958
3931
3771
3979
4041
4079
4153
3403
3466
3925
3700
4132
3608
3760
3759
3624
3754
4098
3947
3908
4032
4154
3688
3772
3847
3948
3572
3885
4157
3968
3804
4305
3743
4355
3869
3869
3625
3761
4197
3907
3787
3923
3817
3991
3782
4021
4268
3928
3932
4388
4068
3981
3864
3825
3879
3478
3790
3982
3870
3929
4020
3836
4115
3897
4009
3866
4107
3854
4422
3908
4040
4373
3898
3514
4002
3829
3624
3958
4033
4284
3295
3887
4232
3995
3733
4325
3716
4205
4056
3609
4131
3918
4009
3723
3872
3471
3915
3857
3865
4051
3732
3394
3621
3961
3936
3660
3477
3870
3698
3848
3836
3848
3898
3851
3708
3805
3965
3603
3817
4102
3907
3871
3591
4102
4028
3844
3753
4308
3741
3814
4016
3754
3674
3699
4034
3735
3885
3781
3525
3711
4097
4262
3702
3979
3742
4219
3845
4130
3858
4414
3877
4175
3873
3654
4271
3841
3687
3954
3831
3614
3869
4149
3588
3938
3609
3927
3743
3726
3977
3739
4228
4077
3891
3744
3787
3445
3709
3962
3996
3605
3946
3544
3778
3980
3942
3841
3872
3963
3234
3806
3784
3826
4139
3962
3767
3818
3914
3776
4152
4243
3628
3848
3734
4063
4205
3684
4051
3758
3582
3973
3646
3973
3628
3722
3631
3849
3967
3788
3812
3966
4026
3802
3549
3757
3766
3883
3462
3494
3880
3733
3924
4155
3790
4028
3888
3763
3627
4038
3841
3847
3619
3844
3629
3881
3906
3802
3865
3740
3715
4197
3973
4008
3705
3790
3787
3554
3629
3521
3638
3842
3899
3653
3698
3846
3736
3720
3905
3810
4200
4136
3976
4200
3662
3490
3920
3922
3557
3550
3958
3818
3114
3829
4078
4020
3677
4024
3741
4120
4215
3662
3929
4015
3719
3507
3640
3659
4000
3605
4009
3646
3771
3662
3713
3748
3847
3763
3306
3850
3536
3698
3940
3557
3973
3613
3529
3796
4054
3629
3817
3838
4241
3925
3814
3946
4046
3523
3739
3851
3628
3788
3688
3728
3798
3633
3720
3633
3773
3933
3710
3635
3924
3871
3781
3744
3600
3904
3768
3840
3983
4347
3819
3987
3887
3883
3910
3735
4017
3839
3674
3508
3866
4125
3683
4253
3504
3728
3476
3807
tempo: 17