200 200
3787
3937
3770
3889
4206
4309
4044
4107
3948
3878
4200
4344
4058
3976
4269
4014
4339
3760
4230
3902
3866
4310
4318
3869
4232
3858
4200
4320
3715
3903
3832
3948
3709
4303
4033
4059
4054
3823
4320
3904
3792
3734
3936
4121
4057
4073
3900
3810
4079
3981
4249
3975
4073
3741
4335
3680
3994
4270
4211
4015
4274
3930
4221
4628
4408
3797
3732
3763
4141
4164
4222
4103
4399
3998
4384
4099
4299
3998
3913
3980
4021
4045
3890
4030
4165
3932
4411
4172
4182
4248
3950
3826
4125
4263
3749
4159
4054
4062
4193
3954
4027
3951
3845
4701
3867
4091
4129
3624
4204
4253
3991
4221
4410
4099
4180
4183
3699
4170
3982
3710
4257
4368
3890
4218
3929
3763
4200
4258
4168
4099
3905
4058
4671
4041
3896
4265
4099
3927
3762
4053
4141
4370
4010
3941
3972
3648
3804
4039
3965
4151
4427
3738
4034
3896
4128
3894
4209
4278
4150
3755
4013
4193
3926
4314
3945
3958
4344
4215
3976
3966
4199
3791
3713
3902
4046
3835
4090
4440
3759
3792
3808
4224
4435
4274
4257
4269
4207
3985
3719
4115
4281
4435
4015
4173
3942
4106
4055
3908
4235
4078
3736
4039
3846
3767
4160
4275
3916
3848
4022
3954
4308
4289
3878
3796
4252
3848
4171
4006
4115
3983
3905
4364
4137
3840
4326
3900
4189
4432
3871
3907
3692
3938
3960
4419
3830
3978
4115
3746
3978
3780
3982
4061
4224
4122
4160
3896
3885
4032
4197
3932
4211
4080
4186
3737
4111
3489
4017
4296
4201
4047
4016
3836
3969
4670
4179
3658
3980
3990
4287
4112
4126
4549
4139
3966
4223
3957
4347
3834
3893
4120
4274
4078
3825
4120
4296
3797
4138
4068
3950
4246
4057
4110
3908
4374
3689
4341
4238
3740
4201
4196
3751
3931
3779
4454
4098
4171
4196
3799
4081
4241
3989
4105
4210
3973
4174
4342
3801
3972
3783
3766
4041
4099
3900
3969
4069
3729
3940
4228
4230
3914
4036
3590
4470
3834
3669
4074
4279
3824
3783
3988
4325
4148
4044
4115
3997
3629
3693
3993
3812
4151
4297
3959
3844
3969
3825
3925
4010
4211
4208
4110
4053
4019
4089
3980
3763
4355
4236
4097
4060
4008
4080
3776
3747
4059
3834
3812
3805
4049
3666
3760
3909
4251
4425
4294
3821
4227
4317
3859
3708
4003
4363
4244
4082
4196
4247
4193
4053
3525
4065
3861
3957
4302
3936
4082
4441
4533
3971
3797
4288
4201
4481
4524
4382
4151
4654
4195
4431
4318
4423
4086
4050
4410
4383
4209
4445
4188
4424
4494
4295
4037
3897
4162
3862
4660
4444
4208
4396
4149
4235
4164
3898
4036
4344
4318
4368
4343
4127
4302
4271
4363
4558
4096
4175
4105
4576
3734
4329
4710
4443
4601
4226
3944
4434
4817
4660
3846
3983
4047
4634
4285
4377
4482
4551
3967
4589
4305
4767
4101
4332
4034
4446
3999
3855
4404
4432
4116
4258
3879
4318
4327
4220
4155
4434
4578
3995
4311
4473
4278
4339
4410
4132
4184
3904
4841
4244
4472
4511
4042
4595
4572
4176
4316
4387
4450
4363
4372
3987
4244
4017
4011
4284
4477
4041
4286
4247
4006
4241
4493
4354
4073
4271
4189
4780
4073
4074
4371
4486
3665
4033
4382
4366
4480
4383
4365
4213
4042
4051
4302
4130
4106
4319
4346
4059
3958
4373
4022
4125
4542
4470
4249
4309
4425
4165
4279
3979
4499
4538
4460
4041
4106
4776
4088
3785
4033
3935
4067
4226
4425
4210
3689
4081
4337
4697
4423
4364
4530
4422
4053
4015
3896
4560
4555
4311
4433
4433
4474
4138
4034
4248
4007
3571
3874
3599
3661
4025
4187
3598
3567
3613
3932
4159
4162
4165
3633
4189
3790
4253
3678
3960
3784
3948
4137
3931
3837
3953
3866
4015
4332
3980
3861
3902
3904
3645
4219
3847
3833
3844
3980
4086
3672
3728
3870
4228
3718
3997
3977
4020
4069
3970
3873
3939
4068
3907
3702
4015
3519
4117
4393
4111
3856
3914
4012
3951
4505
4072
3564
3627
3926
4038
3875
4021
4079
4220
4120
3980
3951
4186
3949
3785
3870
4210
3795
3620
4127
4013
3781
4102
3860
4105
4098
3911
3714
4020
3988
3541
4265
4034
3959
4014
3679
3645
3863
3726
4330
3830
3898
3962
3667
4117
4065
3865
4183
4225
4071
4114
4218
3721
4026
3817
3660
3940
3914
3706
3936
3740
3593
3681
4134
4105
3820
3813
3756
4472
4079
3727
4252
3981
3682
3903
3853
3969
4257
4091
4169
4106
3940
3621
3963
3954
3866
4248
3903
3863
3835
4273
3998
4123
4134
4014
3753
4027
4061
4065
4135
3817
4067
4221
3915
4007
4062
4291
3732
3806
3885
3839
3669
4080
4303
3930
3762
3762
4186
4470
4299
4251
4215
4090
4159
3776
3999
4279
4269
4142
4044
4491
4155
4110
3452
3969
4120
4188
4077
4033
3916
4442
4582
4080
4239
4067
4093
4536
4449
4281
4090
4345
4113
4500
4169
4340
4093
4153
4679
4327
4069
4515
4243
4199
4722
4089
4297
4319
3923
3820
4863
4235
4023
4321
4075
4414
4141
3936
4278
4389
4351
4409
4306
4410
4219
4391
4110
4371
4362
4132
4199
4366
3766
4558
4715
4739
4111
4175
4007
4269
4873
4697
3782
3925
3876
4509
4366
4314
4481
4513
4302
4559
4130
4687
4288
4257
4326
4545
4296
4092
4288
4506
4154
4368
4337
4378
4269
4111
4339
4440
4565
3900
4432
4334
4455
4464
4274
4277
4227
3911
4717
3934
4390
4286
4015
4476
4450
4347
4280
4297
4258
4300
4502
4053
4292
4168
3998
4418
4415
4245
4179
4330
3804
4319
4322
4279
4282
4122
4107
4732
4386
4044
4511
4418
3888
4060
4119
4485
4436
4076
4364
4249
4229
4201
4260
4241
4502
4533
4238
4055
4002
4349
4077
4521
4400
4254
4312
4318
4171
4295
4318
4167
4418
4317
4445
4176
4392
4664
4183
4172
3998
4111
4067
4334
4528
4090
3849
4214
4319
4680
4449
4278
4378
4502
4294
3965
4177
4390
4586
4313
4238
4589
4333
4370
3770
4614
4243
3487
3900
3453
3399
3987
4026
3541
3606
3585
3828
3886
4050
3926
3960
4015
3522
3805
3562
3724
3646
3714
4091
3994
3669
3829
3625
3911
3988
3595
3413
3508
3574
3551
4000
3783
3636
3800
3724
3986
3534
3511
3471
3891
3755
3756
3617
3803
3666
3880
3714
3658
3888
3711
3444
3970
3556
3688
3901
3945
3738
3739
3557
3704
4149
3994
3368
3431
3748
3844
3699
4147
4472
4230
4056
4310
3955
4700
4030
3816
4035
4181
4195
3941
4132
4206
3849
4121
3909
3832
4063
3907
4101
4101
4452
3595
4482
4237
3984
4415
4137
3857
3820
3670
4356
4097
4103
4209
3777
4229
4422
4118
4121
4146
4121
4139
4243
3889
3982
3887
3760
4106
3915
4027
3910
3843
3627
3987
4106
4350
3923
4041
3730
4701
4036
3745
4302
4309
3521
4003
3961
4052
4270
4023
4101
4185
3958
3889
3947
3902
4180
4228
3876
3898
3813
4036
3810
4324
4159
4186
3987
4069
4184
3871
4038
4006
4386
4354
4087
3960
3880
4459
3979
4070
3923
3945
3739
3989
4282
3688
3588
3956
4104
4290
4415
4064
4169
4342
4024
3698
3772
4463
4358
3993
3979
4429
4164
4090
3543
4053
4123
3684
3724
3389
3482
3755
3757
3575
3676
3671
3828
3890
4035
3796
3826
3723
3371
3870
3657
3880
3553
3569
3948
3643
3652
3859
3688
3707
4046
3542
3606
3538
3766
3503
4119
3806
3484
3792
3513
3891
3550
3483
3668
3724
3699
3689
3495
3697
3637
3816
3485
3839
3768
3785
3452
3929
3317
3690
3936
3697
3835
3816
3600
3758
4527
4097
3419
3442
3564
3830
3692
3848
3802
4111
3811
3732
3423
3850
3923
3567
3634
3914
3703
3559
3810
3825
3296
3856
3568
3681
3710
3684
3464
3734
3755
3370
3778
3904
3853
3909
3627
3700
3491
3460
4028
3480
3930
3752
3457
3971
4079
3846
3771
3846
3814
3821
4188
3248
3590
3740
3604
4100
3687
3570
3434
3734
3277
3600
3759
3958
3719
3856
3419
4215
3692
3381
3668
3785
3579
3477
3613
3914
3787
3681
3834
3882
3454
3392
3841
3548
3680
3664
3691
3385
3449
3690
3316
3862
4059
3916
3492
3706
3660
3511
3709
3566
3992
3898
3828
3675
3727
3813
3327
3610
3588
3361
3558
3610
4217
3557
3517
3459
3675
4015
3857
3684
3990
3783
3650
3379
3615
3915
3798
3816
3726
4005
3754
3732
3270
3606
3532
3810
4307
3955
4025
4380
4390
3817
3722
3885
3968
4234
4284
4285
3935
4259
3837
4307
3861
3891
4054
3855
4324
4114
3724
4288
3949
4218
4513
4004
4063
3707
3975
3751
4203
4162
3901
3964
3985
4114
3712
3697
3721
4260
4273
4026
4167
3964
3821
3853
3859
4113
4115
3898
3845
4243
3620
4114
4363
4286
3996
4021
3769
4221
4762
4404
3510
3584
3876
4027
4141
4208
3860
4299
3950
4193
4120
4287
4160
3831
3798
4253
3869
3748
4047
4128
3976
4021
4009
4016
3814
4093
3904
4079
4251
3625
4078
4082
3992
4186
3924
3701
3824
3672
4474
3713
4011
4411
3731
4073
4200
4158
3980
4359
4031
4220
4270
3726
3959
4012
3685
4038
4055
4032
3754
4015
3628
3987
4248
4108
4061
4035
3619
4701
3986
3718
4321
4059
3717
3867
3918
4081
4148
4017
4048
4102
3539
3730
3952
3678
3866
3995
3903
3855
3970
4084
3745
3883
4106
4028
4040
4000
3898
3899
4092
3840
4166
4127
4014
3932
3975
4185
3952
3738
3935
3879
3930
3859
4157
3686
3482
3959
4046
4429
4197
4018
4275
4225
3767
3929
4068
4542
4392
4214
4424
4271
4082
4246
3719
4383
4045
3932
4132
3809
3704
4155
4397
3773
3858
3905
3857
4033
4231
4170
3882
4340
3681
4050
3750
4000
3875
4031
4082
3946
3719
4389
3837
4141
4425
4042
3846
3737
3708
3891
4368
4007
4054
3949
4029
4017
3687
3759
3793
4189
4121
4207
3854
4025
3596
3982
3998
4061
4045
4141
3781
4152
3857
4115
4041
4098
3995
4007
4103
4063
4287
4350
3624
3641
3924
4134
3916
4043
4298
4289
4033
4098
3924
4295
3973
4063
3975
4079
3974
4117
3996
4096
3831
3932
4048
4051
4206
4018
3970
4091
4099
3438
4283
4214
3864
3973
3939
3722
3773
3667
4413
3855
3973
4104
3565
3952
4045
4186
4063
4205
3731
4207
4238
3710
3847
3985
3610
4018
4234
3879
3669
4152
3774
4224
3964
3953
3912
3893
3582
4367
3819
3780
4000
4195
3706
3876
3950
4036
4300
4064
3922
3891
3759
3775
3868
3629
4073
4320
3841
3952
3887
3914
3963
4113
4153
4273
4222
4037
3954
3780
3924
3611
4167
4117
3983
3956
3829
4215
3882
3835
4007
3834
3849
3854
4126
3670
3414
3881
4076
4397
4227
3879
4040
4206
3942
3969
3797
4408
4272
3942
4199
4248
3996
3984
3717
3939
3727
3817
3927
3761
3412
3888
4195
3886
4094
3952
3757
3877
4242
3780
3855
4161
3748
4397
3697
3712
3700
3791
4330
4186
3693
4144
3717
4048
4072
3703
3708
3673
3874
3536
4173
4013
3970
3992
3736
3922
3568
3591
3746
3992
3923
3784
3825
3835
3816
3948
4153
4107
3760
3944
3742
4214
3593
3948
4164
4100
3789
3963
3758
3938
4491
4436
3620
3584
3672
4022
3826
4367
3854
4441
3840
4005
3833
4276
4085
3704
3943
3867
4006
3601
3848
3887
3734
3834
3770
3997
4023
3796
3892
4181
4145
3444
3999
3876
3919
4014
3842
3723
3791
3726
4217
3910
4145
3770
3753
4244
4104
3954
3815
3961
3918
3988
3944
3424
3946
4175
3877
4046
4118
3840
3683
3863
3403
4084
4080
3939
3910
3862
3907
4759
3924
3721
4012
3914
3567
3656
3830
4160
4044
3921
3772
3902
3817
3776
3802
3853
3987
4051
3618
3892
3777
3980
3894
3853
4055
3993
3772
3920
4047
3825
4103
3689
3915
4178
4031
3716
3851
4008
3755
3540
3772
3755
3769
3804
4130
3687
3656
3777
4093
4334
4106
3844
4062
4085
3840
3519
3737
4205
4379
3861
3962
3904
3870
4133
3639
4059
3674
4146
4388
4095
4170
4456
4797
4467
4477
4422
4170
4528
4756
4459
4432
4642
4432
4842
4216
4320
4239
4504
4563
4166
4433
4474
4353
4651
4753
4367
4260
4197
4392
4206
4875
4677
4380
4760
4315
4572
4215
4339
4436
4563
4535
4414
4454
4412
4195
4484
4461
4748
4420
4661
4392
4593
3931
4474
4946
4579
4479
4280
4184
4407
5164
4645
4159
4031
4320
4780
4494
4641
4671
4863
4169
4616
4318
4800
4314
4553
4519
4506
4205
4266
4626
4592
4229
4555
4177
4302
4302
4489
4440
4589
4864
3844
4250
4624
4400
4514
4595
4303
4493
4190
4792
4312
4706
4774
4025
4699
4538
4618
4589
4743
4439
4514
4744
4380
4275
4281
4010
4628
4751
4197
4435
4725
4202
4204
4601
4584
4056
4303
4196
5039
4097
4039
4505
4558
4116
4237
4470
4331
4600
4754
4420
4348
4081
4238
4167
4356
4387
4624
4342
4317
4418
4629
4164
4639
4781
4766
4409
4696
4385
4471
4420
4064
4416
4522
4566
4552
4347
4559
4144
4035
4509
4124
4208
4387
4716
4383
3934
4126
4550
4854
4483
4466
4561
4756
4451
4290
4367
4633
4622
4643
4570
4527
4471
4388
4229
4484
4255
3796
3853
3706
3508
4111
4027
4028
3755
3897
3970
3948
4205
3927
3773
4281
3518
4078
3750
3971
3783
3640
4265
3779
3841
4252
3844
4093
4365
3844
3723
3992
3772
3763
4203
3879
3848
4122
3868
3867
3623
3591
3880
4036
4078
3914
3771
4053
3730
4058
3765
3991
3923
3899
3589
4056
3436
4212
4141
4207
4033
3944
3754
3823
4463
3983
3583
3801
3636
4059
3932
3944
4236
3996
3889
4240
3857
4279
3852
3813
3890
4193
3712
3660
3992
4100
3713
3888
3849
3865
4005
3825
3870
3954
4287
3650
4161
4185
3805
4046
3879
3671
3851
3728
4303
3720
3874
3998
3729
4029
4298
4209
3913
3914
3919
4029
4227
3667
3892
3824
3774
4144
3963
3829
3716
4136
3528
4021
4116
3939
3724
3903
3612
4424
3885
3853
4186
3987
3686
3681
3777
3958
4082
3662
3955
3929
3654
3621
3669
3920
3913
4151
3687
3662
3756
3874
3795
4065
4221
3894
3780
3867
3753
3733
3793
3828
3918
3944
4092
3895
3826
4027
3586
3738
3779
3660
3705
3597
4090
3686
3620
3619
3796
4161
4361
4011
3832
4073
3676
3711
3638
4072
4106
3927
4101
4002
3991
3998
3570
3898
3931
3653
3888
3635
3293
3920
4105
3823
3732
3780
3729
3911
4268
3751
3697
4151
3737
4188
3730
3692
3704
3794
3991
3964
3572
3953
3606
4113
4224
3734
3558
3629
3833
3621
4185
3757
3686
4037
3923
3908
3748
3459
3593
3981
4017
3712
3903
3928
3723
4120
3921
4031
3825
3805
3598
4088
3680
4050
4063
3981
3546
3659
3391
3864
4299
4310
3636
3580
3745
3988
3649
4196
4097
4043
3891
4128
3754
4307
3839
3528
3920
4055
3792
3842
4071
4153
3722
3743
3715
3822
3819
3667
3952
4204
4089
3472
4131
4033
3834
4014
3855
3905
3750
3573
4062
3899
3814
3935
3542
4184
4095
3970
3808
3825
3769
3860
3992
3544
4059
3887
3626
4041
4058
3846
3899
3776
3700
3985
3947
4055
3768
3888
3601
4228
3829
3648
4040
3950
3521
3584
4042
3937
4125
3892
3802
3922
3723
3718
3796
3693
3978
4209
3773
3808
3802
3765
3810
3834
3997
3906
3683
3664
3965
3781
3964
3627
3896
4143
3779
3764
4047
3984
3923
3694
3799
3762
3858
3785
4102
3808
3611
3846
3780
4217
4002
3830
4245
4018
3806
3524
3684
4235
4087
3805
3844
3958
3621
3693
3523
3913
3492
4061
4223
3894
4190
4596
4542
4228
4205
4206
4296
4449
4652
4440
4286
4672
4123
4867
4288
4090
4201
4132
4575
4521
4041
4425
4235
4438
4833
4167
4207
3939
4403
4171
4544
4300
4050
4544
4011
4676
3968
4165
4123
4379
4317
4365
4439
4393
4264
4219
4268
4473
4254
4287
4445
4794
3809
4486
4580
4351
4225
4508
4033
4544
4873
4886
4001
3996
4309
4538
4373
4448
4328
4682
4349
4570
4348
4705
4462
4163
4207
4530
4239
4017
4441
4727
4052
4467
4530
4633
4548
4339
4256
4548
4664
4001
4413
4567
4304
4704
4197
4202
4148
4145
4775
4229
4515
4716
4186
4667
4732
4166
4506
4502
4346
4635
4603
4075
4278
4182
3932
4512
4292
4129
4315
4268
3935
4170
4431
4722
4509
4503
4205
5052
4230
4075
4485
4272
4111
4202
4455
4487
4543
4483
4449
4385
4198
4250
4534
4332
4316
4401
4334
4018
4347
4465
4102
4331
4645
4315
4417
4356
4368
4361
4481
4272
4522
4551
4530
4202
4184
4510
4110
4246
4157
4156
4202
4372
4491
4287
3758
4212
4625
4556
4425
4264
4738
4682
4387
4201
4389
4767
4558
4503
4264
4612
4391
4388
4265
4660
4231
3955
4247
4166
4100
4226
4494
4064
4085
4201
4362
4582
4732
4578
4333
4664
4235
4626
4108
4352
4060
4316
4557
4402
4160
4471
4420
4313
4674
4216
4029
3972
4141
4220
4525
4462
4050
4481
4148
4593
4144
4021
3931
4435
4258
4586
4414
4087
4274
4539
4244
4555
4566
4266
3952
4397
3967
4326
4514
4417
4273
4349
4257
4387
4779
4748
3872
3926
4211
4470
4292
4406
4377
4675
4644
4357
4113
4693
4373
4198
4342
4457
4355
4364
4523
4485
4365
4466
4087
4460
4335
4352
4273
4454
4469
3823
4585
4407
4456
4387
4470
4198
4162
4028
4681
4268
4361
4471
4199
4646
4255
4298
4309
4540
4357
4621
4657
4028
4078
4483
4215
4398
4428
4264
4216
4315
4025
4291
4707
4505
4467
4476
4000
4691
4267
4146
4413
4632
4111
4306
4299
4568
4687
4456
4552
4461
4237
4233
4254
4136
4455
4652
4147
4150
4119
4313
4288
4562
4729
4428
4376
4654
4357
4283
4354
4275
4524
4564
4305
4129
4152
4524
4257
4173
4220
4112
4096
4287
4622
4169
3779
4181
4521
4764
4512
4390
4448
4495
4236
4053
4367
4502
4524
4122
4708
4748
4183
4194
4070
4439
4186
3250
3146
3102
3325
3665
3557
3200
3444
3513
3372
3577
3811
3463
3440
3631
3458
3858
3245
3514
3404
3503
3462
3381
3046
3571
3432
3504
3752
3404
2925
3067
3241
3014
3651
3243
3337
3589
3254
3715
3249
3319
3406
3480
3431
3438
3517
3296
3402
3555
3307
3535
3418
3307
3233
3582
3069
3841
3639
3652
3486
3285
3376
3601
3859
3649
3050
3263
3156
3207
3324
3575
3674
3601
3310
3530
3368
3623
3465
3374
3305
3663
3290
3353
3501
3632
3124
3926
3363
3534
3559
3593
3190
3462
3604
2798
3610
3547
3545
3628
3367
3116
3345
3094
3508
3446
3416
3614
3070
3544
3656
3502
3389
3357
3192
3534
3442
3075
3256
3355
3333
3334
3739
3422
3119
3450
3170
3485
3613
3619
3319
3362
3019
3918
3399
3445
3548
3568
3234
3303
3229
3556
3678
3147
3303
3421
3306
3227
3455
3160
3366
3658
3262
3196
3270
3562
3441
3417
3851
3546
3475
3435
3472
3193
3247
3270
3494
3419
3493
3415
3425
3442
3083
3292
3413
3352
3393
3232
3480
3089
3162
3139
3399
3643
3770
3388
3351
3526
3404
3127
3233
3498
3713
3371
3454
3580
3607
3381
3362
3593
3354
4406
4733
4456
4441
5088
5181
4807
4630
4485
4755
5074
5175
4860
4753
5051
4645
5274
4711
4992
4581
4664
5075
4976
4565
4866
4729
4724
5217
4639
4432
4557
4738
4571
5416
4984
4864
5024
4772
5173
4512
4420
4758
5091
4791
4864
4879
4999
4517
4722
4670
4753
4757
4874
4452
5056
4486
4842
4931
4908
4844
4696
4521
5002
5368
4984
4428
4303
4636
5009
4708
5102
5087
5439
4968
5194
4982
5368
4885
4875
4800
4923
4890
4467
4918
5123
4735
4705
4743
4845
4825
4780
4675
4883
5088
4328
5046
4971
4885
5012
4728
4628
4584
4545
5234
4605
4990
4911
4592
5028
5101
4743
4914
5262
4904
4969
4939
4614
4716
4824
4721
4951
4938
4533
4804
4840
4648
4857
5128
5026
4776
4779
4554
5494
4728
4598
5069
5014
4437
4573
4758
4639
5153
4814
4852
4863
4471
4588
4693
4589
4760
5104
4663
4380
4683
4757
4658
4958
4954
5108
4802
4640
4734
4606
4795
4679
4825
4986
5077
4802
4712
5100
4540
4596
4693
4635
4441
4787
5044
4571
4217
4551
4891
5233
5278
4841
4862
4948
4719
4443
4696
5203
5213
4749
4963
4960
4852
4750
4471
5009
4767
4104
4451
4331
4118
4550
4729
4383
4154
4509
4467
4636
4604
4532
4487
4629
4123
4757
4202
4230
4323
4353
4464
4536
4033
4487
4073
4558
4773
4025
4154
3970
4122
4198
4604
4442
4435
4586
4306
4504
4158
4016
4364
4548
4369
4293
4644
4159
4014
4413
4428
4520
4442
4419
4121
4550
4109
4344
4741
4744
4399
4369
4317
4226
4909
4741
3999
3984
4087
4527
4391
4487
4609
4544
4351
4617
4651
4874
4410
4149
4229
4429
4484
4284
4434
4525
3998
4378
4344
4442
4418
4348
4432
4613
4635
4009
4595
4341
4438
4580
4423
4257
4285
4180
4755
4335
4270
4563
4231
4609
4502
4588
4360
4775
4275
4607
4353
4066
4182
4456
3823
4542
4551
4463
4145
4415
4109
4234
4606
4613
4200
4328
4072
5100
4354
4243
4525
4447
4172
4427
4302
4516
4646
4259
4222
4311
4322
4326
4357
4047
4315
4513
4192
4321
4492
4519
4177
4729
4541
4539
4396
4402
4514
4313
4142
4318
4625
4684
4524
4234
4161
4575
4178
4185
4398
4166
4181
4529
4423
4195
3837
4457
4348
4830
4696
4414
4456
4803
4346
4238
4193
4492
4550
4325
4473
4537
4378
4334
4245
4443
4167
4117
4103
4021
4027
4325
4423
4175
4002
4147
4120
4380
4534
4299
4267
4435
4025
4643
4040
4331
4112
4271
4442
4168
4115
4355
4264
4384
4506
4150
4245
4248
3966
4135
4672
4359
4338
4315
4066
4449
4055
4168
4343
4488
4505
4337
4126
4358
4126
4262
4164
4647
4245
4474
4186
4653
3861
4462
4578
4519
4302
4435
4188
4417
4776
4637
3916
3910
4239
4602
4299
4303
4538
4783
4501
4581
4113
4742
4295
4356
4187
4481
4218
4132
4423
4485
4252
4224
4056
4229
4473
4301
4014
4553
4578
3757
4385
4396
4299
4583
4276
4173
4122
3817
4727
4255
4180
4425
3879
4599
4307
4407
4252
4627
4237
4458
4599
4105
4084
4380
4097
4457
4452
4204
4332
4582
3993
4398
4465
4407
4291
4247
4055
4679
4030
4069
4329
4424
4069
3969
4266
4209
4495
4199
4534
4128
3879
4154
4199
4051
4190
4644
4168
4085
4316
4298
4136
4443
4495
4511
4167
4378
4344
4357
4439
4130
4373
4474
4463
4273
4238
4387
4109
4105
4045
4001
3982
4292
4226
4393
3831
4308
4337
4739
4422
4410
4483
4490
4193
4114
4092
4488
4482
4316
4507
4365
4330
4413
4256
4330
4227
4188
4111
3906
3955
4570
4759
4107
4279
4259
4138
4539
4623
4388
4461
4392
4272
4657
4172
4283
4158
4226
4516
4458
3940
4311
4146
4489
4593
4233
4050
4133
3994
3969
4584
4200
4088
4374
3978
4468
3944
4167
4166
4297
4501
4361
4115
4272
4195
4163
4351
4519
4360
4073
4064
4555
3985
4627
4581
4453
4427
4340
4138
4510
4815
4763
3920
4012
4200
4328
4255
4589
4450
4504
4214
4645
4028
4661
4225
4386
4246
4483
4218
4159
4423
4648
4010
4561
4348
4334
4264
4214
4294
4281
4469
3733
4413
4412
4375
4536
4358
4230
4253
3934
4573
4149
4580
4412
4026
4453
4332
4349
4359
4240
4141
4508
4458
4063
4250
4309
4085
4428
4473
4471
3992
4307
3995
4193
4385
4381
4233
4441
3864
4660
4341
4205
4478
4279
4012
4023
4137
4415
4516
4123
4343
4385
4225
4019
4359
4164
4294
4574
4006
4106
4108
4333
4054
4444
4499
4623
4449
4548
4397
4424
4237
4082
4576
4278
4221
4287
4279
4463
4000
3868
4270
4225
4117
4082
4548
4017
4057
4176
4354
4594
4617
4273
4499
4637
4262
4007
4424
4586
4535
4365
4287
4643
4345
4267
3858
4467
4045
3896
4263
3625
3880
4310
4368
4103
3938
4070
4062
4519
4333
4444
4205
4380
3963
4549
3934
4241
4070
3981
4524
4258
3987
4378
4196
4315
4595
3890
4032
4078
4082
3930
4413
4093
3939
3984
4077
4431
3952
3712
4185
4046
4033
4166
4101
4295
4189
4378
4215
4240
4169
4187
3952
4370
3798
4471
4596
4380
4124
4398
4101
4186
4741
4839
3735
3931
3890
4187
4183
4559
4207
4669
4463
4478
4243
4433
4391
3928
4139
4607
4224
3892
4081
4436
4079
4281
4163
4349
4265
4117
4099
4332
4448
3723
4538
4277
4324
4472
4025
3910
4031
3920
4683
4066
4118
4382
3814
4141
4354
4404
4056
4354
4132
4370
4318
3929
4117
4138
3995
4231
4456
4043
4031
4482
3933
4165
4348
4340
4159
4405
4037
4723
4105
4004
4360
4402
3752
4179
4330
4393
4568
4168
4294
4345
4061
3857
4239
4009
4182
4485
4237
4088
4106
4080
4080
4176
4538
4339
4051
4258
4055
3986
4345
4057
4408
4432
4266
4155
4126
4422
4020
4139
3921
3887
4215
4100
4265
3739
3812
3927
4228
4196
4365
4192
4358
4352
3958
4068
4090
4492
4320
4222
4378
4556
4021
3946
3676
4228
3898
4147
4276
3973
4042
4387
4192
3905
4038
4202
4144
4309
4367
4395
3974
4631
3766
4366
4026
4269
3990
3973
4357
4186
4038
4405
4102
4493
4647
3886
3797
3720
4092
3822
4343
4216
4108
4185
4065
4187
4028
3893
4001
4291
4175
4163
3967
4233
4085
4258
4000
4218
4256
4055
3746
4304
3682
4389
4457
4258
4147
4100
3890
4194
4683
4606
3716
3783
3870
4255
4152
4262
4396
4303
4149
4428
4130
4307
4084
3845
3984
4224
3953
3944
4507
4474
3730
4373
4149
3923
4049
4071
4029
4297
4393
3712
4270
4115
4165
4431
4182
3827
3978
3814
4549
4104
4213
4559
3776
4151
4364
4238
4076
4258
4017
4221
4624
3773
4154
4118
3873
4347
4406
3874
3913
3995
3876
4090
4355
4022
3935
4117
3831
4669
4099
3667
4142
4290
3865
3969
4268
4122
4351
4008
4066
4299
4077
3994
4049
3923
3948
4202
3994
3807
3817
3994
3911
4207
4435
4277
4059
4217
4234
3917
4076
3921
4267
4230
4074
4074
4302
4396
3895
3959
3928
3844
4106
3945
4413
4073
3837
4058
4095
4353
4260
4239
4087
4278
4115
3957
3902
4304
4261
4082
4325
4166
4011
4219
3784
4301
3960
4188
4527
4036
4062
4762
4782
4217
4131
4253
4360
4632
4580
4632
4294
4462
4159
4789
4281
4165
4234
4169
4331
4459
3933
4453
4516
4411
4612
4182
4129
4183
4280
4119
4482
4269
3938
4423
4158
4502
4065
4023
4138
4527
4531
4449
4219
4348
3825
4256
4263
4304
4319
4182
4190
4251
4033
4515
4745
4589
4432
4196
3974
4586
5075
4694
4123
3839
4026
4519
4320
4462
4497
4682
4352
4761
4289
4823
4357
4181
4116
4377
4195
4040
4403
4730
4376
4405
4315
4273
4460
4105
4349
4576
4411
4120
4631
4480
4069
4485
4244
4135
4319
4008
4813
4116
4292
4625
3907
4633
4506
4399
4454
4378
4498
4399
4675
4055
4263
4414
3883
4410
4468
4349
4174
4580
4003
4170
4619
4439
4317
4384
3928
4769
4159
4215
4304
4287
3854
4208
4375
4434
4566
4245
4405
4512
4189
4396
4459
4082
4414
4380
4179
4059
4217
4334
4027
4358
4710
4469
4390
4517
4370
4249
4387
4118
4590
4385
4521
4236
4302
4638
4057
4165
4226
4043
4147
4373
4563
4208
3943
4128
4597
4654
4678
4582
4527
4388
4342
4099
4223
4442
4557
4389
4386
4647
4222
4219
4058
4511
4387
3531
3734
3363
3421
3900
3986
3597
3462
3713
3632
3798
3961
3697
3575
3928
3372
3765
3477
3631
3422
3588
3781
3700
3417
3825
3619
3758
3961
3659
3562
3511
3715
3447
4052
3713
3447
3864
3735
3633
3679
3546
3445
3521
3811
3814
3599
3494
3507
3778
3596
3669
3962
3602
3601
3905
3207
3713
3844
3917
3649
3433
3432
3316
4167
4075
3112
3442
3574
3770
3579
3728
3948
3768
3700
3789
3555
3775
3670
3417
3654
3899
3452
3407
3654
3845
3315
3778
3516
3743
3854
3614
3699
3932
3773
3411
3841
3790
3695
3773
3665
3428
3633
3791
3825
3534
3869
3752
3466
4003
3961
3757
3558
3521
3703
3729
3716
3205
3690
3579
3404
3633
3651
3544
3439
3584
3431
3476
3805
3721
3733
3785
3412
4026
3766
3412
3845
3975
3414
3525
3752
3848
3849
3651
3778
3672
3547
3338
3576
3605
3608
3619
3577
3517
3542
3517
3514
3834
3877
3804
3565
3731
3517
3565
3630
3483
3686
3814
3560
3350
3624
3762
3440
3288
3585
3494
3530
3407
3650
3403
3179
3481
3491
3844
3804
3561
4110
3809
3229
3254
3630
3972
3782
3677
3775
3986
3753
3544
3155
3844
3591
4174
3973
3859
3924
4469
4467
4071
4124
3997
4203
4417
4561
4207
4199
4465
4075
4311
4116
4201
4135
3982
4471
4238
4166
4491
4086
4218
4707
4030
3986
4073
4239
3723
4416
4214
4111
4288
4008
4332
4037
3922
4239
4157
4350
4236
4208
4275
4017
4374
4354
4191
4134
4036
4006
4402
3541
4375
4514
4357
4374
4366
4073
4364
4809
4641
3788
3937
4067
4186
4108
4286
4566
4514
4220
4189
4095
4702
4270
4021
4088
4233
4261
3982
3961
4311
4039
4361
4210
4273
4412
4279
4055
4307
4273
3919
4502
4555
4015
4409
4355
4302
4131
4134
4658
4026
4465
4291
3915
4228
4327
4303
4295
4363
4136
4450
4415
3968
4021
4216
3968
4113
4309
4192
4080
4311
3999
4297
4371
4330
4093
4556
3845
4836
4395
4080
4358
4299
3787
4208
4239
4505
4483
4117
4186
4199
3985
4182
4279
4124
4230
4393
4248
4167
4099
4127
4248
4338
4358
4276
4267
4477
4137
4227
4207
4006
4247
4395
4256
4129
4059
4295
4058
4099
4172
4119
4174
4023
4472
4019
3942
4172
4345
4828
4377
4385
4176
4535
4018
3958
4083
4538
4629
4253
4480
4407
4085
4093
3867
4237
3939
tempo: 0.197372