100 100
1916
1637
2025
1677
1879
2180
1744
2011
2048
1972
1858
1806
1729
1976
1912
1695
1739
2056
2003
1943
1939
2146
1688
1847
1816
1722
2105
1571
1911
1888
2098
1707
1789
1869
1840
1994
2054
1758
2084
1947
1820
1685
1808
2056
1771
1773
1872
2005
2037
2031
1886
1906
1865
1956
1939
1733
1845
1895
2132
1764
1681
1812
1818
1795
1913
1868
2002
1875
1801
1841
1759
1760
1820
1696
1910
1961
1956
1603
2085
2021
1843
2020
1734
1679
2057
1910
1955
1761
1807
1881
1774
2046
1928
1947
1848
1903
1917
1597
2057
2030
1881
1651
1975
1593
1949
2268
1741
2008
1845
1859
1993
1766
1699
2108
1798
1582
1602
1898
1944
1726
1873
1988
1825
1939
1542
1787
2085
1508
1953
1777
2107
1699
1736
2040
1859
1894
1968
1650
2209
1914
1828
1901
1747
1958
1715
1668
1669
1982
1880
2125
1951
2087
1984
2191
1931
1801
1965
2195
2011
1758
1674
1864
1896
1967
1960
1745
2008
2086
1813
1822
1876
2001
2017
1790
1776
1852
2041
1487
2021
2178
1687
2009
1717
1944
2239
1933
1942
1932
1819
2162
1960
2243
1817
1996
1843
1906
2018
1801
2204
2002
1934
1775
2107
1612
1998
2181
1861
2045
1891
1984
1877
1962
1783
2000
1906
1716
1655
1822
1922
1998
1946
2004
1879
1921
1787
1970
2098
1560
2055
1829
2023
1812
1880
1993
2065
1822
2222
1831
2154
1844
1931
2054
1603
2082
1759
1701
1904
2049
2075
2242
2002
1712
1895
1910
1815
1926
2016
2050
2285
1879
1830
1966
1970
1956
1902
1844
2125
1894
1829
1887
1803
1824
1762
1782
1921
2119
1837
1797
2189
2268
1788
2204
1554
1830
2101
1963
1909
1904
1799
1783
1698
2142
2001
1967
2000
2115
2082
1790
1901
2037
1902
1861
1858
1745
1900
2365
1780
2243
2016
2000
1901
1903
1740
1931
1804
1673
1720
1989
2050
1920
2008
2147
1724
2043
1806
1837
2032
1687
1979
1748
1980
1750
1764
2095
1970
2033
2231
1801
2160
1850
1939
1940
1857
2011
1748
1735
1926
1905
2048
2096
1917
1999
1947
2167
1973
1917
2033
2024
2159
1927
1893
2039
2047
1993
2007
1843
2016
2047
1816
2146
1803
1837
1826
1863
1827
1976
2048
1770
2128
2200
1720
2184
1750
1853
2162
1951
1929
1954
1850
1810
1903
2152
1953
1954
1990
2012
2076
1724
2200
2071
1867
1804
2206
1691
2027
2298
1900
2140
1787
2055
2049
2032
1782
2060
1952
1722
1701
1771
2012
2007
2005
2159
1835
2055
1789
1872
2195
1679
2046
1849
2171
1799
1819
2127
2032
2136
2267
1840
2239
1979
1908
2015
1871
2030
1784
1784
1991
2020
1969
2128
1911
2000
2005
2146
1832
1942
2168
1998
2251
2063
1861
2066
2155
2090
1936
2112
2230
1952
1999
2019
1803
1957
2149
2031
2043
2171
2128
1801
2231
2231
1879
2229
1904
1851
2253
1913
2035
2072
1895
2145
1883
2204
2132
2007
2095
2012
1911
1886
2081
2188
1927
1939
2133
1902
1953
2220
2045
2188
2007
1984
2051
2145
1985
2106
1923
1856
1765
2099
1910
1880
1957
2238
1810
2176
1843
1957
2223
1835
2109
2051
2066
1949
1781
2356
2039
2164
2270
1814
2169
2074
1970
2000
1896
2035
1829
1789
2076
2010
2152
2116
1744
2097
1891
2029
1795
1880
1870
2009
2191
1940
1636
1918
1936
1866
1848
2053
1856
1935
1785
1987
1717
1755
1969
1673
1917
1898
2015
1706
2288
2244
1758
2050
1787
1817
2242
1836
1977
1871
1940
1907
1788
2169
1886
1900
1934
1970
1928
1736
2198
2143
1858
1709
1924
1916
1787
2175
1925
2040
1807
2058
2018
2020
1912
1865
2027
1811
1705
1846
1753
1870
1931
1946
1763
1874
1749
1869
2089
1791
2058
1807
2192
1893
1888
2013
1807
2025
2203
1829
2100
1872
1860
2021
1821
1976
1796
1663
1829
1892
1999
2074
1993
2124
2084
2277
1981
1977
2111
2257
2238
2056
1787
2232
2071
2305
1994
2019
2279
2043
1968
2027
1821
2001
1962
1978
1947
2108
2063
1848
2219
2297
1920
2213
1954
1971
2362
1986
2131
2004
2030
2314
1966
2231
2177
2254
2006
2062
2151
1844
2228
2277
1943
1945
2275
1998
2065
2265
1997
2108
1960
2050
1917
1990
1840
2233
2082
1730
1795
2180
2104
1949
2083
2349
2037
2146
1961
2150
2225
1921
2150
1988
2173
1832
1846
2174
2149
2177
2264
1918
2250
2004
2072
2134
1939
2338
2075
1747
2006
2090
2203
2281
2140
2088
2273
2502
2148
2197
2113
2347
2333
2175
1830
2174
2038
2217
2207
2182
2472
2301
2046
2241
1956
2161
2131
2045
2304
2185
2338
2019
2307
2500
1884
2468
1956
1974
2531
2065
2142
2210
2075
2330
1982
2346
2163
2257
2146
2220
2315
1944
2509
2482
2180
1956
2194
2000
2144
2705
2195
2345
2207
2326
2217
2167
2185
2413
2243
1672
1915
2138
2356
2016
2214
2604
2025
2242
2076
2324
2338
1882
2275
2133
2422
2054
2089
2372
2407
2220
2507
1905
2500
2133
2150
2167
2096
2326
2135
1900
1929
2348
2259
2287
1848
1967
1938
2112
1913
1830
2071
2038
2183
1807
1764
1960
2203
2052
1862
1978
2094
1928
1953
2013
1831
1865
1979
1961
1934
1972
2050
1589
2208
2256
1834
2176
1907
1819
2153
1843
2086
1988
1999
2001
1918
2211
1953
1927
1978
1899
1970
1698
2070
2215
1882
1867
1971
1605
1860
2183
1827
2016
1980
2065
2043
1998
1867
1973
2044
1734
1596
1957
2086
1969
1922
2125
1827
2049
1714
1800
2241
1678
1947
1992
2215
1930
1753
2080
1896
1961
2147
1897
2190
1906
1976
1976
1939
2171
1937
1859
1865
2002
1955
2189
1901
2013
2010
2148
1851
1975
2236
2089
2221
1878
1755
2171
2032
2091
2036
2088
2254
2130
2088
2002
1921
2021
2268
2081
2102
2202
2252
1909
2206
2415
1914
2201
1887
1947
2198
2015
2204
2023
2024
2112
1911
2210
2110
2179
1984
2031
2287
1925
2226
2185
2030
2004
2251
1883
2086
2313
1802
2286
1981
1998
2042
2026
1924
2140
2018
1863
1703
1994
2103
1949
2056
2297
1928
2134
1796
1906
2162
1861
2206
1994
2187
1995
1839
2388
2210
2173
2347
1896
2319
1979
1986
2229
1957
2295
2041
1808
1922
2178
2049
2118
2016
2209
2017
2175
1977
1959
2141
2229
2334
2065
1895
1988
2167
2120
2056
2079
2154
2047
2097
2098
1953
2000
2036
2023
2103
2064
2052
1885
2316
2436
1999
2234
1968
1977
2252
2192
2101
2071
2107
2115
1954
2428
2096
2185
2037
2021
2115
1915
2231
2346
2039
1905
2283
1969
2215
2324
1915
2252
1884
2155
1998
2034
1928
2141
2151
1692
1775
2089
2122
2086
2173
2157
1827
2033
1951
1985
2341
1911
2121
1900
2310
1948
1918
2289
2152
2171
2240
1910
2514
2008
2094
2191
1960
2238
1979
2001
1824
2093
2204
2392
1949
2067
2163
2203
1965
1857
2191
2110
2254
2034
1779
2059
1916
2058
1885
2017
2235
2111
1934
2020
2019
2071
2000
1893
2008
2149
1989
1732
2296
2390
1774
2202
1950
1906
2241
1989
2124
2035
1931
2041
1830
2230
2058
2008
2008
2022
2082
1689
2223
2408
2043
2065
2023
1892
2122
2476
1909
2230
2116
2174
2145
2072
2022
2079
1999
1863
1800
2177
2138
1996
2032
2120
1868
2057
1809
2107
2291
1762
2039
1972
2240
1881
1852
2344
2181
2080
2122
1780
2410
2065
2028
2088
1928
2096
1861
1914
1886
2137
2185
2503
tempo: 2