200 200
4362
4171
4527
4399
4072
3913
4404
4013
4018
4014
4540
3808
4143
4039
3948
4226
4161
4088
4092
4212
3836
4464
4219
4235
4458
4498
4563
4119
4507
3955
4276
4406
4043
4332
3824
4577
4300
4131
4492
3905
3777
4195
4012
4118
3982
4134
3867
4129
4301
4180
4294
4378
4362
4401
4009
4126
4112
3983
3862
4161
4379
4018
4004
4193
4117
4638
4266
4025
3875
4244
4124
4231
4015
4248
4031
4135
4110
3982
4490
4428
4105
4276
4062
4141
3970
4399
4369
3731
3949
4178
3921
4239
4060
4075
4030
3775
4116
4335
4329
4235
4584
4256
4408
4401
4059
3798
4086
4323
3727
4217
4095
4310
3434
3991
4370
4421
3988
4509
3896
4473
4583
4050
4190
4316
4249
3791
4152
4125
4274
4001
4343
4036
4106
3953
4159
4012
3946
4177
3757
4027
3782
3959
4132
3956
4185
4141
4023
4131
4473
3913
3974
4228
4563
4167
4149
4153
4223
3906
4285
4311
3911
3989
4058
4050
3894
3807
4201
4099
4206
4107
3979
4218
4280
4423
3910
3994
4146
4273
4081
4197
3970
4635
4095
4357
4202
3927
4311
4119
4384
4220
3998
4008
3938
4195
3918
4406
4086
4109
4103
3884
4178
4016
4159
4367
4096
3677
4128
3457
3834
4183
3936
3426
3887
3963
3824
4183
3910
3870
4272
4018
3428
4408
3914
3699
4303
4465
4021
4045
4232
3906
4363
4632
3784
3891
3617
4115
4206
3941
4104
3951
3856
4333
3962
4092
3575
3937
3738
4097
3976
4102
4199
3993
4204
3976
3671
3993
3868
4074
3619
3679
4237
3886
3822
4140
3994
4304
3979
3858
3905
4070
4083
4112
3727
4141
3830
3790
3775
4004
4380
3933
3919
4248
4182
4016
3917
3901
3931
3588
3691
3741
3947
4177
4045
3749
3764
3756
3839
3969
3899
4238
4327
3926
3952
4218
3844
3610
4035
4107
3653
3982
4014
4177
3358
3989
4068
4193
3840
4270
3812
4240
4156
3865
4121
4476
3991
3653
3815
3828
4018
3810
4226
4121
3857
3504
4034
3858
4026
3787
3685
3814
3423
3999
3971
3611
3854
3839
3637
3930
3963
3625
3966
4177
4108
3900
3910
3613
4015
3902
4063
4265
3857
4191
4007
3999
4003
3800
3886
3790
3765
4080
3790
3791
4297
4097
3837
3903
3772
4089
3918
4004
4127
4453
3914
4337
4126
3812
3946
3918
4210
3859
3766
3626
3827
4095
3940
4243
3457
3607
3858
3850
4376
3823
4193
4234
4117
3977
4044
3498
3977
3983
4013
3773
3615
3810
3977
4173
3802
4039
4031
3970
3448
4174
4026
3799
4347
4265
4081
3850
4245
3744
4273
4419
3882
3952
3792
4214
4205
4197
4119
3829
3613
3967
3780
4067
3681
3999
3769
4042
3965
4115
4235
4221
3765
4050
3939
3879
3941
3945
3780
3989
4006
3772
4103
4165
3866
4314
4101
3922
3697
4206
4026
4120
3695
3866
3942
3944
3978
4035
4280
3841
3968
4389
4030
4005
4007
4242
4080
3756
3872
3729
3656
4040
3923
3881
3847
3743
4135
4010
4138
3919
4379
4133
4118
4458
3886
3597
3754
3897
3658
4105
3942
4188
3228
3882
4218
4035
3972
4531
3693
4294
4314
3801
4203
4109
4147
3515
3796
3683
3959
3732
4198
3830
3958
3534
3843
3747
4042
3709
3473
3827
4038
3794
3830
3896
3782
3826
3931
3756
4282
3591
3784
4235
4121
3787
4005
4117
4112
3594
3970
4167
3723
3806
4055
3963
3718
3648
4054
3765
3680
3985
3709
3823
4111
3990
3831
3763
3768
4342
3796
4012
3894
4288
3785
4144
4159
4018
3922
3973
4164
3968
3997
3790
3768
4177
3696
3989
3852
3780
3780
3697
4241
3715
4226
4420
4162
4029
4074
3600
4124
4020
4074
3675
3999
4035
3754
4018
3993
3899
3968
4104
3530
4275
3869
3717
4285
4145
4138
3989
4404
3842
4160
4472
3887
3945
3830
4023
4169
3876
4069
3788
3782
3981
3528
4130
3546
3691
3992
4086
3861
4029
4141
4041
3909
4117
3806
3959
3691
4116
3609
3909
3877
3935
3821
4406
3954
4381
4043
3642
3893
3956
3747
3816
4023
4134
4056
4187
3760
4052
4328
3884
4090
4298
4138
4089
3937
4117
3866
3525
3738
3950
3840
3965
4024
4122
4120
3742
4076
3993
4021
4120
4341
4132
4086
4174
3852
3710
4115
3946
3371
3890
3909
4152
3483
3851
4232
4257
3699
4368
3623
4011
4385
3792
4062
4063
4055
3497
3940
3672
4037
3635
3964
3989
3851
3684
3935
3882
4088
3598
3504
3888
3647
3845
3947
3809
3989
3986
3977
4000
4259
3851
4119
4088
4314
4083
3910
3970
4334
3588
4062
4093
3925
3736
4127
3825
3902
3725
3998
3796
3839
4098
3783
3701
4062
4027
3614
4027
3977
4253
3939
4022
3830
4510
4018
4312
4000
3859
4249
3970
4089
3894
3744
3856
3898
3984
3484
4260
3945
3880
3720
4062
4540
4482
4511
4697
4406
4331
4594
4152
4143
4116
4366
3841
4129
3870
4066
4574
4347
4377
4307
4377
3851
4525
4330
4052
4704
4551
4598
4375
4455
4170
4552
4679
4221
4221
4098
4676
4442
4132
4516
4157
4060
4259
4056
4348
3864
4278
4129
4006
4275
4474
4482
4256
4292
4478
4180
4138
4244
4346
3969
4216
4535
4270
4379
4450
4378
4670
4028
4149
4052
4307
4416
4218
4177
4323
4242
4074
4051
4295
4687
4389
4159
4479
4557
4385
4314
4542
4350
3934
4352
4322
4066
4417
4192
4141
4479
4081
4375
4391
4318
4278
4520
4213
4465
4784
4484
3685
4259
4439
4135
4210
4147
4386
3656
4033
4511
4376
4052
4585
4146
4542
4417
4101
4453
4646
4379
4022
4213
4264
4365
4018
4339
4570
4161
3672
4091
4280
4170
4164
3904
4232
4055
4298
4030
3785
4138
4340
3903
3875
4263
4061
4324
4266
4344
4211
4328
4382
4246
4089
4095
4656
4087
4174
4318
4283
4174
4078
4408
4312
4367
4232
4008
4210
4543
4419
4247
4368
4264
4505
4041
4302
4371
4763
4229
4420
4241
4215
4408
4216
4443
4070
4034
3961
4307
4538
3892
4482
4207
3900
4098
3946
4162
3952
4066
4169
4262
3922
4125
3593
4068
3916
4154
3664
3959
3954
3819
3965
4022
4026
3921
3969
3314
4160
4080
3791
4397
4128
4260
4069
4315
4050
4159
4317
3870
4227
3804
4186
4087
4144
4200
3958
3832
4086
3944
3967
3710
4236
4102
3906
3976
3890
4299
4078
4153
4287
3934
4114
3893
4084
3742
3900
4117
4191
4194
4252
4220
4478
3961
3882
3963
3918
4028
3989
3742
4069
3969
3957
3907
4064
4171
4142
4080
4257
4208
4186
4013
4097
3938
3756
3524
3861
3856
4098
4056
3819
4031
4015
3952
3900
3985
3906
4323
4207
4356
4307
4081
3501
3896
3903
3858
3950
3800
4360
3483
3908
4333
4205
3808
4399
3941
4412
4609
3765
4104
4281
4244
4052
3966
3915
4076
3684
4134
4058
3843
3569
3817
3981
3915
3706
3567
3958
3772
4022
3634
3730
4018
3926
3902
4193
4043
3837
4004
4102
4048
4022
3840
4381
4080
3793
4023
4163
3667
4047
3935
4160
3774
3646
3837
3898
3936
3923
3668
3927
4347
4017
4152
3734
4099
4122
3927
4169
4259
4486
3988
4182
4124
3893
3930
4199
4310
4060
3874
3969
3950
4250
3978
4317
3748
3755
3581
3710
3996
3800
4073
4163
3732
3955
3948
3583
3619
3790
3904
3491
3809
3616
3411
4016
3558
3854
3737
3770
3260
4101
3746
3596
4147
4076
3742
3682
4109
3674
3857
4261
3723
3810
3641
4014
4032
3889
3986
3494
3557
3819
3871
3844
3446
3604
3511
3794
3815
3896
3946
3908
3961
3799
3572
3973
3749
3708
3593
3578
4070
3701
3576
3741
4018
4221
4001
3773
3680
4030
3761
3803
3679
3792
3833
3731
3628
3766
4104
3849
3823
4041
4067
3982
3691
3743
3857
3433
3466
3717
3415
3886
3571
3627
3780
3726
3655
4178
3771
3782
4299
4043
3784
4214
3671
3398
3615
3717
3524
3756
3487
3908
3221
3749
3969
3909
3726
4298
3736
4000
4123
3690
4074
4017
4122
3644
3788
3445
3860
3689
4041
3906
3885
3488
3668
3631
3782
3820
3425
3715
3673
3675
3538
3467
3678
3614
3535
3627
4004
3583
3789
3955
3710
3972
3942
3615
4091
3643
3816
3934
3389
3977
3670
4005
3790
3486
3591
3644
3901
3661
3482
3734
4147
3848
3741
3678
3771
4149
3748
3853
3828
4175
3651
3834
3910
3707
3790
3723
3983
3741
3614
3639
3667
3928
3674
4025
3682
3559
3530
3556
4170
3774
4037
4252
4062
4015
3992
3551
3979
3904
3837
3617
3938
3622
3664
3923
3802
3864
3885
3879
3348
4026
3892
3669
4288
4151
4025
3799
4057
3677
4301
4227
3548
3822
3642
4158
3961
3934
3966
3780
3745
4050
3737
3747
3573
3850
4029
3791
3889
3894
4036
3952
3899
3725
3740
3872
3995
4011
3440
3704
4125
3776
3781
4030
3726
4263
3953
3881
3587
4048
4081
4155
3601
3765
3834
3755
3772
4213
4275
3755
3829
4137
4009
4057
3856
3866
3779
3594
3531
3568
3761
3771
3584
3814
3577
3653
3898
3698
3891
3645
4421
3954
3751
4073
3637
3641
3941
3892
3662
3766
3779
3969
3384
3793
4015
3990
3787
4120
3724
4122
4149
3840
4142
4053
3982
3466
3487
3667
3882
3974
4041
4075
3626
3458
3675
3773
3776
3618
3427
3732
3631
3952
3767
3848
3652
3707
3740
3553
3812
3564
3713
4027
3989
3899
3727
4024
4124
3582
3795
4129
3731
3719
4011
3818
3538
3557
3778
3754
3884
3722
3493
3926
4010
3834
3828
3678
3773
4218
4017
3866
3813
4221
3792
4098
4016
3978
3931
3921
4041
3557
3667
3623
3937
4038
3686
3931
3701
3607
3438
3602
4011
3862
4095
3926
4206
3994
3977
3682
4035
3706
3854
3614
3920
3693
3586
3934
3857
3931
3805
4079
3394
4256
3856
3608
4306
4027
4040
4172
4198
3878
4073
4419
3695
3744
3817
4047
4157
4062
4044
3540
3452
3898
3792
3897
3653
3896
3479
3650
3924
3987
4064
4004
3867
3997
3961
3759
3798
3910
3727
3768
4081
3808
3850
3972
3906
4108
3835
3818
3782
3980
3896
4030
3587
4075
3832
3898
3857
3844
4219
3863
3782
4065
3995
4153
3924
4059
3803
3577
3798
3817
3422
4019
3696
3596
3970
3926
3807
4114
3911
4164
4226
3928
3951
4198
3900
3578
3810
4005
3686
3880
3864
4174
3149
3809
4396
4022
3917
4195
3785
4176
4124
3830
3955
4150
3937
3564
3735
3568
4210
4074
3946
3832
3676
3486
3739
3901
3829
3674
3332
3711
3488
3806
3436
3575
3812
3825
3743
3776
4160
3542
3956
4105
3940
4024
3703
3654
4291
3693
3839
4198
3641
4041
3846
3965
3716
3634
3777
3621
3876
3890
3698
3850
4270
4159
3568
3713
3872
4026
3860
4238
3909
4401
3598
4046
4046
3825
3911
3677
4128
3951
3820
3610
3808
4173
3840
3918
3716
3516
3525
3842
4592
4251
4452
4623
4476
4277
4516
3846
4112
4162
4608
4070
4047
4208
4184
4686
4221
4360
4389
4337
3824
4362
4220
4073
4860
4772
4223
4285
4501
4053
4332
4844
4106
4306
4094
4797
4526
4561
4449
4086
4268
4449
4257
4406
3913
4367
4206
4258
4196
4320
4519
4269
4241
4438
4088
4139
4168
4418
4087
4296
4523
4336
4240
4686
4324
4800
4288
4090
4313
4265
4111
4430
4088
4380
4310
4248
4055
4380
4591
4139
4311
4502
4588
4400
4291
4495
4365
3911
4101
4091
4230
4297
4154
4296
4503
4270
4333
4322
4418
4208
4811
4521
4339
4905
4179
3966
4268
4479
3978
4246
4367
4511
3662
4108
4492
4456
4118
4712
4067
4714
4723
4144
4422
4431
4278
4232
4275
4090
4474
4307
4662
4655
4046
3789
4191
4094
4176
4070
3718
4135
4170
4066
4141
4109
4124
4223
4150
3864
4513
3968
4322
4534
4268
4332
4248
4349
4408
4319
4092
4476
3887
4426
4464
4144
4214
3985
4342
4081
4250
4355
3958
4167
4631
4348
4218
4304
4004
4560
4192
4390
4271
4940
4075
4495
4486
4335
4359
4273
4281
4146
4261
4213
4233
4495
3896
4433
4097
4084
4199
4008
4268
4341
4294
4565
4414
4210
4306
3954
3905
4255
4380
3983
3964
4056
3801
4501
4063
4080
4303
4054
3704
4311
4308
4125
4758
4364
4320
4373
4234
3932
4227
4572
3988
4334
3955
4313
4236
4139
4165
3824
3860
4180
3914
4412
3917
4125
4225
3955
4081
4288
4195
4234
4099
4234
4149
4062
4170
4211
3637
4086
4448
4137
4231
4434
4063
4722
4103
4325
3862
4101
4115
4193
3997
4007
3791
4024
3734
4212
4506
4128
3939
4350
4415
4236
4016
4083
4255
3746
3960
4032
4085
4245
3982
4217
4058
4196
4162
4113
4085
4014
4543
4295
4465
4417
4139
3645
4027
4200
3797
4204
4103
4371
3453
4126
4306
4283
3932
4362
4146
4281
4211
4175
4165
4436
4340
3959
4069
3998
4481
3915
4327
4133
4156
3657
3984
3903
4197
3894
3647
4149
3718
4108
3920
4094
4091
4136
3797
3891
4238
3821
4078
4338
4246
4070
4098
4237
4468
3922
4031
4240
3912
4014
4387
4103
3973
3942
4011
4030
4071
4123
3727
4094
4333
4358
3800
4238
4181
4362
3943
4326
3868
4767
4005
4152
4339
3851
4543
4088
4081
4092
3899
4010
4029
4218
3864
4259
3945
3918
3942
3973
4264
3689
4365
4224
4029
3964
4103
3686
3807
3966
4112
3645
3890
3620
3708
4009
4119
4225
3864
4107
3682
4175
4110
3974
4257
4279
4080
4021
4306
3709
4111
4525
3791
4104
3559
4142
4169
3926
4186
3631
3690
3916
3842
4267
3720
3688
3935
3997
4125
3945
3949
3974
4001
3954
3924
3744
4144
3950
3569
3869
4261
3886
4065
4184
3971
4244
4040
3985
3601
4331
4022
3800
3878
3905
3954
3889
3869
4216
4281
3913
4004
4182
4049
4288
3718
3867
4105
3650
3625
3962
3812
3927
4046
3839
3792
4006
4012
4222
4075
3955
4346
3970
4108
4326
3713
3618
3839
3986
3600
4099
3998
4053
3289
3831
4198
4152
3893
4228
3661
4122
4401
4031
3842
4068
4043
3604
3691
3663
4197
3761
4032
3941
3861
3761
3954
3679
3931
3964
3307
3999
3763
3902
3817
3702
4061
3632
3969
3774
4420
3565
3849
4118
4010
4107
3760
4042
4230
3650
4053
3973
3867
3816
4139
4108
3805
3579
3894
3728
3915
3846
3878
3873
4269
4305
3561
3662
3846
4103
4111
3875
3893
4614
3684
4150
3898
3831
4169
3831
4211
3986
3741
3793
3864
4225
3664
3996
3816
3871
3936
4012
4373
4208
4212
4379
4087
3806
3951
3752
3737
4019
4169
3506
3751
3974
3857
4227
3908
3906
4087
3809
3709
4016
4319
4080
4460
4306
3987
3882
4278
3869
3996
4377
4083
3955
4008
4119
4107
4016
4082
3828
3663
4116
3826
3959
3743
3889
3784
3903
3887
4106
4198
3968
4139
4199
3798
3954
3951
4141
3815
3786
4169
4110
3732
3904
4205
4419
3880
3971
3772
3899
4087
4109
3776
4134
3851
3884
4177
4018
4237
3956
3909
4290
4243
4004
3621
4237
4057
3529
3672
4099
3811
4106
3938
3668
3861
3702
3979
3942
3982
3839
4299
3862
4218
4283
4042
3286
3886
4136
3762
4064
3822
4206
3240
3896
4182
4215
3734
4229
3863
4340
4175
3728
3915
4209
4344
3712
3861
3816
3925
3830
4034
3774
3947
3618
3909
3909
3904
4006
3579
3847
3800
3938
3775
3462
3830
3916
3707
3582
4158
3888
3974
3912
4202
3835
3998
3934
4027
3912
3862
4124
3802
3805
3982
4043
4056
3961
3930
3905
4072
3987
3383
3974
4214
4168
3796
3994
3813
4202
3810
3999
3915
4407
4016
4155
4151
3973
4075
3947
3879
3911
3895
3867
3797
4007
3629
4002
3960
3443
3820
3745
4044
3500
4030
4188
3609
3592
3828
3493
3625
3765
3862
3150
3888
3517
3663
3953
3530
3708
3974
3912
3408
3758
3915
3726
4156
4183
3943
3705
4006
3447
3889
4005
3522
3735
3692
3856
3609
3808
3880
3731
3521
3897
3536
3877
3619
3531
3617
3821
3769
3947
3941
3784
3585
3856
3716
3487
3855
3903
3320
3699
3677
3888
3795
4027
3808
4207
3709
3662
3360
3685
3843
3488
4033
3880
3839
3744
3712
3875
3967
3718
3569
4093
3762
3761
3634
3765
3844
3478
3575
3841
3637
3714
3680
3775
3789
3517
3890
3893
3707
3839
4040
3958
3897
3943
3761
3316
3624
3835
3355
3926
3429
3870
3114
3758
3818
3776
3481
3819
3449
4049
3881
3387
3785
3950
4045
3418
3487
3500
3641
3506
3895
3804
3532
3334
3519
3567
3745
3623
3509
3749
3777
3674
3638
3603
3910
3876
3484
3637
3923
3587
3604
3939
3806
3832
3673
3924
3889
3532
3810
3947
3761
3621
3943
3617
3510
3582
3651
3476
3871
3958
3610
3657
3923
3770
3493
3713
3876
4063
3566
3786
3814
4209
3556
3891
4105
3627
4023
3897
3966
3667
3392
3579
3759
3863
3449
3853
3927
3590
3524
3872
4283
4312
4231
4579
4158
4294
4181
3837
3949
3873
4234
3689
3843
3986
3838
4290
4054
4165
4090
4192
3648
4140
3983
3929
4597
4366
4406
4233
4197
3965
4331
4509
3884
3950
3821
4394
4545
3974
4081
3754
3751
4285
4104
4240
4070
3987
3927
3951
3898
4151
4270
4026
3918
4085
4014
3885
4024
3976
3756
3858
4119
4089
4250
4361
4037
4559
4078
4011
3885
3826
3993
4051
4132
3950
3956
4140
3740
4166
4175
3755
3973
4210
4133
4124
4103
4101
4090
3824
3806
4018
4011
3959
3932
4094
4213
3833
3921
4110
4261
4256
4355
4172
4085
4186
4013
3627
3896
3906
3633
4006
4055
4270
3406
3780
4394
4054
3980
4406
3699
4354
4221
3716
4260
4155
4169
3721
3765
3704
4343
4086
4336
4038
3988
3568
3798
3804
4089
4093
3637
3957
3854
4007
3725
3755
3953
4100
3827
3930
4292
3811
3961
4171
4284
4089
3957
4100
4334
3936
3905
4326
4084
4151
4088
4080
3884
3889
3677
3815
4041
4068
3685
3749
4279
4306
3872
4148
3812
4143
3904
4259
3936
4624
3999
4164
4148
3969
4127
3912
4190
4068
4046
3764
4147
4287
3723
4261
3871
3770
4081
3941
4445
4063
4299
4421
4468
4224
4264
3784
3946
4085
4314
3771
4094
3900
3811
4215
3911
4134
4104
4243
3686
4207
4136
4042
4366
4286
4432
3998
4314
3810
4400
4568
3835
4111
3592
4317
3962
4263
4244
3877
3790
4309
3793
4360
3734
3919
3944
3957
4117
4199
4323
4240
4270
4230
4062
3880
3971
4247
3741
3948
4274
4015
4193
4419
4007
4543
4292
4064
3942
4109
4067
3832
4269
3959
3903
3952
3779
4280
4204
3963
3905
4365
4175
4308
3922
4020
4177
3696
3841
4022
3928
4166
4113
3951
4083
3969
4033
4127
4081
4100
4439
4353
4276
4375
3955
3582
4036
4303
3799
4097
4191
4429
3484
4150
4200
4400
3912
4477
3989
4446
4517
3928
4140
4324
4147
3808
4005
3915
4298
4001
4206
4211
4083
3697
3815
3921
3895
3744
3716
3890
3929
4005
4226
3947
4153
4189
4043
3846
4233
3839
4059
4170
4177
4135
3966
4169
4153
3830
4047
4221
4026
4293
4190
4163
3780
3899
4081
4006
4249
4030
3968
3907
4357
4093
4182
3934
3943
4180
4061
4284
4230
4877
3710
4198
4096
3847
3951
4035
4399
4233
4077
3751
3826
4402
3970
4233
4009
4082
4062
3880
4277
4120
4179
4194
4070
4121
4057
3458
3843
3777
4131
3800
3928
3646
3663
4127
4184
3889
4048
4171
3481
4155
4096
4031
4443
4009
4304
4185
4085
3879
3915
4282
3996
4047
3775
4370
3990
4155
4078
3747
3511
4169
3749
4147
3624
3813
3856
3854
3997
4140
4164
4076
3893
4047
3953
3761
3944
3919
3798
3989
4391
3860
4273
4281
3938
4367
3977
4171
3804
4006
4113
3945
3697
3774
3866
3890
3732
3989
4134
3742
3820
4325
3980
3853
4038
4123
4136
3498
3522
3879
3766
4095
3742
3809
3854
3834
3810
4029
4160
3968
4116
4107
3982
4200
3835
3710
3788
4159
3574
3766
4147
4228
3229
3732
4158
4188
3889
4230
3954
4287
4111
4021
4085
4211
3960
3606
4048
3733
4300
3905
4015
3998
3762
3545
3706
3987
3964
3785
3573
3807
3506
3732
3921
3897
3922
4027
3726
3957
4192
3588
3813
4110
4163
3850
3827
3963
4051
3756
3914
4235
3793
4096
3931
3927
3930
3585
3941
3830
3910
4465
3547
4059
4203
4093
3619
3972
3912
4063
3960
3833
3676
4573
3963
4133
4097
3897
4137
4049
3988
3973
3825
3869
3894
3992
4017
3994
3621
3464
3801
3894
3890
3531
4267
4204
4066
3811
3835
3517
3651
3885
3988
3257
3707
3601
3634
4144
3694
3705
3789
4112
3059
3972
3795
3525
4063
3976
4080
3887
4201
3733
3786
4336
3665
3861
3794
3941
3904
3600
4118
3586
3595
3972
3762
3895
3498
3787
3551
3714
3905
4017
3918
3811
3920
3680
3599
3766
3766
3703
3294
3565
4034
3917
3765
3863
3924
4036
3740
3815
3603
3847
3587
3811
3696
3725
3713
3734
3518
3649
4106
3909
3824
4056
4000
3843
3666
3883
3752
3512
3706
3843
3688
3660
3907
3580
3560
3686
3530
3794
3794
3874
4248
3786
4181
4059
3797
3335
3888
3939
3553
3871
3796
4196
3055
3780
3896
3875
3783
3962
3614
3941
4098
3482
3685
4130
3864
3413
3648
3406
4193
3331
3850
3740
3749
3541
3758
3732
3713
3628
3179
3853
3396
3686
3739
3395
3979
3704
3592
3720
3984
3506
3806
3896
3911
4017
3717
3711
4019
3507
3882
3750
3525
3748
3953
3835
3631
3571
3717
3605
3874
3831
3640
3775
4113
4057
3515
3735
3659
3926
3661
3938
3674
4161
3400
4122
3861
3809
3822
3813
4130
3701
3720
3495
3726
4002
3885
4008
3454
3668
3567
3893
4125
4129
4142
4198
4067
3826
4032
3673
3908
3945
4090
3603
3928
3905
4084
4085
3927
4106
4090
4021
3429
4133
4040
3897
4247
4399
4237
4116
4243
3828
4079
4378
3872
4018
3795
4172
4137
4220
4179
3752
3757
4093
3848
4067
3607
3998
3818
3899
4085
4206
4284
4113
3934
4157
3922
3877
3993
3960
3835
3694
4234
3836
4049
4284
3895
4574
4128
3841
3847
3839
4069
4013
3914
3996
3955
3852
3795
4133
4286
3882
4094
4221
4029
4156
4036
4064
4213
3733
3677
4117
3895
4090
4037
3883
3795
3898
4055
4253
4014
3975
4307
3985
3922
4351
3881
3591
3789
4018
3777
3853
3938
4253
3444
3927
4225
4239
3974
4261
3774
4375
4489
3703
4244
4268
3917
3800
3810
3693
4210
3722
3930
4231
3825
3541
3763
4134
4027
3847
3584
3973
3673
3787
3821
3635
3928
3812
4010
3935
4376
3752
4063
4301
4197
4008
3862
3877
4202
3808
3985
4246
3667
3968
3928
4067
3765
3790
3731
3862
3957
4073
3821
3986
4167
4200
3859
3841
3898
4224
3980
4113
3753
4282
3986
4236
4045
3899
3882
4068
4185
3974
3780
3605
3970
4202
3780
4273
3678
3624
3898
3699
4143
4243
4206
4423
4293
3955
4209
3834
4099
4108
4374
3792
4140
3797
3867
4435
4146
4246
4307
4257
3643
4350
4197
4122
4666
4241
4454
4273
4351
3895
4239
4551
3913
4245
4004
4142
4272
4278
4258
3976
3883
4405
3931
4261
3994
4174
4184
4073
4123
4356
4245
4011
4316
4322
3900
3987
3980
4360
3675
4027
4296
4071
4295
4452
4164
4596
4067
4245
3873
4185
4311
4250
4025
4232
4133
4026
4017
4279
4388
4045
4215
4412
4064
4088
4243
4132
4336
3980
3703
3968
4144
4162
3902
3981
4039
4026
4130
4068
4166
4107
4549
4184
4393
4404
4045
3572
4101
4288
3807
4100
4168
4507
3491
3987
4408
4266
3994
4498
3896
4505
4386
4029
4272
4309
4362
3971
4198
4022
4210
3960
4392
4082
3770
3848
4049
4016
4253
4117
3566
4154
3796
4278
3926
4047
3958
4024
3833
4072
4332
3835
4071
4502
4121
4235
3957
4223
4478
4076
4261
4358
4024
3990
4119
4150
3745
3948
4158
4173
3781
4258
3826
3990
4519
4332
3715
4122
4158
4325
4199
4256
4150
4572
4005
4223
4435
4093
4409
4145
4304
4014
3970
3929
4020
4285
3839
4407
4001
3844
3843
3981
4481
4236
4291
4475
4464
4077
4090
3787
3958
4039
4063
3919
4000
3866
3795
4216
4144
4463
4247
4099
3655
4421
4165
4180
4677
4459
4227
4186
4416
4175
4435
4477
4221
4124
4083
4464
4324
4524
4261
4054
4166
4246
3970
4496
3740
4062
3996
3922
4126
4170
4352
4240
4160
4252
3961
4172
4133
4249
3960
4179
4410
4349
4223
4322
4393
4621
4230
4051
3943
4277
4316
4177
4098
4176
4264
4040
4021
4261
4345
4054
4101
4495
4409
4268
4188
4231
4231
3969
4036
4059
4001
4168
4038
4021
4161
4109
4257
4079
4250
4066
4574
4314
4491
4462
4287
3609
4340
4124
3843
4239
4176
4176
3572
3961
4539
4512
4024
4459
3904
4436
4499
3842
4306
4271
4335
4082
4127
3807
4391
3990
4343
4207
3924
3624
3999
4022
4088
4113
3858
4056
3969
4288
3954
4018
4296
4057
3786
4020
4284
3847
4204
4399
4313
4368
4138
4340
4179
3912
3909
4391
4016
4192
4223
4164
4036
3971
4102
3930
4081
4389
3813
3935
4402
4201
4137
4253
4134
4408
4026
4306
4292
4952
3937
4045
4209
4223
4091
4065
4449
4216
4192
3821
4397
4317
3912
4451
4062
3966
3895
4255
4229
4137
4243
4319
3948
4159
4424
3856
3831
4026
4152
3721
4014
3899
4095
4252
4188
4130
4132
4182
3523
4361
4237
3985
4424
4483
4216
3982
4405
3925
4385
4666
3764
4318
3706
4386
4282
4227
4341
3780
3921
4115
3773
4359
3899
4228
4037
3924
4188
3999
4310
4388
4216
4332
3978
4030
4109
4127
3732
4000
4317
3822
4192
4644
4066
4778
4171
3994
3975
3998
4003
3985
4004
4301
3836
4090
3820
4223
4174
3997
4204
4465
4156
4365
3873
4039
4192
3854
3760
4040
3930
4195
4117
4027
3990
4024
4327
4161
4358
4025
4582
4044
4114
4586
4060
3850
4073
4189
3847
4238
3998
4103
3721
4037
4157
4433
3774
4497
3767
4396
4492
3933
4281
4334
4206
3898
3892
3890
4287
3924
4368
4366
4093
3782
3730
4043
3779
3794
3652
4083
4022
3910
4126
3982
4142
4048
3854
4137
4299
3836
4108
4288
4304
4010
4040
4167
4328
3997
3913
4136
3921
3951
4298
4374
3954
3776
4216
3948
4084
3966
4017
3901
4293
4433
3948
3872
4087
4180
4071
4123
4320
4654
3922
4348
4296
4192
3929
3981
4421
4121
3887
3602
3951
4419
3948
4252
3993
4054
3952
4065
4202
4051
4229
4507
4098
3975
4168
3804
3906
3956
4179
3601
4004
3673
3590
4349
3820
4052
4120
4134
3573
4202
4126
3920
4368
4249
4380
4062
4426
4076
4329
4360
4079
4165
3931
4245
4478
4076
4379
3799
3885
4191
3924
4117
3943
3885
3942
4072
4163
4308
4133
4090
4115
4309
4046
3759
4250
4024
3583
3734
4123
4178
4277
4274
4232
4399
3907
3998
3883
4151
4021
4014
4114
4100
3888
4008
3942
4108
4158
4319
3863
4101
4159
4201
3926
4173
3956
3528
3708
3849
3908
4063
3839
3960
4239
3914
3986
4168
4109
3922
4287
4328
4235
4330
4170
3720
4226
3946
3747
3940
3885
4248
3368
4147
4351
4206
4080
4312
3850
4431
4467
3927
4095
4225
4135
3866
3985
3941
4255
3908
4189
4083
4037
3678
3928
4106
4016
4023
3599
3890
3733
4003
3880
3848
3771
4302
3852
4050
4344
3762
4012
4149
4288
4134
3896
3997
4494
3859
4192
4252
3929
3938
4061
4318
3890
3954
3864
4095
4069
4012
3842
3967
4384
3971
3886
3972
4050
4097
4131
4327
4163
4830
3817
4191
4264
3863
4149
3969
4435
3963
3903
3968
4053
4316
3834
4558
3811
3832
3799
3935
4340
4215
4227
4569
3947
4036
4395
3673
3998
4001
4143
3740
4117
4041
3764
4080
4029
4079
3913
4254
3678
4215
4339
4001
4545
4214
4470
4083
4577
3961
4213
4399
4125
3945
4018
4370
4268
4081
4482
3868
3578
4098
4067
4104
4051
3938
4126
4066
4078
4230
4125
4170
4223
4446
4261
3690
4073
3994
3780
3856
4190
4137
4217
4058
4255
4413
4019
4162
3731
4217
3975
3799
3854
4215
4152
4204
3827
4122
4351
4244
4101
4222
4035
4155
4054
4248
4064
3514
3762
4274
3962
4152
3968
3926
4049
3853
4024
4021
4097
4225
4454
4303
4143
4150
4281
3578
4098
4085
3951
4163
3921
4385
3321
3990
4412
4302
3822
4354
3997
4584
4151
4073
4302
4282
4312
3822
3825
3880
4066
3968
4266
4133
3981
3775
3907
3918
4101
3860
3480
3878
3728
4281
3863
3933
3970
4179
3831
3952
4305
4231
4072
4310
4121
4285
4070
4121
4280
3929
4159
4267
4064
3833
3967
4052
3839
3782
4051
4001
4272
3989
3885
4006
4486
4325
3934
3958
3971
4271
4192
4374
3971
4620
4071
4191
4212
3949
4367
4123
4251
4008
3896
3845
3911
4192
3712
4283
3942
3729
3963
3991
4468
4428
4286
4702
4452
4145
4498
3894
4192
4099
4468
3940
4083
3955
3992
4537
4306
4497
4188
4423
3649
4445
4401
4225
4854
4254
4399
4224
4715
4286
4451
4603
4231
4391
4105
4500
4472
4518
4450
4135
4070
4081
4110
4365
3885
4206
4011
4107
4217
4315
4502
4170
4350
4462
4169
4094
4162
4340
4089
4303
4308
4184
4349
4570
4480
4618
4347
4265
3962
4446
4323
4134
4093
4314
4369
4256
4207
4427
4690
4157
4021
4687
4557
4351
4230
4421
4321
3911
4162
4323
4057
4267
4144
4195
4142
4235
4270
4383
4459
4252
4700
4622
4437
4665
4386
3810
4017
4276
4030
4246
4166
4443
3644
4243
4703
4397
4193
4698
4116
4519
4540
4232
4343
4312
4527
3970
4405
3953
4517
4080
4344
4253
4149
3845
4086
4206
4375
4144
3774
4289
4025
4184
3952
4276
4221
4317
3879
4181
4528
4104
4294
4499
4423
4318
4075
4351
4470
4155
4381
4537
4315
4197
4291
4204
4078
4070
4181
4309
4169
4244
3829
4082
4661
4481
3984
4444
4309
4483
4236
4393
4137
4751
4272
4295
4351
4394
4352
4371
4318
4141
4065
3954
4132
4236
4051
4389
4159
3908
4078
4086
tempo: 34