200 200
4205
3936
4256
4326
4056
4022
3990
3731
3724
3815
4152
3800
3792
3555
3979
4275
4035
3860
4040
4075
3598
4416
3864
3808
4280
4166
4340
4140
4067
4002
4046
4394
3843
4328
3768
4237
4065
4043
4124
3650
3690
4089
3916
3989
3858
3928
3782
3766
4151
4063
4039
4030
4142
4249
3890
4024
4049
3976
3649
3937
4066
3870
4151
4396
4065
4462
3661
3847
3872
3902
3850
3830
4042
3937
3809
3975
3762
4008
4062
3939
3727
4315
4010
4096
3731
4393
4188
3536
3923
3852
3703
3871
3871
3935
4027
3871
4184
3824
4224
3980
4418
4075
4168
4337
3830
3393
3933
3995
3699
4129
4070
3999
3372
3985
4269
4145
3765
4325
3600
4235
4479
3770
3891
4333
4000
3813
4079
3814
4363
3774
4137
4073
3880
3579
3812
3768
3805
3634
3252
3997
3782
3602
4103
3821
3852
3970
3699
3800
4099
3575
3900
3940
4159
4040
3613
4131
4254
3887
3846
4156
3638
3915
4084
3874
3905
3580
4184
3623
4013
4050
3658
3980
4475
4039
4027
3878
4043
4100
3724
3823
4201
4579
3870
4161
4171
3941
4104
3727
4308
3905
3957
3726
4141
4098
3963
4006
4086
3570
3695
3874
4085
3986
4194
4268
3887
4001
3995
3801
3637
3947
4119
3472
3603
3538
3567
4282
3953
3836
3874
4008
3560
4072
3901
3738
4304
4007
4045
4065
4091
3670
4100
4227
3827
4012
3789
4218
4010
4054
4059
3613
3675
3950
3803
4058
3819
3723
3871
3769
3757
3815
4242
3915
4144
3889
3636
3846
4004
3897
3308
3911
4090
3987
3859
4033
3751
4307
3831
3679
3685
4089
4052
3906
3701
3817
3721
3780
3825
4150
4054
3797
3723
4184
4014
3956
3919
3978
4078
3601
3895
3678
3687
3984
3831
3924
3942
3780
3891
3813
3977
3693
4401
4116
4201
4127
3793
3508
3874
3785
3575
3826
3957
4365
3427
3959
3853
4067
3621
4110
3684
3939
4048
3773
4188
4202
3917
3659
3887
3813
3986
3904
4028
4015
3611
3662
3705
4003
3886
3798
3543
3812
3774
3994
3736
3671
3705
3817
3778
3603
3904
3384
4086
4238
4187
4231
3670
4189
4063
3568
3975
4060
3595
4077
3844
3976
3754
3847
3760
3878
4005
3890
3640
3887
4083
4000
3732
4024
3914
4099
3956
4002
3931
4292
3891
3993
4176
3781
3881
3935
4279
3899
3699
3657
3994
3996
3830
4000
3754
3571
3850
3520
4320
4020
4482
4601
4302
4024
4189
3609
4049
3989
4234
3802
4016
4039
3883
4417
4112
4141
4317
4007
3611
4323
4060
3919
4594
4436
4120
3978
4243
3839
4174
4488
3924
4248
4129
4284
4341
4187
4293
3710
3861
4228
3739
3998
3827
3886
4025
3915
4010
4222
4215
4219
4002
4070
3799
3946
3969
3848
3977
3853
3996
4187
4155
4441
4213
4650
4030
3906
3815
4266
4195
3987
4024
4255
4096
3933
3887
4021
4110
3815
4144
4432
4200
4263
4127
4092
4189
3820
3747
4062
4012
3990
4017
3953
4067
4023
4271
4113
4223
4148
4586
4258
4105
4335
4125
3769
4035
4183
3772
3930
4094
4189
3545
4022
4470
4347
3693
4557
4005
4568
4536
3955
4414
4130
4288
3930
3908
3932
4207
4030
4253
4365
3860
3722
3940
4300
4317
3999
3876
4217
3895
3794
3998
3830
4176
4059
3940
3869
4332
4039
4081
4295
4513
4217
4069
4178
4492
3821
4138
4391
3950
3905
3984
4053
4292
3885
3974
3849
4182
4088
3590
3913
4408
4254
3853
4117
4039
4508
4173
4192
4088
4443
3959
4132
4307
4120
4070
4037
4232
3971
3992
3960
3825
4392
3795
4317
4017
3788
3921
3930
4699
4397
4583
4704
4549
4419
4569
3989
4209
4353
4573
4092
4351
4144
4091
4653
4544
4340
4408
4284
3802
4576
4482
4080
4797
4806
4334
4349
4492
4251
4298
4831
4215
4319
4321
4680
4509
4386
4746
4170
4316
4728
4380
4591
4032
4182
4195
4204
4376
4202
4567
4285
4468
4327
4270
4239
4432
4314
4242
4404
4716
4279
4115
4352
4474
4936
4544
4541
4234
4529
4530
4422
4304
4323
4275
4222
4184
4386
4567
4323
4462
4656
4689
4360
4223
4351
4619
4162
4217
4384
4149
4673
4341
4251
4492
4134
4268
4431
4385
4389
5142
4333
4626
4768
4349
3768
4457
4399
3998
4665
4255
4558
3763
4266
4711
4472
4196
4754
4154
4737
4748
4129
4680
4638
4673
4203
4074
4079
4648
4112
4629
4531
4128
3867
4222
4266
4182
4321
4059
4451
3995
4366
4205
4204
4296
4081
4041
4229
4447
4321
4239
4665
4522
4458
4444
4607
4537
4302
4278
4657
4286
4409
4244
4393
4349
4053
4420
4228
4459
4322
4146
4299
4648
4628
4129
4435
4464
4755
4284
4336
4574
4987
4283
4368
4467
4292
4628
4261
4479
4464
4247
4227
4307
4689
3912
4495
4308
4046
3977
4339
4430
4268
4242
4364
4303
4218
4254
3856
3858
4153
4267
3717
4021
3900
3934
4258
3987
4041
4050
4342
3674
4142
4175
4103
4440
4144
4331
4081
4413
4399
4276
4615
3978
4180
3828
4139
4283
4361
4435
3890
3643
3971
3873
4337
3841
4174
3812
3841
4040
4142
4367
4243
4247
4472
4054
4021
4228
4102
3791
4007
4321
3886
4027
4319
4345
4868
4115
4162
3828
3972
4276
3936
3979
3895
3959
4108
4004
4251
4325
4120
4222
4464
4211
4311
4028
4274
4456
3624
3928
4021
3990
3994
3997
3893
4123
4092
3956
4120
4091
4062
4220
4095
4181
4525
4210
3467
3865
3991
3968
4207
4191
4452
3565
3917
4373
4253
3905
4284
3705
4422
4568
4109
4180
4458
4287
3917
4198
4008
4311
3972
4239
4110
4008
3688
3835
3932
3892
4085
3821
4173
3764
4057
4004
3957
4124
3985
3839
4174
4386
3776
4116
4332
4321
4081
3805
4167
4303
3935
4135
4235
3991
4146
4119
4103
3802
3626
3978
4014
4077
3912
3812
4077
4533
4429
4119
4010
3801
4135
4112
4227
4099
4495
3869
4393
4134
4037
3943
3935
4339
4142
3913
3793
3936
4301
4117
4366
3790
3761
3874
4059
4254
4194
4568
4321
4190
4205
4370
3751
4050
4158
4310
3811
4109
3946
3891
4325
4064
4095
4142
4360
3649
4320
4063
3929
4682
4260
4586
4172
4375
4056
4298
4665
3968
4244
3973
4300
4388
4363
4586
4007
3855
4270
3931
4249
3703
3983
4072
4223
4065
4112
4290
4234
4060
4312
4085
3991
4044
4280
3693
4042
4299
4085
4315
4472
4216
4662
4149
3974
4120
4149
4105
3990
4265
4287
4234
4273
3772
4156
4343
4209
4169
4634
4260
4209
4490
4352
4134
3794
3951
4019
4002
4129
4191
4040
4069
4002
4189
4120
4236
4225
4319
4276
4518
4418
4101
3694
4130
4164
3938
4120
4111
4211
3469
4130
4493
4271
3964
4393
3866
4443
4174
4009
4367
4309
4122
4044
4125
3904
4103
3963
4317
4214
3977
3784
4057
4110
3970
3871
3808
4131
3961
3995
4239
3975
4060
4204
3920
3973
4234
3918
4189
4047
4255
4261
4032
4112
4340
4005
4087
4147
4132
3953
4140
4260
4008
3888
4114
3981
4091
3969
3832
4164
4481
4210
3920
3969
4242
4368
4187
4281
3989
4603
4087
4411
4459
3921
4339
4054
4384
4150
4007
4020
3770
4454
4044
4361
4070
4045
4023
4066
4517
4368
4531
4572
4618
4222
4174
3969
4124
4120
4400
4098
4079
4017
4185
4321
4264
4417
4145
4233
3831
4577
4310
4159
4621
4415
4484
4317
4549
4098
4274
4760
4244
4599
4142
4547
4461
4161
4378
4036
4162
4515
4133
4258
4081
4063
4057
3965
4288
4422
4469
4424
4285
4359
4179
4234
4464
4321
3909
4193
4404
4378
4471
4254
4274
4825
4292
4274
4144
4331
4195
4375
4311
4377
4190
4224
4206
4498
4452
4171
4182
4846
4515
4161
4226
4553
4272
3985
4074
4352
4307
4336
4272
4218
4208
4014
4104
4321
4378
4219
4652
4285
4632
4545
4327
3902
4177
4254
3903
4295
4266
4410
3838
4350
4529
4548
4185
4436
4087
4531
4564
4085
4477
4560
4468
4018
4353
3890
4496
4037
4263
4234
4073
3893
4170
4368
4144
4295
4034
4332
4157
4330
4040
4070
4430
4314
3889
4086
4643
3959
4152
4316
4785
4333
4120
4572
4423
4217
4233
4467
4150
4257
4312
4138
4125
4047
4186
4091
4553
4393
3867
4359
4573
4484
4174
4287
4107
4596
4161
4367
4151
4896
4087
4649
4507
4209
4391
4437
4685
4334
4188
4137
4292
4321
4206
4586
4104
3988
4090
4172
3992
3709
3937
4291
3967
4001
3867
3433
3675
3966
3823
3320
3889
3864
3538
4090
3783
3561
3867
3791
3246
4061
4164
3755
4159
4132
3991
3799
4031
3824
4065
4227
3721
3842
3747
3863
4248
3844
3907
3664
3696
3966
3723
3984
3665
3775
3709
3786
3811
4072
3880
3810
3961
3866
3822
3650
3774
3935
3565
3611
4003
4181
3896
4157
3940
4442
3694
3902
3446
3939
3810
3775
3728
3846
3588
3805
3679
3836
4024
3923
3627
4049
3968
3950
3835
4015
3716
3305
3726
3997
3669
3849
3820
3722
3864
3682
3798
3947
3609
3879
4061
3962
4050
4035
3890
3498
3977
3868
3485
3957
3729
4070
3246
3999
3851
3959
3778
4081
3758
4180
4095
3732
4064
3840
3895
3557
3649
3862
3959
3479
4048
3940
3888
3547
3832
3679
3862
3620
3474
3856
3593
3811
3573
3782
3634
3898
3657
3563
4187
3878
3741
3976
3856
3816
3989
3828
3914
3460
3768
4032
3681
3840
3939
3969
3546
3891
3574
3583
3901
3703
3511
3392
3888
3955
3690
3780
3818
4206
3673
3966
3823
4430
3759
4196
3862
3651
3812
3983
3947
3744
3605
3599
3841
3812
3366
3981
3792
3688
3565
3614
4323
3969
4075
4290
4206
4036
4232
3678
3861
3988
4143
3676
3895
3889
3724
4049
3957
4067
3981
4248
3685
4166
4027
4008
4506
4176
4199
4074
4332
3764
4127
4346
4021
3941
3928
4260
4117
4059
4116
3918
3918
4044
3835
4102
3697
3679
3814
4010
4081
3890
4541
3934
4158
4011
3932
3898
3886
3999
3595
4034
4159
3925
3918
4173
3904
4380
4043
3958
3975
3715
3930
4156
3731
3973
3899
3748
3888
4119
4213
3990
3806
4228
4347
4159
4016
4096
4029
3686
3573
4074
3984
4159
3918
3995
3763
3710
4042
3983
4302
4246
4448
4160
4272
4314
3911
3820
3975
4160
3734
4014
4133
4300
3437
4026
4182
4224
3760
4197
3931
4398
4329
3859
4269
3939
4215
3634
4011
3759
4336
3894
4000
4078
3851
3787
3791
3895
4006
3982
3410
3950
3678
4208
3939
3790
4027
3806
3882
3887
4148
3773
3905
4244
4260
4160
3754
4237
4205
3853
4158
4187
3777
4013
4175
4057
3873
3765
3901
3913
3866
4052
3656
3909
4152
4211
3725
4064
3841
4270
4000
4179
3914
4604
3962
4146
4072
3974
4241
3992
4279
3846
3814
3836
3958
4265
3920
4212
3755
3685
3723
3805
3918
4011
4004
4138
3991
3925
3923
3495
3882
3700
3889
3457
3945
3430
3656
3958
3939
4073
4043
4077
3432
4231
3650
3765
4045
4104
3975
3795
4001
3860
3958
4529
3830
3771
3841
4134
4137
3728
3894
3676
3596
3993
3657
3916
3626
3583
3640
3978
3803
3926
3826
3778
3960
4212
3684
3491
4003
3793
3408
3769
3934
4090
3914
4111
3798
4104
3785
3806
3765
3936
3935
3648
3893
4066
3969
3835
3796
4030
3987
3694
3760
4113
3915
4028
3959
3782
3837
3519
3677
3768
3710
3801
3522
3576
3955
3568
3826
3662
3754
3692
4358
3943
4179
4174
3738
3429
3531
3828
3437
3869
3669
3926
3516
4034
4156
4048
3676
4227
3739
4038
3897
3676
4130
4006
3981
3466
3755
3453
3916
3627
4098
3973
3614
3393
3725
3822
3718
3799
3327
3717
3626
3826
3859
3877
3698
3698
3519
3776
4014
3746
3691
4086
4081
3908
3463
3974
4034
3828
3755
3990
3907
3826
3784
3738
3790
3568
3908
3497
3872
3955
3619
3564
4044
4036
3694
3829
3878
3886
3906
3701
3891
4388
3837
3757
4084
3860
4037
3878
4007
3753
3679
3648
3726
4145
3699
4139
3755
3659
3544
3734
4531
4626
4613
4606
4628
4583
4517
4094
4414
4420
4671
3827
4437
4167
4548
4551
4421
4400
4447
4743
3943
4675
4425
4261
4869
4786
4801
4595
4758
4399
4598
4964
4313
4483
4257
4588
4609
4383
4843
4315
4089
4609
4335
4666
4128
4202
4258
4150
4407
4364
4726
4662
4689
4510
4399
4219
4247
4453
4003
4245
4525
4591
4616
4384
4500
4936
4257
4393
4429
4520
4398
4358
4407
4463
4288
4232
4496
4491
4652
4281
4389
4763
4407
4601
4558
4425
4270
4183
4237
4287
4281
4531
4330
4136
4494
4307
4501
4457
4532
4449
4758
4586
4748
4754
4255
4067
4375
4676
4184
4594
4417
4745
3864
4373
4791
4547
4402
4680
4252
4764
4622
4148
4564
4892
4509
4205
4305
4297
4530
4287
4541
4133
4431
3857
4205
4266
4469
4403
3738
4439
4332
4458
4267
4132
4201
4488
4298
4032
4601
4232
4327
4678
4412
4661
4246
4671
4579
4138
4415
4708
4156
4612
4499
4512
4272
4428
4465
4350
4376
4487
4249
4323
4736
4735
4399
4397
4403
4594
4423
4469
4742
5173
4132
4453
4807
4228
4384
4488
4643
4463
4478
3838
4356
4659
4094
4775
4230
4085
4284
4067
4519
4569
4540
4493
4499
4403
4768
3961
4260
4203
4540
4088
4365
4292
4083
4612
4517
4498
4358
4522
3818
4664
4426
4203
4674
4629
4557
4482
4779
4304
4671
4945
4091
4570
3843
4717
4690
4755
4713
4216
4002
4630
4077
4572
4041
4306
4352
4459
4357
4439
4764
4571
4457
4553
4398
3999
4428
4344
4099
4275
4679
4181
4570
4646
4573
5079
4436
4578
4426
4409
4558
4484
4394
4540
4480
4422
4263
4543
4754
4231
4365
4725
4524
4512
4462
4523
4512
3977
4195
4366
4274
4426
4381
4294
4396
4161
4532
4510
4379
4377
4731
4427
4480
5059
4343
4065
4332
4355
3930
4438
4452
4631
3894
4443
4621
4518
4250
4807
4277
4736
4588
4278
4381
4662
4522
4248
4353
4224
4705
4240
4687
4497
4429
4069
4254
4101
4178
4058
3797
4358
4090
4306
4157
4219
4395
4473
4152
4293
4429
3946
4330
4460
4524
4435
4109
4449
4589
4214
4289
4684
4267
4323
4426
4385
4278
4176
4369
4169
4292
4271
4211
4215
5112
4565
4203
4490
4012
4586
4376
4496
4463
5099
4094
4611
4584
4552
4340
4504
4612
4188
4290
4140
4109
4539
4446
4629
4181
4120
4375
4312
3978
4019
4059
3907
3955
3758
3858
3632
3853
3733
3801
3594
3742
3698
3600
3760
3988
4055
3753
3974
3187
3979
3645
3826
4320
4210
4019
3842
4062
3657
3697
4375
3772
3939
3833
4023
3955
3978
3993
3696
3337
4042
3796
3964
3464
3919
3773
3573
3793
3915
4079
4091
4002
4100
3728
3884
3851
4119
3534
3857
3978
3911
3970
4057
3870
4303
3788
3677
3680
3875
3701
3897
3534
3874
3702
3962
3714
3833
4193
3652
4004
4263
3783
4052
3758
3895
3917
3273
3836
3786
3638
3905
3894
3761
3775
3818
3896
3728
3847
3998
4037
3820
4026
4080
3749
3403
3716
3949
3384
4019
3757
4126
3084
3673
4241
4042
3778
4152
3832
4189
4171
3653
4050
3962
3841
3786
3997
3568
3925
3514
3963
3685
3588
3347
3817
3684
3749
3829
3437
3892
3615
3706
3703
3577
3720
3909
3487
3637
3955
3568
3713
3956
4044
3948
3819
4167
3911
3711
3904
3920
3618
3779
3793
3946
3858
3606
3624
3799
3824
3880
3599
3781
4177
4015
3638
3693
3574
3928
3837
4071
3769
4386
3638
4122
3948
3682
3819
3711
3905
3758
3755
3503
3758
3986
3655
3879
3537
3560
3694
3650
4004
3740
4002
4264
4007
3764
4069
3787
4050
3733
3989
3632
3699
3593
3685
3849
3760
3969
3864
3952
3362
3975
3800
3897
4005
3934
3919
3894
3969
4045
3920
4195
3699
3886
3952
4290
3919
3849
4058
3834
3423
3688
3670
3905
3524
3772
3707
3632
3675
4224
3870
3810
3680
3917
3733
3643
3711
3820
3599
3809
4040
3573
3819
3897
3841
4097
3919
3749
3643
3901
3771
3835
3658
3943
3765
3786
3965
3840
4314
3857
3925
4292
3864
3845
3917
3914
3775
3614
3642
3722
3500
3899
3706
3801
3899
3591
4029
3853
3739
4114
4028
3872
3856
4403
3808
3580
3662
3770
3594
3875
3875
3996
3264
3555
4155
3778
3588
4035
3595
3900
4011
3740
4047
4161
4067
3707
4012
3627
3862
3792
3748
3889
3693
3392
3599
3596
3893
3615
3343
3542
3417
3542
3799
3708
3841
3861
3453
3839
3858
3675
3770
3740
3990
3665
3759
3604
4198
3563
3785
4185
3756
3584
3750
3601
3668
3646
3981
3727
3805
3752
3571
3823
4070
3857
3663
3981
3721
4011
3681
4033
3721
4320
3715
4040
4000
3855
4108
3755
3803
3507
3746
3566
3615
3923
3525
4178
3444
3592
3595
3677
4047
3870
4057
4145
3836
3755
3918
3646
3708
3631
4003
3525
3726
3408
3620
4044
3944
3879
3706
3862
3322
3852
3807
3820
4213
3789
3856
3883
4095
3649
3845
4145
3555
3819
3719
4155
3998
3966
4199
3772
3442
3834
3702
3954
3586
3641
3603
3679
3846
3754
3983
3751
3762
3991
3666
3736
3856
3813
3565
3720
3968
3640
3792
4238
4047
4159
3809
3672
3488
3768
3787
3779
3664
3775
3755
3666
3595
3865
3844
3598
3887
3968
3911
3937
3777
3844
4030
3551
3374
3509
3586
4010
3691
3782
3717
3609
3761
3808
3859
3690
4097
4040
3862
4107
3812
3625
3545
3779
3545
3785
3653
4199
3047
3654
4107
3985
3591
4279
3425
4226
4196
3610
4018
4017
3883
3440
3751
3705
3866
3581
4004
3700
3475
3543
3458
3924
3775
3851
3413
3808
3620
3807
3704
3522
3634
3860
3705
3737
4131
3489
3618
3999
4118
3855
3581
4014
4048
3563
3821
3958
3775
3944
3729
3795
3638
3479
3642
3605
3878
4020
3329
3563
3910
3964
3568
3660
3714
3866
4118
3758
3764
4344
3661
3868
3964
3744
3937
3719
3961
3688
3533
3462
3874
4012
3525
3980
3720
3626
3653
3736
4021
3865
4191
4052
3885
3733
3808
3364
3855
3761
4035
3591
3721
3629
3690
4038
3989
4039
3887
3801
3408
4011
3722
3657
4078
4300
3781
3722
4011
3628
3787
4430
3706
3777
3628
4083
4193
4117
3964
3567
3536
3904
3503
4105
3461
3693
3680
3645
4027
3814
3809
3821
3645
4196
3651
3658
3998
3870
3505
3711
3871
4097
3782
4061
3795
4196
3927
3643
3493
3929
3823
3743
3570
3798
3482
3759
3749
3924
4042
3734
3804
4352
4161
4074
3626
3875
3941
3436
3596
3753
3764
3773
3762
3811
3842
3704
3976
3815
3644
3943
4214
3754
3957
4277
3697
3146
3701
3721
3388
3667
3816
3789
3208
3899
4043
3880
3617
4005
3592
4049
4217
3567
4107
3683
3942
3768
3641
3428
4018
3396
3984
3832
4003
3348
3553
3619
3597
3486
3446
3932
3649
3650
3769
3416
3780
3721
3517
3727
4031
3661
3791
3826
4153
3793
3653
3838
3942
3603
3646
3937
3535
3661
3888
3626
3768
3704
3775
3645
3681
3656
3449
3618
4076
3903
3686
3792
3652
4043
3746
3890
3777
4347
3633
3786
3855
3647
3973
3570
3937
3794
3816
3607
3752
4006
3738
4030
3670
3599
3580
3802
4123
3695
3934
4076
4056
3738
3909
3446
3781
3955
3775
3517
3794
4141
3666
4073
3960
3880
3974
4067
3485
4116
3827
3661
4122
4170
4149
4038
3978
3583
3912
4136
3714
3866
3572
3792
4057
3674
3979
3621
3518
3967
3563
3954
3413
3726
3864
3888
3742
3910
4142
3949
4013
3768
3889
3545
3761
3964
3509
3679
3903
3778
4082
4176
3893
4215
3872
3946
3705
3662
3658
3579
3923
3930
3947
3879
3462
3706
3771
3763
4018
4140
3939
3971
3905
3717
3634
3623
3416
3915
3747
3946
4042
3745
3783
3738
3919
3939
4004
4115
3972
3879
4117
4099
3826
3454
3965
3785
3560
3834
3865
4015
3203
3879
4389
3984
3743
4120
3671
4412
4146
3432
3827
4165
4140
3759
3758
3639
4067
3667
3952
3996
3817
3626
3617
3667
3866
3719
3460
3855
3376
3695
3713
3851
4016
3930
3728
4098
4068
3664
3816
3847
4248
3927
3673
3676
4083
3618
3636
4037
3694
4021
3819
3910
3843
3775
3492
3726
3909
3834
3665
3652
4378
3861
3605
3696
3654
3966
3822
3906
3914
4420
3602
4120
4015
3712
3943
3718
4112
3837
3699
3817
3840
4102
3627
4086
3379
3797
3650
4141
4404
4276
4450
4546
4390
4319
4396
4047
4014
3960
4368
3939
4317
3943
3921
4444
4341
4216
4218
4553
3795
4423
4338
4014
4604
4360
4451
4151
4421
4001
4304
4745
3804
4308
4090
4509
4487
4402
4391
4170
3913
4176
4154
4255
3851
4226
4483
4088
4330
4159
4510
4188
4381
4102
4143
3873
4215
4385
3723
4152
4451
4257
4331
4568
4243
4570
4089
4403
4122
4409
4203
4297
4190
4354
4310
4067
4079
4257
4604
4320
3947
4543
4175
4310
4151
3998
4379
3738
3938
4001
3961
4294
4174
4303
4044
3937
4113
4120
4390
4340
4569
4484
4310
4402
4122
3832
4337
4171
3925
4249
4311
4402
3417
4387
4352
4487
3994
4493
4172
4631
4482
3992
4188
4382
4305
3798
4045
4069
4417
4009
4300
4221
4050
3903
4083
4095
4130
4058
3581
4115
4007
4233
4063
4049
4230
4296
4061
4092
4154
4023
4070
4302
4370
4361
4194
4311
4633
3988
4317
4370
3826
4318
4348
4235
4006
4001
4231
4009
4380
4077
3906
4061
4527
4201
4012
4088
4019
4495
4202
4576
4280
4857
4240
4208
4346
4101
4501
4166
4339
4455
4138
3896
4216
4219
3988
4427
4159
4015
3935
3928
4300
4210
4191
4563
4602
4321
4403
3843
3971
4132
4326
3792
4084
3762
3980
4367
4305
4325
4165
4117
3822
4407
4307
4034
4521
4447
4391
4286
4531
4028
4295
4680
3972
4149
4120
4195
4338
4193
4169
4009
4188
4317
3889
4216
3827
4149
4044
4087
4260
4298
4264
4020
4259
4369
4268
3996
4058
4382
3882
4271
4354
3970
4073
4308
4191
4767
4111
4160
3904
4430
4017
4217
4105
4308
4088
4017
3922
4568
4473
4122
4043
4413
4353
4242
4055
4454
4168
3916
3821
3893
4073
4259
4131
3946
4254
3993
4154
4055
4278
4050
4711
4231
4381
4413
4190
3693
4142
4294
4133
4225
3976
4333
3579
4194
4503
4625
4023
4487
4049
4333
4500
4145
4332
4448
4344
3861
4134
3864
4433
4150
4352
4233
3983
4081
3899
4143
4010
4095
3651
4112
3755
4148
3863
3929
3997
4075
4011
4070
4316
4090
4099
4324
4392
4103
4151
4177
4455
4008
4022
4328
4048
4200
4231
4383
4074
3842
3893
4130
4209
4169
3886
3949
4550
4255
3998
3951
4067
4174
4009
4349
3959
4674
3966
4225
4205
4253
4238
4208
4580
3959
4120
3999
4103
4337
3871
4266
3894
3846
3939
4017
4296
4020
4263
4406
3908
4076
4028
3716
4005
4103
4081
3546
4027
3645
3744
4182
4066
4107
4046
4161
3547
4146
4089
3856
4455
4289
3979
4079
4276
4024
4193
4459
3941
3978
4053
4463
4400
4199
4127
3727
3712
4052
4013
4009
3652
4060
3737
3902
3910
4271
4377
4158
4127
4215
4002
3670
4143
3946
3759
3818
4332
4202
3949
4320
4092
4418
3920
3967
3929
3948
4019
4010
3737
4279
3907
4022
3914
4158
4342
3922
4039
4153
4381
3990
4049
4113
3959
3521
3737
4222
3931
4090
3925
3914
3994
3770
3914
3939
4080
4196
4444
4143
3951
4543
3963
3422
3926
3962
3662
3935
3751
4235
3341
4103
4268
4198
3921
4529
3725
4356
4209
3792
4245
4266
4054
3657
4017
3701
4119
3888
4199
4259
3795
3480
3730
3848
3710
3891
3467
3840
3850
4018
3765
3882
3921
3817
3816
3994
4080
3629
3916
4130
4112
3918
4177
4046
4088
3930
4056
4217
3735
4069
4121
4014
3719
3735
3892
3897
4065
3938
3776
3925
4371
4113
3936
4004
4015
4186
3959
4176
3964
4587
3871
4281
4091
4072
4014
4101
4086
3930
3535
3665
3864
4248
3852
4191
3868
3657
3869
3889
4026
4138
4232
4243
4009
4013
3792
3655
3985
3896
4327
3569
4022
3766
3960
4051
4146
4096
4062
4154
3537
4400
4081
3740
4255
4166
4273
4187
4287
4057
4049
4358
4069
3917
4014
4265
4167
3960
4182
3690
3789
4218
3913
4243
3809
3937
4007
3813
4023
4090
4172
4178
3998
3978
3710
4000
3900
3847
3675
3874
4092
3939
3931
3922
4057
4280
3849
3881
3892
4078
3979
4175
3989
4144
3992
4201
3824
3998
4102
4004
3974
4198
4102
4182
4101
4140
4019
3706
3918
3945
3774
4091
3860
3940
4039
3801
3750
3942
3903
3981
4494
4207
4293
4290
3942
3597
4224
3979
3867
3879
3955
4325
3266
4039
4244
4156
3901
4338
3689
4091
4135
3682
4094
4206
4110
3666
3851
3702
4028
3672
4133
4058
3863
3457
3792
4007
3933
3821
3434
4046
3815
3818
3894
3524
3809
4092
3671
3865
4218
3845
3943
4099
3903
4079
4049
4114
4165
3828
3887
4170
3896
4053
3925
4143
3882
3869
3922
3804
4116
3943
3820
3898
4235
3935
3943
3990
4098
4309
3951
4095
4308
4446
3925
4272
4260
3889
3994
3959
4108
3974
3945
3706
4113
4154
3763
4184
3988
3672
3843
3831
4152
3932
4237
4172
4066
3950
4056
3629
3682
3930
3937
3512
3785
3772
3774
4301
3915
3956
4104
4114
3514
4163
3916
3793
4276
4292
4204
4019
4101
3923
4090
4489
3782
3972
3608
3898
4137
3744
4254
3481
3750
3876
3830
4034
3824
3717
3787
3948
4068
4100
3924
4123
3838
4035
3624
3936
3998
4099
3507
4008
4029
3899
3754
3980
4000
4366
4020
3960
3710
3921
4010
3915
3723
3804
3940
4028
3778
4045
4137
4159
3844
4330
3935
4035
3865
4026
3994
3604
3764
3924
3733
4013
3887
3869
3996
3742
3823
4103
4028
3870
4159
4173
4449
4311
4067
3611
4128
3901
3748
4098
4119
4055
3585
3871
4217
4071
3869
4090
4035
4285
4232
3856
3902
4051
3735
3907
3828
3847
4029
3787
4026
4149
3750
3607
3933
4015
3980
3881
3586
3948
3741
3890
3983
3603
3993
3930
3620
3593
4178
3860
3876
3874
4008
4040
3911
3832
4025
3990
3976
4260
3519
4027
4079
3930
3876
3739
3901
3603
4022
3969
3570
3852
4058
3984
3847
3965
3714
4290
3869
4081
3916
4431
3787
4220
4093
3807
4074
3870
3874
3820
3926
3509
3912
4179
3756
4098
3727
3921
3633
3753
4068
3769
4006
4076
3845
3688
3753
3650
3532
3820
3699
3377
3761
3716
3553
4060
3840
3742
3786
3932
3122
4043
3740
3622
4224
4018
4107
3799
4038
3659
3991
4271
3745
3795
3720
3875
4000
3834
3986
3767
3494
3823
3515
3882
3621
3643
3756
3845
3651
4030
3869
3778
3791
4118
3846
3722
3759
3824
3377
3679
3679
3822
3835
4051
3659
4220
3787
3642
3601
3863
3719
3869
3839
3796
3645
3867
3544
3725
4101
3767
3753
4259
3819
3806
3829
4003
3887
3584
3724
3543
3600
3707
3811
3694
3905
3652
3921
3594
3840
3646
4256
3946
3809
4023
3642
3262
3742
3828
3262
3887
3573
3861
3181
3748
3950
3733
3588
3807
3730
3821
3967
3655
3846
3962
3755
3436
3589
3648
3898
3732
3858
3802
3552
3289
3600
3772
3785
3503
3560
3737
3505
3812
3675
3663
3805
3654
3349
3655
4031
3399
3549
3987
4052
3854
3537
3823
3971
3714
3824
3898
3889
3567
3891
3806
3636
3499
3574
3355
3802
4039
3594
3622
4115
3870
3458
3691
3817
3938
3724
4061
3582
4257
3719
3944
4056
3798
3993
4012
3943
3593
3572
3556
3566
3834
3675
3925
3634
3415
3526
3651
4659
4606
4534
4744
4478
4261
4505
3899
4406
4302
4471
4034
4257
4146
4085
4633
4551
4461
4390
4501
4011
4704
4572
4209
4921
4712
4527
4421
4672
4363
4361
4736
4315
4388
4091
4641
4505
4587
4609
4507
4003
4562
4250
4583
4184
4319
4486
4385
4350
4411
4544
4344
4394
4627
4320
4089
4398
4544
4074
4271
4649
4424
4594
4645
4534
4989
4432
4416
4115
4573
4567
4468
4055
4565
4346
4288
4444
4523
4635
4309
4438
4664
4563
4240
4149
4378
4390
3908
4144
4412
4251
4554
4274
4306
4447
4288
4292
4281
4204
4208
4843
4488
4589
4732
4456
3991
4553
4470
4153
4356
4212
4625
3841
4353
4523
4592
4321
4865
4264
4762
4754
4396
4618
4654
4667
4203
4382
4336
4607
4141
4576
4551
4212
4064
4220
4420
4483
4196
3980
4260
4069
4287
4411
4420
4259
4354
3935
4125
4592
4058
4373
4616
4575
4249
4294
4753
4480
4440
4392
4532
4391
4355
4445
4553
4150
3985
4353
4140
4478
4448
3985
4408
4730
4545
4041
4414
4394
4643
4325
4524
4611
5092
4216
4600
4449
4401
4420
4565
4560
4410
4410
4170
4336
4569
4218
4774
4214
3996
3895
4288
4007
4008
4043
4204
4052
3773
4073
3651
3638
3990
4124
3503
3697
3458
3724
4083
3869
3911
3924
3838
3492
4029
3789
3795
4297
4026
4114
3906
4245
3986
4011
4242
3678
4028
3665
3994
4023
3833
4086
3677
3692
3839
3820
3837
3963
3894
3522
3895
3978
3881
3901
3971
3980
4099
3730
3812
3762
3842
3596
3925
3981
4042
3877
4177
3956
4511
3731
3863
3642
3818
3968
3938
3717
3848
3707
3952
3676
3901
4062
3997
3713
4142
3798
3894
3677
4161
4010
3416
3593
3755
3738
3676
3909
3699
3884
3834
3713
3818
3816
3715
4097
3888
4016
4341
4065
3488
3858
3970
3861
3896
3865
3973
3300
3775
4037
4084
3502
4040
3727
4137
3942
3894
3761
4286
3894
3830
3735
3888
3983
3484
3988
4004
3591
3507
3697
3946
3632
3849
3525
3774
3688
3812
3722
3621
3773
4082
3605
3732
3965
3712
3874
4041
3825
3902
3839
4146
3817
3930
4046
3952
3687
3604
4039
4026
3942
3538
3750
3746
3817
3950
3746
4032
4178
4103
3726
3911
3846
3953
3703
4124
3940
4428
3725
3843
4230
3855
3970
3894
4083
3732
3914
3608
3608
4187
3758
4123
3820
3538
3581
3477
tempo: 31