200 200
3899
3772
3936
4102
4047
3907
3780
3524
3844
3862
3773
3447
3670
3806
3572
3832
3654
3944
3819
3824
3248
3994
3773
3536
4150
3911
4010
3926
4142
3569
3918
4242
3974
3804
3624
4070
4080
3564
3939
3554
3466
3744
3441
3745
3576
3758
3773
3667
3810
3842
3978
3758
3943
3948
3614
3751
3957
3806
3317
3503
3881
3816
3912
3925
3769
4208
3738
3638
3610
3860
3581
3623
3806
3741
3872
3746
3581
4070
3960
3812
3747
4073
3993
4003
4027
3848
3849
3502
3719
3662
3674
4012
3706
3633
3822
3781
3702
3670
3869
3799
4039
3859
3962
4096
3702
3247
3638
3948
3764
3635
3764
3958
3125
3628
3931
3795
3462
4216
3725
4221
4187
3464
3877
4005
3831
3546
3671
3642
4032
3606
4193
3901
3759
3426
3650
3733
3818
3526
3508
3778
3442
4000
3667
3769
3741
3967
3547
3822
3948
3872
3793
3790
4027
3916
3680
3758
3937
3454
3492
4052
3626
3894
3711
3813
3843
3562
3655
3830
3911
3724
3463
3672
3885
3939
3846
3757
3832
3854
3777
3941
3944
4315
3784
3978
3895
3859
3810
3798
4166
3918
3672
3857
3688
4175
3778
4052
3692
3686
3556
3882
4278
4119
4354
4562
4468
4186
4253
3792
4183
4026
4257
3487
4171
3876
3698
4328
4244
3989
4163
4230
3665
4360
4214
3818
4635
4305
4210
4138
4347
3974
4074
4506
3984
3868
3917
4294
4306
4156
4490
4030
3893
4191
4114
4219
3883
4042
3901
4103
4011
4087
4361
4165
4188
4318
4287
3816
4226
4168
3886
4098
4200
4290
4316
4430
4141
4616
3872
4139
3934
4064
4278
3947
3759
4048
3999
3933
3835
4275
4408
4113
4014
4434
4219
4279
4329
4161
4169
3539
3948
3942
4090
4228
4155
4033
4305
3773
4130
4119
4011
4178
4343
4279
4450
4544
4237
3863
4219
4092
3744
4137
4003
4468
3586
4110
4578
4244
3934
4375
3943
4422
4149
4085
4318
4326
4206
3969
4152
4053
4117
4099
4262
4340
3892
3718
3963
3951
3997
3904
3582
4056
3931
4093
4047
4056
3944
4343
4059
3940
4125
3895
4021
4266
4073
4026
3994
4248
4132
3907
3932
4370
3854
4368
4102
4108
3848
3761
3778
4103
4080
4015
3805
3905
4474
4325
4063
3978
3939
4269
4115
4231
4117
4649
4078
4367
4293
3941
4059
3977
4038
3962
3974
4023
4149
4087
3792
4255
3918
3889
3787
3909
4182
4067
4275
4533
4187
4194
4342
3753
3895
4062
4188
3576
4039
3968
3761
4142
4016
3945
4097
4025
3528
4222
4214
3679
4562
4192
4105
4161
4289
4142
4269
4417
3936
3954
3752
4234
4431
3911
4382
3799
3846
4283
3985
4088
3765
3794
3892
4024
4069
4299
4176
4047
3971
4089
3903
3828
4092
3909
3613
3875
4177
4052
4082
4151
4193
4392
4037
4008
3916
4348
4075
3907
3853
4147
3932
4059
3829
3816
4284
3971
4015
4281
4339
4266
3965
4061
3887
3501
3896
4008
3942
3980
4037
3977
4168
3944
4009
4136
3948
4180
4427
4049
4401
4375
3941
3567
4105
4049
3710
3779
3937
4100
3268
3905
4368
4130
4203
4324
4079
4281
4559
4043
4222
4290
4110
3904
3940
3834
4107
3947
4074
4153
3844
3540
3951
3902
4099
4010
3584
4112
3662
3739
3929
3901
3904
3873
3879
3830
4300
3886
3960
4258
4277
3912
3998
3936
4315
3957
3984
4074
3976
4102
3957
4120
3834
3642
3761
3998
4039
4087
3880
3850
4240
4051
3994
3984
3980
4234
4040
4215
3922
4631
3929
4258
4093
3870
3977
4184
4272
4054
3846
3957
3910
4217
3782
4312
3668
3902
3636
4006
4526
4011
4377
4463
4262
4108
4254
3715
3988
4137
4343
3731
4147
3972
3863
4395
4131
3999
4422
4236
3703
4207
4310
3968
4696
4475
4321
4391
4344
3973
4121
4577
4094
4125
4051
4344
4454
4403
4223
4008
3918
4335
4056
4385
3683
3854
3958
3764
4077
4414
4393
4255
4140
4229
4067
3994
4340
4167
3861
4182
4311
4071
4341
4204
4419
4758
4135
4018
3935
4111
4318
3886
3990
4062
3934
4025
3788
4393
4382
4196
4085
4691
4347
4411
4092
4339
4266
3992
3764
4207
4158
4166
4322
4174
4384
4206
3966
4228
4035
4472
4754
4219
4430
4631
4094
3809
4030
4292
3907
4208
3992
4505
3513
4112
4488
4384
4190
4374
4082
4632
4448
4038
4427
4425
4257
4088
4014
3794
4436
3816
4123
4230
3963
3784
4227
4054
4103
4103
3542
4169
3885
4094
4115
3893
4060
4318
3835
4153
4337
3957
3952
4358
4230
4145
3981
4280
4389
4000
4283
4385
3877
4310
4095
4118
3915
3800
3995
3940
4242
4056
3728
3884
4345
4242
4187
3959
4024
4563
3968
4444
4229
4673
3883
4333
4146
3967
4316
4097
4356
4284
3996
3972
4259
4403
3919
4264
4077
3719
3896
4036
4313
4129
4387
4478
4324
4252
4145
3546
3960
4198
4068
3875
3928
3900
3914
4088
4062
4297
4010
3953
3726
4370
3889
3595
4490
4289
4256
4036
3971
4039
3955
4445
3984
4107
3943
4125
4393
4034
4226
3403
3667
4049
3900
4340
3630
3686
3993
3732
3955
4213
3977
4163
4066
4461
3936
3851
3977
3962
3790
4085
4215
3931
4185
4133
3992
4444
4222
3922
3867
4147
3886
3898
3942
4110
3790
4062
3629
4249
4189
4031
4182
4376
4130
4215
4102
4021
4228
3750
3940
4032
4021
3916
4006
4118
4236
3893
4059
3988
4019
3994
4392
4257
4046
4368
3937
3432
3989
4146
3997
3978
4038
4134
3546
3953
4465
4154
3774
4341
3859
4272
4201
3936
4145
4226
4131
3749
4006
3723
4252
3821
4067
4005
3867
3680
4010
3952
4101
4033
3660
4062
3853
3987
3890
3970
3943
4052
3666
3834
4184
3834
3922
4119
4284
3848
4071
4078
4236
3670
4143
4150
3808
3994
3912
4075
3888
3781
4025
3957
4151
3994
3741
3850
4207
4261
3979
3862
3943
4321
4292
4161
3859
4437
3961
4211
3891
3956
4160
3833
4189
4215
4146
3867
3964
4180
3687
4074
3934
3798
3826
3934
4342
3827
4207
4427
4223
4149
4099
3732
3808
4100
4124
3891
3854
3911
3816
4275
4055
4011
3934
3844
3274
4163
3939
3898
4450
4279
4077
4181
4334
3808
3989
4518
3596
4002
4021
4092
4088
3994
4114
3889
3754
4323
4018
4171
3803
3841
3918
3913
3930
3993
4238
4011
4169
4067
3977
4029
3822
3993
3680
3993
4155
4133
3806
4409
4206
4458
3951
4012
3924
4005
3765
4046
3971
3924
3970
4096
3904
3914
4236
4000
4068
4230
4363
4110
3849
4127
4010
4049
3911
4100
3848
3950
4015
3874
4068
3971
4220
4047
3968
4137
4380
4053
4241
4197
4056
3710
4093
4039
3748
4158
3994
4324
3357
4078
4264
4182
3833
4064
3821
4339
4498
3949
4297
4411
4145
3707
4014
4084
4196
3782
4276
4402
3660
3546
3964
3964
4151
3969
3647
4132
3658
4052
3642
3814
4191
3839
4013
3761
4136
3859
4144
4121
4110
4205
4045
4205
4123
3890
3871
4233
4052
4021
4035
4029
3992
4066
3960
3611
3946
4126
3704
3769
4259
4119
3802
4183
3975
4257
3918
4278
3887
4606
3896
4220
4125
3921
4241
4059
4237
3826
3916
3944
4091
4048
3905
4385
3840
3998
3773
3917
3852
3658
3967
4050
3729
3785
3848
3381
3735
3593
3930
3272
3614
3556
3626
4254
3886
3697
3769
3835
3219
3859
3773
3744
4021
3957
3938
3612
3925
3786
3915
4254
3597
3629
3694
3965
3845
3925
3825
3557
3564
4105
3594
3806
3481
3715
3679
3552
3956
3763
3708
3757
3813
3828
3777
3544
3702
3820
3462
3704
4060
3694
3892
4013
3845
3952
3636
3574
3485
3693
3916
3819
3394
3702
3722
3760
3667
3773
3982
3801
3572
4111
3715
3703
3565
3896
3845
3444
3411
3741
3702
3748
3673
3838
3541
3473
3575
3792
3839
4104
3967
3745
3822
3786
3743
3376
3985
4065
3283
3653
3762
3858
3259
3503
4011
3959
3786
4136
3691
3868
4091
3418
3998
3883
3762
3591
3688
3445
4002
3498
3908
3755
3731
3424
3612
3462
3706
3704
3505
3682
3515
3660
3483
3383
3785
3659
3398
3684
4019
3638
3533
3995
3950
3845
3684
3801
3890
3431
3853
3948
3327
3707
3652
3681
3363
3341
3733
3661
3729
3703
3598
3697
3983
3911
3653
3731
3643
3901
3520
3620
3859
4074
3554
3911
3773
3775
3856
3984
3966
3789
3560
3461
3837
4192
3307
3881
3543
3494
3488
3743
3738
3956
3969
4184
3977
3810
3856
3396
3749
3761
3916
3568
3722
3674
3733
4022
3808
3873
3871
4223
3478
3954
3946
3899
4117
4089
4048
3956
4088
3914
3878
4165
3773
3778
3673
3874
3833
4164
4020
3491
3455
4164
3532
3849
3521
3905
3842
3829
3992
4008
3948
3834
3855
3977
3780
3668
3837
3827
3710
3877
3934
3741
4026
4108
3900
4322
3802
3918
3692
3776
3853
3803
3796
3719
3839
3925
3596
3934
4056
3799
3730
3948
4038
3785
3684
3965
3924
3551
3559
3826
3676
3817
3879
3885
3945
3794
3756
3973
3895
3884
4115
3915
4047
4035
3807
3567
3692
3699
3510
3704
3850
4139
3401
3799
4076
4097
3930
4295
3604
4216
4266
3732
3868
4079
4074
3722
3961
3554
4057
3804
3912
3908
3736
3351
3526
3793
3671
3689
3325
3709
3554
3541
3857
3793
3865
3661
3689
3937
4116
3576
3724
4118
3893
3898
3622
4053
3969
3514
3975
3909
3644
3681
3598
3751
3568
3655
3701
3725
3694
4072
3603
3738
4123
3889
3742
3862
3898
3861
3738
3805
3532
4389
3651
3971
3897
3887
3954
3891
3962
3759
3852
3760
3726
3892
3714
3835
3536
3802
3534
3810
4717
4607
4459
4718
4524
4257
4621
4248
4363
4222
4692
4087
4397
4312
4395
4604
4445
4561
4379
4505
4107
4675
4397
4482
4837
4828
4531
4414
4725
4115
4687
5016
4194
4486
4259
4513
4698
4792
4548
4215
4107
4580
4184
4719
4158
4416
4184
4226
4230
4233
4713
4661
4538
4200
4216
4568
4417
4415
4177
4420
4752
4396
4548
4609
4571
5128
4633
4431
4239
4354
4484
4569
4249
4453
4274
4323
4259
4334
4723
4226
4503
5082
4622
4672
4312
4510
4444
4207
4125
4173
4342
4460
4243
4417
4237
4392
4560
4531
4464
4243
4848
4211
4616
4935
4200
4063
4228
4581
3846
4448
4310
4528
3728
4112
4870
4728
4103
4695
4010
4565
4633
4394
4625
4618
4884
4493
4501
4018
4513
4273
4785
4356
4192
3904
4352
4347
4297
4395
3943
4482
4401
4321
4113
4258
4260
4109
4147
4312
4775
3963
4272
4721
4548
4432
4186
4596
4765
4369
4295
4585
4420
4417
4518
4318
4280
4170
4166
4229
4415
4505
3976
4492
4925
4674
4100
4227
4233
4690
4357
4496
4298
4676
4318
4515
4696
4284
4485
4398
4571
4428
4165
4248
4486
4535
4272
4454
4270
4188
4458
4304
4579
4236
4474
4709
4676
4548
4606
3931
4402
4391
4326
3907
4332
4084
4057
4562
4214
4347
4417
4451
3736
4820
4209
4085
4598
4656
4544
4408
4490
4270
4783
4775
4069
4332
4026
4547
4445
4504
4410
3934
4047
4406
4150
4541
3825
4215
4260
4110
4153
4584
4624
4569
4127
4608
4070
4370
4264
4421
4076
4071
4596
4181
4535
4545
4364
4639
4359
4212
4082
4476
4260
4399
4124
4357
4127
4259
4102
4286
4622
4172
4348
4747
4407
4573
4194
4408
4379
3942
3984
4072
4176
4613
4190
4255
4460
4131
4330
4444
4436
4374
4664
4395
4287
4696
4155
3888
4256
4371
4164
3979
4343
4526
3902
3993
4600
4372
4282
4604
4090
4272
4437
4176
4433
4552
4383
4095
4402
4001
4484
4111
4421
4238
4037
3925
4160
4346
4213
4226
3999
4256
4104
4192
4321
4232
4327
4035
4056
4360
4459
3883
3986
4664
4696
4245
4329
4218
4578
4065
4303
4487
4103
4412
4272
4150
4072
3890
4224
4085
4284
4632
4027
4081
4582
4396
4221
4325
4267
4481
4330
4311
3987
4743
4213
4319
4363
4080
4393
4405
4515
4047
4268
3986
4283
4497
4030
4499
3744
4121
4093
3970
4316
3914
4200
4281
4095
3967
4063
3731
3872
3755
4184
3668
3881
3717
3858
4271
3956
3844
4175
4011
3604
4278
3863
3903
4504
4378
4203
4028
4340
3892
4114
4510
3605
4085
3705
4152
4179
4305
4251
3856
3855
3924
3922
4245
3714
3922
4068
3907
4065
3799
4230
3981
4135
4188
3847
3957
3709
3944
3736
3986
4097
3935
4003
4287
3977
4405
3995
4104
3916
4055
3885
4002
3767
3726
3923
3988
3774
4104
4212
3899
4123
4082
3920
4042
3881
4035
4053
3494
3764
3956
3772
3835
3895
3919
3800
3985
3990
4100
4001
3932
4355
4255
4076
4114
3961
3794
4150
4065
3886
4150
3814
4111
3442
3916
4168
4272
3838
4230
3959
4317
4284
3962
4166
4229
4220
3824
3844
3848
4081
3891
4200
4188
3888
3697
3901
3885
4072
3700
3480
3970
3606
3989
3807
3645
3977
3870
3824
3856
4264
3732
4069
4137
4033
4199
4075
4128
4154
3750
4108
4139
3880
3873
3966
4108
3942
3691
3783
3854
4052
3845
3730
3916
4277
4117
3688
3827
3771
4115
3679
4318
4044
4564
3932
3913
4277
3893
4156
4034
4306
3855
3950
3801
3901
4093
3894
4148
3655
3682
3792
3770
4271
4065
4378
4477
4412
4236
4302
3783
4094
4146
4266
3708
3889
4084
3849
4507
4169
4535
4148
4052
3358
4401
4018
4104
4512
4522
4329
4195
4334
3956
4185
4576
4094
4233
4084
4220
4211
4192
4184
3827
3978
4320
3905
4373
4031
4047
4036
4027
4015
4149
4302
4384
4312
4285
4224
3792
4223
4166
3917
4221
4350
4356
4232
4442
4140
4681
4248
4136
3943
4047
4278
4071
4120
4042
4139
4196
3955
4255
4274
4140
4118
4403
4264
4289
4142
4182
4268
3830
4117
4305
4039
4116
4122
4139
4242
4192
4031
4220
4332
4030
4379
4298
4403
4650
4270
3781
4122
4072
3691
4084
4029
4451
3752
4183
4517
4262
3789
4485
4016
4352
4299
4112
4531
4351
4332
4006
4079
3960
4415
4094
4347
4428
3905
3724
4110
3892
4068
3883
3874
4116
4064
4060
4104
4023
4395
4164
4133
4166
4380
3698
4178
4342
4259
4358
3971
4421
4265
3853
3939
4497
3945
4120
4170
4183
4084
3857
4094
3893
4259
4323
3739
4137
4534
4634
4018
4263
3998
4219
3984
4232
4081
4696
3954
4551
4305
4085
4248
4136
4110
4036
3917
3947
4070
4242
3813
4298
4040
4083
3848
4165
3792
3736
3799
4015
3846
3684
3613
3408
3640
3616
3679
3323
3536
3443
3431
3667
3806
3694
3648
3728
3237
4067
3762
3704
3946
3913
3916
3615
3968
3481
3804
3926
3500
3518
3461
3877
3981
3794
3849
3464
3366
3901
3614
3726
3388
3644
3600
3600
3559
3797
3855
3752
3714
3728
3516
3707
3518
3925
3254
3472
3927
3728
3786
3781
3724
4052
3451
3728
3451
3725
3637
3748
3661
3755
3499
3661
3672
3766
3793
3500
3668
4005
3696
3860
3726
3928
3436
3426
3417
3669
3693
3723
3556
3417
3522
3482
3807
3788
3737
3736
3991
3763
3932
3958
3644
3472
3729
3620
3459
3611
3697
4031
3221
3764
4031
3765
3672
3986
3439
4008
3799
3458
3978
3746
3746
3408
3759
3488
3808
3384
3753
3669
3505
3492
3471
3615
3551
3719
3150
3530
3391
3635
3557
3447
3563
3689
3359
3497
4013
3504
3575
3737
3923
3885
3758
3694
3807
3589
3723
3970
3711
3510
3704
3731
3548
3507
3572
3494
3649
3776
3381
3578
3824
3758
3551
3555
3642
3883
3722
3687
3710
4287
3568
3905
3780
3564
3777
3738
4047
3526
3595
3503
3746
3848
3347
3799
3560
3636
3489
3423
4495
4054
4416
4500
4265
4423
4423
3984
4108
4112
4322
3755
3990
3945
4047
4445
4169
4055
4324
4194
3708
4337
4453
3878
4564
4497
4437
4238
4546
3963
4274
4579
3974
4021
4039
4542
4369
4218
4293
4042
3845
4347
3913
4330
3666
4212
4004
4130
4218
4324
4491
4163
4226
4338
4046
4153
4265
4262
3651
4056
4454
4299
4213
4567
4171
4596
4080
4173
3827
4270
4304
4256
4043
4377
4366
4212
4216
4338
4475
4243
4256
4439
4605
4348
4063
4455
4211
3568
3874
4266
4164
4366
4155
3970
4252
4177
4002
4281
3985
4217
4508
4039
4487
4573
4126
3595
4396
4243
3914
4266
4055
4433
3445
4323
4349
4453
4005
4602
4364
4693
4554
3850
4484
4649
4490
3981
3925
3874
4201
3973
4343
4711
4092
3715
4008
4140
4126
4022
3699
3907
3664
4066
4176
4051
3993
4157
3948
3956
4284
4045
4192
4234
4263
4290
4134
4342
4350
3959
4000
4318
3789
4304
4485
4217
4135
4016
4133
4003
4311
4198
4042
4168
4514
4242
4024
4045
4047
4334
3927
4323
4144
4779
3956
4412
4069
4192
4370
4206
4350
4268
4030
4164
4312
4476
4035
4512
4096
4118
3861
4354
4428
4364
4711
4537
4438
4192
4173
3897
4365
4094
4587
3903
4478
4047
4076
4164
4144
4442
4298
4418
3810
4368
4165
4004
4739
4521
4492
3987
4622
4128
4204
4873
4121
4285
3965
4543
4386
4434
4698
4066
3684
4320
4102
4444
3859
4078
4088
3960
4169
4318
4403
4127
4401
4264
3994
4172
4190
4256
3824
3978
4373
4398
4417
4634
4339
4683
4349
4166
4093
4278
4346
4280
4349
4417
4254
4308
4004
4309
4616
4227
4176
4515
4386
4402
4305
4037
4280
3911
4090
4278
4047
4139
4064
4032
4329
4342
4295
4290
4301
4286
4642
4158
4259
4707
4135
3778
4049
4344
3968
4170
4218
4495
3732
4246
4552
4223
3840
4491
3988
4666
4438
3818
4457
4496
4453
4030
4121
3762
4376
4101
4384
4307
4151
3708
4055
4209
4191
4244
3863
4311
4153
4158
3943
4214
4220
4127
3890
4029
4327
3969
4380
4559
4410
4227
3991
4435
4239
4189
4389
4494
4177
4259
4290
4199
3972
3919
4251
4113
4318
4252
3952
4310
4555
4653
4113
4179
4071
4495
4350
4365
4188
4642
3961
4375
4341
4041
4197
4008
4721
4447
4057
4104
4334
4442
3844
4501
4170
4007
4217
4245
4555
4304
4558
4483
4379
4321
4319
4005
4478
4236
4324
3963
4304
4164
4133
4362
4265
4293
4507
4238
3939
4542
4198
4066
4772
4431
4604
4303
4450
3971
4403
4760
4019
4539
3933
4444
4512
4445
4359
4182
4196
4281
3886
4548
3993
4283
4164
4228
4252
4346
4485
4464
4319
4395
4193
4136
4339
4485
3946
4388
4513
4262
4468
4697
4366
4719
4154
4190
4262
4233
4481
4243
4273
4372
4071
4270
4291
4110
4497
4389
4290
4718
4663
4337
4402
4231
4464
3924
4271
4338
4164
4365
4313
4081
4199
4117
4336
4258
4329
4158
4688
4354
4654
4935
4406
3760
4260
4223
3980
4304
4200
4716
3798
4337
4685
4440
4203
4695
4106
4414
4710
4003
4370
4488
4477
4058
4484
4107
4458
4277
4317
4422
4133
3992
4131
4267
4000
4024
3869
4475
4071
4129
4063
4156
4134
4106
3924
4347
4462
4070
4222
4641
4483
4140
4119
4491
4258
4241
4169
4691
4179
4180
4179
4254
3950
4072
4287
4208
4336
4313
4027
4259
4535
4537
4191
4111
4228
4488
4157
4360
4205
4795
3972
4528
4406
4235
4415
4421
4491
4356
4223
3760
4132
4612
3906
4468
4192
3857
4136
3950
3969
3853
3880
4102
3694
3784
3725
3412
3730
3570
3613
3198
3434
3478
3439
3796
3615
3624
3901
3734
3065
3921
3495
3671
3927
4052
3881
3677
3907
3828
3863
4018
3772
3686
3682
3945
3902
3586
3769
3461
3377
3843
3601
3654
3621
3607
3467
3608
3554
3935
3709
3718
3687
3855
3592
3659
3666
3613
3404
3523
3656
3892
3719
3945
3701
4159
3887
3557
3516
3786
3717
3788
3586
3582
3542
3584
3564
3691
3889
3504
3720
4148
3720
3748
3632
3908
3668
3259
3523
3591
3644
3798
3670
3656
3872
3508
3753
3658
3678
3784
4032
3790
3969
3921
3848
3256
3504
3641
3486
3577
3793
3888
3159
3650
3820
3759
3499
4047
3591
4041
3996
3442
3893
3669
3664
3539
3721
3420
3935
3606
3938
3521
3661
3417
3503
3583
3827
3531
3158
3428
3398
3824
3606
3469
3674
3377
3383
3421
3777
3489
3596
3864
4047
3802
3452
3877
3704
3558
3846
3928
3547
3444
3786
3586
3461
3368
3643
3343
3495
3697
3210
3579
3725
4132
3507
3763
3694
3821
3676
3799
3713
3904
3691
3503
3680
3660
3757
3556
3802
3461
3372
3502
3612
3913
3467
3903
3431
3272
3319
3616
4286
4156
4438
4339
4207
4068
4224
3512
4056
4371
4105
3656
3784
3892
3801
4100
4135
4032
4067
4163
3578
4200
3914
4172
4469
4171
4391
4184
4257
3930
4348
4478
3913
4225
3973
4274
4191
4175
4070
4026
3818
4437
3775
4140
3900
3724
4046
3805
4096
4201
4274
4281
4096
4022
3939
4065
4202
4350
3773
4057
4288
4031
4142
4359
4450
4655
3945
3994
3673
4150
4227
4115
3889
3964
3809
3932
4089
4070
4300
4150
3977
4405
4122
4147
3823
4256
4040
3672
3779
3945
3957
4410
3939
3869
3890
4174
4024
3859
4056
4175
4170
4195
4131
4323
3829
3522
4301
4312
3900
3975
4100
4239
3628
3971
4061
4545
3908
4378
3769
4248
4294
4098
4227
4387
4100
3797
4027
3797
4184
3947
4171
4080
3751
3549
4005
4015
4028
3990
3739
4058
3654
4027
3968
4131
4088
4043
3846
3752
4161
3809
3896
4264
4309
3988
3725
4432
4147
3675
4131
4216
3982
3770
4063
4218
4065
3931
3862
3895
4106
4242
3693
4005
4274
4139
3924
4124
4068
4195
3944
4014
4029
4510
4060
4340
4067
3860
4166
3992
4220
4019
3939
3594
4121
4199
3872
4353
3991
4048
3794
3954
4312
4147
4534
4731
4340
4366
4397
4151
4081
4390
4310
3758
4134
4096
3940
4526
4207
4246
4354
4329
3692
4380
4263
3933
4662
4382
4211
4147
4447
4305
4388
4645
4007
4269
4020
4456
4478
4064
4446
3871
3899
4165
4042
4366
3953
4083
4354
4255
4142
4275
4505
4123
4254
4559
4279
4098
4271
4253
3849
4035
4349
4278
4030
4438
4307
4652
4171
4082
3928
4245
4208
4212
4208
4537
4100
4213
3899
4579
4488
4296
4272
4542
4331
4658
4212
4382
4296
3942
3962
4183
4135
4061
4518
4180
4379
3849
4407
4048
4410
4219
4605
4322
4301
4567
4222
3785
4219
4165
4043
4130
4110
4354
3563
4186
4613
4261
4099
4501
3997
4448
4533
4065
4503
4485
4148
4032
4028
4012
4469
4021
4364
4353
4208
3920
4003
4059
4202
4141
3729
4314
4107
4249
4138
4023
4296
4238
4150
4154
4442
4017
4176
4336
4574
4174
4089
4358
4379
3969
4176
4552
4173
4322
4267
4241
3839
3840
4000
4015
4336
3964
3917
4030
4577
4521
4108
4109
4220
4447
4214
4373
4153
4767
4137
4459
4342
4184
4336
4231
4453
4188
3914
4016
4034
4333
3968
4474
4270
4060
3985
4082
4390
4319
4261
4589
4445
4318
4295
3894
3990
4174
4437
3819
4022
3920
3984
4588
4147
4282
4416
4355
3638
4315
4295
3887
4801
4474
4373
4154
4392
4102
4385
4572
4239
4259
4242
4486
4307
4296
4397
4238
4248
4453
4265
4323
3812
4115
4071
4161
4183
4306
4418
4154
4293
4256
4070
4188
4334
4220
3992
4302
4536
4211
4121
4206
4101
4874
4065
4112
4189
4158
4210
4391
4056
4265
4208
3980
4070
4186
4312
4127
4076
4584
4424
4220
4256
4399
4157
3952
4226
4199
4068
4427
4023
4166
4381
4359
4013
4298
4484
4200
4818
4307
4578
4536
4010
3584
4040
4369
4150
4273
4216
4719
3560
3987
4438
4363
4241
4845
4027
4454
4617
4190
4725
4531
4293
4000
4087
3962
4418
4112
4402
4201
4197
3627
3942
4077
4168
3964
3799
4137
3946
4208
4077
3851
4186
4215
3996
3807
4304
4041
4405
4485
4210
4191
4066
4285
4360
4110
4015
4307
3960
4236
4275
4227
4202
3750
4255
4053
4191
4136
3965
4085
4478
4364
4116
4461
4305
4478
4114
4446
4475
4591
4120
4451
4298
4227
4419
4086
4167
4169
4201
3971
4317
4452
4146
4464
3977
3767
3989
3958
4501
4129
4474
4471
4363
4102
4434
3732
4082
3972
4375
3820
4190
3906
4055
4502
4156
4364
4382
4114
3788
4464
4205
4201
4752
4615
4535
4296
4430
4049
4322
4626
4378
4220
4098
4531
4425
4319
4491
4013
3970
4442
4097
4399
4149
3937
4009
4058
4292
4197
4373
4309
4345
4423
3860
3938
4126
4196
3836
4345
4243
4364
4032
4442
4302
4674
4203
4407
4040
4186
4528
4087
3985
4147
4136
4192
3897
4174
4395
4157
4153
4389
4508
4181
4406
4279
4177
3898
3854
4321
4103
4372
4363
3942
4399
4135
4123
4130
4320
4181
4637
4502
4530
4661
4095
3583
4144
4247
3989
4279
4350
4549
3417
4238
4632
4522
4244
4506
4149
4681
4519
4030
4434
4533
4432
4081
4105
4032
4327
4103
4534
4377
3947
3707
4079
4204
4361
3964
3856
4038
3914
4245
4321
4067
4125
4241
3992
4082
4269
4017
4213
4408
4453
4363
4142
4531
4448
4016
4063
4559
4159
4163
4264
4298
4081
3974
4223
4067
4306
4332
3730
4079
4551
4530
3882
4119
4311
4521
4021
4410
4520
4989
4145
4345
4537
4212
4508
4208
4514
4255
3936
4202
4054
4437
4241
4429
4116
3886
3953
4183
4361
4314
4277
4307
4268
4199
4230
3778
3874
3925
4281
3748
3773
3844
3978
4309
3897
4060
4131
4070
3563
4258
4080
4011
4431
4275
4248
4331
4333
3896
4041
4595
3911
4060
3880
3945
4381
4132
4224
3743
3833
4161
3912
4196
3818
3861
3971
3874
4171
3965
4277
4159
4350
4159
3877
3919
3910
4073
3768
3798
4294
4047
4134
4083
4135
4291
4083
3993
4046
4178
3921
4243
3819
3842
3995
4138
4189
3965
4362
3937
4156
4334
4334
4098
3972
4127
4113
3881
3888
3902
3889
4121
3760
4083
4045
4011
3853
4110
3984
3992
4320
4112
4211
4311
4143
3684
3994
4118
3795
3916
4097
4243
3424
3928
4258
4237
3974
4317
3752
4309
4486
3859
4051
4435
4338
3886
4295
3876
4429
3860
4314
3953
3793
3828
4010
4271
4002
3918
3510
3973
3636
4159
4064
3777
3885
3847
3732
3908
4134
3880
4002
4057
4342
4076
3718
3971
4201
3852
3950
4311
3972
3984
3992
4174
4056
3982
4147
3844
4023
4147
3643
4005
4481
4312
3927
4077
3916
4193
3961
3986
4048
4605
3786
4243
4145
3951
4084
4056
4084
3974
4049
3717
4043
4305
4041
4272
3612
3682
3859
3884
4592
4144
4238
4540
4109
4054
4114
3769
3915
3847
4300
3750
3851
3966
3937
4395
4110
3940
4143
4160
3636
4127
4124
4034
4357
4417
4140
4055
4468
3943
4142
4618
3997
4340
3844
4445
4365
4182
4406
3817
3858
4116
3833
4188
3823
3813
4016
4199
4228
4218
4215
4293
3947
4200
3774
3897
4061
4206
3744
3776
4073
4105
4266
4443
4260
4504
4081
4009
3703
4080
4117
3981
3966
4153
3795
3896
4054
4063
4172
3866
3929
4411
4247
4385
3780
4267
4271
3596
3853
4099
4232
4287
3901
3865
4144
4086
4170
4116
3945
4010
4362
4223
4246
4439
4127
3589
4107
4153
3787
3957
4094
4180
3295
3955
4419
4328
3871
4414
3855
4482
4216
3806
4014
4248
4270
3890
4198
3809
4122
3911
4147
4143
3948
3785
3863
4130
4216
3924
3433
3953
3796
3831
4072
3843
3953
3891
3895
3856
4371
3704
3824
4309
4273
4030
3794
4062
4207
3792
4070
4374
4001
4218
4081
3980
4028
4022
4116
3839
3958
4300
3492
4107
4277
4167
3770
4022
3958
4415
3918
3992
4094
4432
3858
4253
4166
3473
4221
3994
4117
3961
3884
3885
4179
4191
3890
4065
3698
3832
4038
3852
4277
3979
4099
4210
4059
3955
3948
3556
3995
4200
4276
3618
3912
4074
3998
4261
3913
4011
3904
3973
3185
4147
3975
3745
4362
4493
4242
4058
4027
3785
4050
4383
3765
4105
3683
4122
4086
4271
4160
3835
3657
3970
3750
3922
3600
4027
3964
3648
3985
3752
4109
4086
4320
4079
3742
3933
3673
3907
3662
3814
4047
4055
4092
4257
4159
4464
3968
3751
3726
3840
3989
3945
3703
3765
3854
3954
3843
3988
3967
3708
4043
4271
4080
4206
3858
4238
4203
3760
3776
3922
3792
4051
3850
3768
3985
4037
3799
3995
3766
3961
4316
3945
4055
4319
3741
3694
3896
4142
3851
3951
4005
4123
3358
3790
4079
4255
3679
4182
3673
4288
4146
3888
4114
4061
4055
3770
3869
3912
4170
3720
4214
4214
3892
3554
3973
3930
4042
3715
3599
3883
3677
3974
3901
3862
3957
3931
3903
3903
3983
3865
4097
4050
3975
4210
3868
3991
4055
3897
3989
4149
3653
4031
4116
3929
3861
3762
3943
3789
3944
3954
3689
3720
4407
4113
4012
4034
3796
3891
4063
4173
4041
4288
3762
4099
4103
4017
3774
4010
4363
3907
3920
3622
3841
4402
3767
4250
3997
3908
3786
3823
4337
4233
4545
4354
4203
4249
4144
3757
3999
3915
4266
3426
4022
3865
4137
4342
4104
3920
4014
4235
3462
4168
4065
3767
4528
4402
4285
4192
4321
3880
4098
4537
3732
3940
3925
4229
4292
4066
4450
4110
3860
4335
3740
4191
3812
3936
4123
3831
4128
4408
4166
4242
4191
4261
3820
4057
4115
4107
3761
4007
4454
3939
4136
4204
4039
4514
4189
4175
3941
4214
4099
3958
3772
4040
4054
4114
3890
4163
4418
4267
4032
4593
4008
4379
4036
4086
4177
3754
3924
4121
3865
4195
4001
4117
4093
4030
3799
4187
4045
4145
4473
4288
4362
4408
4159
3674
4221
4091
3928
4097
4074
4399
3743
4247
4209
4443
4089
4566
4119
4448
4507
3985
4361
4175
4214
3698
3996
3882
4277
3796
4438
4178
3912
3768
3822
4106
4057
3899
3657
4249
3724
4139
4072
3904
4074
4233
3714
3974
4308
4103
3991
4169
4296
4006
3813
4426
4176
3771
4246
4413
3882
4108
4082
4102
3960
3814
3926
3878
4298
3989
3658
3774
4453
4306
4147
4059
3990
4288
4256
4310
4097
4325
3976
4528
4161
4073
4195
4205
4344
4107
3932
3573
4054
4377
3798
4269
3936
4065
3819
3888
tempo: 28