100 100
1989
1808
1968
2085
1800
1848
1921
1946
2019
1835
1621
1961
1799
1910
1966
1840
2021
2062
1769
1666
1963
1864
1947
1843
1868
2075
1780
1711
2066
2112
1705
2028
1735
1867
2026
1850
2101
1840
1877
2046
1779
2032
1931
1979
1881
1975
1911
1834
1989
2059
1830
1800
1854
1617
2018
2141
1763
1783
1881
1928
1937
1897
1817
1848
1729
1554
1677
1972
1871
1737
2005
2077
1683
2065
1588
1843
2001
1586
1911
1905
2060
1818
1582
1995
1911
1887
2164
1746
2217
1810
1778
1994
2040
2007
1880
1567
1763
1922
2182
2141
2297
2400
2075
2435
2091
2050
2221
2259
2544
2315
1948
2298
2209
2332
2271
2188
2385
2279
2141
1992
2099
2079
2147
2202
2185
2149
2336
1943
2540
2469
1917
2311
2002
2097
2397
2318
2210
2223
2181
2320
2098
2490
2321
2409
2236
2170
2343
2026
2145
2466
2155
2086
2329
1939
2331
2441
2182
2347
2225
2192
2239
2323
2054
2383
2245
1884
1835
2339
2148
2048
2396
2516
2026
2337
2090
2046
2383
1975
2306
2175
2287
2077
1950
2345
2245
2273
2557
1946
2596
2155
2225
2116
2078
2452
2141
2022
2049
2244
2424
2463
1921
2042
1979
2315
1759
1742
2028
1812
2038
1819
1697
1931
1850
2000
1893
1959
2196
1879
1892
1951
1761
1739
1903
1930
1855
1994
2036
1776
2156
2242
1660
2101
1811
1854
2138
1978
1892
1962
1930
2017
1902
2116
1951
2100
1921
2014
2017
1895
1971
2115
1784
1927
1996
1836
1923
2220
1846
2195
1830
2012
1911
1876
1762
2028
1920
1603
1604
2085
2029
1789
1982
2188
1629
1979
1749
1768
2087
1733
2033
1888
2036
1815
1755
2070
2038
1944
2102
1862
2257
1696
1981
2031
1828
2024
1875
1679
1781
1949
1997
2136
1894
1844
1956
2037
1822
1819
1958
1987
2033
1808
1588
1833
1727
1756
1767
1790
1879
1773
1664
1726
1826
1829
1888
1780
1812
1913
1811
1457
1909
1970
1803
1937
1835
1790
1956
1934
1886
1857
1789
1969
1730
1989
1869
1948
1620
1863
1892
1654
1918
1862
1726
1771
1880
1731
1860
2054
1692
1888
1852
2025
1843
1756
1728
1850
1760
1677
1628
1893
1766
1845
1710
1953
1727
1876
1543
1680
2045
1541
1705
1804
2007
1729
1648
1942
1884
1784
2121
1704
2127
1843
1709
1822
1734
1917
1740
1557
1787
1888
1911
2181
1790
1904
1960
2289
1970
2063
2050
2138
2325
1891
1695
1927
2041
2106
1890
2061
2206
2102
2019
2082
1830
2067
2029
2101
2080
1930
2138
1815
2253
2306
1944
2117
1849
1876
2305
2059
2086
2157
2081
1960
1874
2127
2085
2047
2029
2052
2036
1767
2160
2121
1925
1963
2143
1920
2089
2208
1945
1966
2045
2232
2062
1942
2101
2080
2075
1804
1785
2155
2174
1953
2157
2179
1774
2232
1873
1916
2155
1889
2131
2053
2284
1824
1877
2194
2270
2144
2262
1890
2264
1990
2014
1978
2066
1991
1917
1915
1972
2137
2127
2130
1778
1839
1832
2140
1856
1876
2100
2081
2066
1871
1748
1935
2072
2013
1913
1763
2039
1953
1911
1900
1674
1891
1955
2063
1924
1779
1948
1620
2126
2196
1776
2167
1757
1721
2121
1932
1867
1926
1822
1885
1798
2154
1849
1921
1954
1891
1860
1725
2019
2064
1970
1786
1855
1625
2056
2151
1939
2175
1900
2058
1876
1978
1773
2095
1966
1739
1703
1864
2022
1885
1969
2072
1677
2157
1730
1800
2149
1849
1893
1869
2083
1902
1815
2020
1960
1920
2124
1695
2243
1888
1791
1792
1810
2043
1935
1824
1861
2017
2052
2078
2034
1964
2034
2127
1840
1744
1860
2178
2169
1749
1678
1807
2046
1864
2010
1902
2009
2055
1886
1884
1913
1855
1787
1809
1970
1925
1904
1694
1967
2261
1890
2023
1790
1678
2128
1913
1880
2000
1794
1903
1773
2069
1821
2028
1793
2003
2022
1750
2116
2029
1834
1814
2016
1723
1791
2203
1899
2102
1834
1973
1990
1917
1746
2104
1984
1678
1712
2037
1911
1969
1886
2102
1698
1959
1688
1779
2137
1685
1971
1732
2176
1788
1923
2012
1778
1740
2061
1776
2174
1975
1739
1851
1855
2016
1805
1649
1817
2002
2183
2054
2006
1904
1927
2221
1991
1888
1964
2095
2308
1889
1752
2012
1994
2074
1921
1736
2090
1998
1824
1994
1986
1774
1813
1921
1841
2002
2055
1755
2149
2135
1726
2043
1690
1801
2145
1897
2063
1938
1720
2159
2053
2248
1862
1929
1955
1952
2058
1605
1997
2001
1901
1898
1986
1554
1975
2215
2059
2127
1994
1989
2008
2127
1787
2087
1867
1614
1843
1990
2027
1751
2107
2154
1814
2029
1865
1905
2118
1790
2043
1961
2085
1839
1713
2133
2001
1901
2140
1812
2348
2018
1890
1956
1864
1949
1813
1806
1908
1959
2135
2129
2101
2224
1948
2216
2045
1952
2079
2216
2319
1939
1784
1948
2086
2170
2095
2071
2095
2136
1939
1935
1895
2049
2157
1983
2111
1960
2030
1804
2307
2332
2003
2168
1942
2010
2367
1984
2204
2093
2074
2186
1879
2200
2015
2084
2115
2060
2044
1770
2177
2282
1903
2080
2142
1831
2075
2209
2021
2075
1958
2261
2034
2126
2036
2056
2134
1747
1758
2133
2016
2146
2063
2200
1907
2125
1906
2007
2275
1781
2237
2038
2301
2138
1911
2223
1968
2001
2367
1803
2335
2011
1973
2022
2093
2269
1982
1839
2076
2048
2223
2185
2038
1990
2045
2307
1908
1931
1969
1904
2184
2050
1766
2125
1942
1944
1908
2003
2162
1911
1933
1831
1973
1940
1971
2082
1956
2033
2055
1752
2281
2129
1782
2180
1659
1892
2184
2005
2068
2118
1838
2012
1914
2359
2085
2314
2174
2176
2116
1840
2043
2065
1914
2009
2126
1746
2051
2250
1829
2085
1866
2015
1899
1947
1890
2305
1925
1773
1743
1982
1926
1804
2144
2147
1783
2189
1761
1878
2172
1816
2048
2077
2162
1852
1726
2054
1990
2060
2237
1726
2365
1978
1694
1928
1965
2044
1954
1789
1842
2038
2129
2181
2006
2051
2021
2165
1778
1840
2032
2239
2037
1786
1685
1838
2076
2130
2050
1833
2100
2114
2011
1946
1995
1948
2015
1872
1873
1965
2122
1623
2118
2328
1734
2033
1810
1734
2218
1994
1934
2149
1850
1901
1731
2120
1883
1995
1910
1984
2062
1910
2110
2102
1959
1962
2090
1846
1962
2213
1889
2002
1943
2023
1978
1947
1750
1953
1934
1850
1609
1905
2000
2121
1941
2172
1858
1942
1770
1948
2070
1751
2140
1718
2134
1975
1813
2211
2059
1949
2185
1873
2213
1937
1910
2094
1979
2084
1769
1775
1965
1992
2117
2083
2034
1980
2055
2108
2063
1749
2216
2174
2269
1965
1857
1898
1922
2181
1969
2024
2123
1990
1979
1934
2004
2013
1985
2058
2026
2170
2109
1847
2191
2296
1767
2114
1914
1764
2288
1990
2026
2067
1925
1984
1946
2046
1989
2121
2034
1858
2043
1901
2158
2287
1939
2085
2115
1654
2005
2250
1938
2166
1967
2022
2055
2045
1890
2024
2042
1714
1835
2029
2285
1827
2151
2284
1737
2111
1815
2004
2244
1838
2074
1871
2289
1886
1914
2376
2232
2080
2243
1849
2393
2097
1913
2158
1875
2033
1976
1625
1812
2052
2126
2351
1869
1990
1778
1970
1805
1773
1945
1929
2141
1888
1762
1895
1909
1945
1908
1778
2105
1997
1980
1929
1686
1808
1808
1598
1877
1895
1967
1677
2137
2185
1606
1952
1889
1933
2064
2045
1746
1905
1800
1861
1724
2045
2098
1896
1966
1829
2023
1580
1966
2097
tempo: 2