100 100
2053
2263
2038
2077
1998
1944
2293
1855
1877
1894
2261
1865
2205
2036
1820
2140
2220
1958
1993
1924
2202
2120
2049
1994
2101
2062
2057
2027
1896
1974
2206
2176
2181
2042
1823
2014
1753
2127
1991
2030
1953
1992
1889
1932
1971
2110
2058
2278
1924
2301
2379
2016
2227
2248
2145
2276
2168
2231
2012
2307
2397
2582
2145
2172
2220
2301
2555
2189
2179
2224
2180
2278
2275
2722
2128
2420
2400
2082
2103
2110
2303
2279
2259
2291
2324
2460
2207
2197
2478
2230
2252
2155
2394
2132
2047
2153
2526
2432
2155
2493
2249
2539
2293
2108
2178
2314
2492
2112
2153
2082
2449
2089
2443
2154
2022
2342
2277
2018
2150
2328
2430
2216
2179
2164
2201
2144
2080
1990
2093
2217
2430
2337
2176
2113
2056
2104
2043
2099
1999
2268
2128
2091
2061
2164
2333
2119
2093
2512
2223
2320
2179
2014
2183
2073
2032
2181
2231
1931
1864
2223
2254
2500
2248
2134
2204
2344
2568
1954
2158
2200
2285
2234
2080
2470
2096
2526
2347
1949
1941
1975
2282
1973
2024
2348
2208
2101
2025
2088
2308
2106
2213
2038
2245
2018
2016
1988
2219
2198
2233
2192
2108
2284
2266
2171
2085
2019
2270
1899
2132
1895
2375
1818
2329
1967
1923
2026
2034
2030
1986
2095
2035
2138
2108
1978
2022
2089
2022
1910
1753
2353
2243
2174
2252
2176
1848
2187
1896
2109
2017
2155
2093
1955
2140
2127
2194
2121
2045
2303
2241
2190
2116
1968
1951
2185
2086
2039
2320
1978
1966
2295
2188
2389
2129
2149
2312
2256
2279
1910
1999
2203
2065
1986
2061
2423
2147
2337
2135
2055
1909
1900
2198
2084
2148
2273
2226
2101
2078
2125
2227
2119
2295
2066
2122
2002
1769
2079
2240
2145
2066
2358
2122
2421
2265
2101
2229
2068
2453
1978
2119
1984
2322
1736
2275
2023
1839
2128
1918
1895
2050
2176
2139
2069
2249
2038
2029
2116
1937
2106
1765
2137
2178
2223
2227
2113
1889
2021
1923
1971
1962
2075
1965
1967
2019
2075
2076
2274
1959
2337
2226
2280
1746
1699
1738
1915
1849
1927
1912
1939
1703
1838
1842
2104
1905
1734
1836
1956
1945
1648
1790
1950
1806
1835
1826
1934
1919
2020
2000
1607
1726
1702
1909
1790
1741
1844
1945
1811
1917
1913
1975
1857
1821
1760
1880
1713
1713
1757
1898
2043
1811
2008
1964
2063
1854
1764
1841
1812
1900
1680
1880
1801
1963
1665
1942
1950
1694
1798
1783
1705
1854
1743
1908
1814
1687
1757
1743
1792
1711
1755
1593
1838
1983
1822
1944
1820
1733
1713
1603
1965
1716
1721
1864
1724
1847
1594
1871
1770
1855
2069
1792
1804
1969
1892
1696
2058
1922
1981
2050
1962
1762
2164
2100
2134
2150
1923
1915
2093
2238
1878
1791
1919
1927
1932
1745
2331
1913
2290
2014
2028
1889
1714
2073
1907
1839
2033
1918
2043
2080
2034
2062
1865
2102
1938
1918
1957
1783
1968
2143
1955
1884
2057
2284
2216
1964
1993
1789
2010
2199
1741
1858
1886
1992
1785
2178
1838
1635
1997
1893
1811
1845
2103
2111
1936
1945
1970
1899
1959
1820
1666
1755
2063
2022
2167
1933
1824
1729
1946
1745
2152
1972
2045
1719
1852
1780
1624
2010
2033
1844
2208
1826
2059
2036
1877
1992
2054
1891
2017
2058
1760
1932
2305
2042
2253
2135
2027
1977
2016
2351
2018
1966
2089
2147
2342
2068
2426
1929
2422
2146
1973
2045
1969
2130
1886
2118
2199
2146
2118
2072
1892
2124
2029
2021
1894
2099
2041
1858
2042
2161
2119
1939
2158
1957
2330
1996
2084
1856
2209
2087
1930
2148
1671
2055
1681
2040
1846
1786
2140
2028
1890
1929
1941
2066
2150
1942
2009
1880
2057
2296
1823
1795
1801
1918
2057
1950
2019
2214
1970
2025
1995
2048
1891
2189
2012
1984
1850
1839
1849
2065
2138
1720
2078
1872
2167
2031
2004
1937
1896
2262
1713
1878
2083
2117
1910
1829
2002
1769
1894
1952
1853
2061
2035
2040
2097
2016
1937
1856
2076
1866
1912
1733
1910
2064
2074
1970
2015
1870
1899
1612
1985
1859
2079
1935
1881
2033
1994
1849
2004
1825
2154
2113
2119
2032
2023
2124
2106
1907
2200
2151
2085
1941
2189
2185
2500
2173
2144
2286
2254
2338
1979
1940
2148
2025
2141
2003
2451
2083
2357
2248
2058
2031
2014
2163
2025
2102
2332
2178
2106
2175
2104
2354
2109
2195
2119
1961
1984
2016
2045
2348
2284
2043
2271
2115
2414
2084
2195
2051
2191
2242
1984
2065
2032
2207
2018
1961
2119
1769
2039
2143
1860
1961
2112
2054
2138
2161
2137
2178
2037
2028
1847
1857
2002
2063
2174
2267
2033
1878
2121
1804
2104
2071
2128
1972
2154
1868
1964
2120
2050
2087
2324
2134
2307
2069
1861
1922
2107
1985
1913
2000
1923
1833
1984
1914
2310
2206
1868
2019
2154
2197
1832
1847
2066
1824
2086
1914
2228
1869
2286
2169
1845
1848
1748
2069
1899
1916
2106
2038
1854
2028
2033
2036
1934
1969
1724
1764
1923
1775
1803
2147
2250
1977
2082
2025
2149
1958
1954
1824
2043
2033
1829
2060
1851
2159
1715
2034
1980
1760
1989
1843
1710
1930
1940
2060
1958
1831
1858
1881
1840
1830
1769
1710
2083
2023
1974
2148
1829
1614
1989
1809
1982
1674
1970
1930
1887
1965
2092
1955
1969
1835
2045
2049
2077
1892
1863
1971
1946
1809
2122
1881
1844
1925
2237
2162
2360
2145
2158
2124
2095
2149
1798
1768
2190
2041
1886
2033
2193
1864
2321
2232
1985
2000
1818
2148
1851
2034
2134
1927
2065
2107
2058
2119
2044
2045
1808
2197
1881
2007
1913
2208
2239
1888
2048
1943
2308
2000
1993
1997
1979
2176
1766
2028
2141
2033
1721
1992
1914
1643
2040
2011
1782
1862
1901
2125
2104
2145
1930
1978
1861
1956
1965
1970
2096
2045
2043
2084
2041
1955
1989
1860
2044
1882
2019
2039
1808
1862
2048
2071
1968
1961
2224
2053
2154
1954
1851
2064
1963
1911
1965
2052
1916
1794
2047
2022
2331
2237
2048
2117
2212
2292
1973
1998
2123
2015
2126
1852
2280
2050
2453
2165
2000
1935
1929
2166
1842
1964
2242
2138
2155
2145
1981
2244
2085
2076
1781
2041
1898
1905
2060
2277
2055
2153
2175
2028
2096
1972
1980
1980
2053
2149
1889
2031
1876
2204
1653
2201
1970
1856
2114
1949
1729
2023
1991
2091
1993
1987
1962
2052
1996
1849
1733
1790
2019
2153
2080
2100
1961
1824
1941
1707
1981
1790
1966
1967
1924
1815
1964
2013
2007
1913
2281
2071
2129
2118
1876
1992
2101
1863
2049
2131
1828
1765
2004
2050
2192
2191
2063
2224
2148
2110
1894
1792
1984
1876
1939
2100
2277
1886
2206
2114
2130
2088
1782
2099
1985
1822
2108
1993
2050
2016
2083
2149
1939
1994
1816
2153
2040
1883
1938
2170
2100
2069
2173
1919
2146
1927
2195
1897
1971
2313
1749
1893
2048
2241
1805
2101
1967
1789
1917
2057
1902
1866
1910
2139
2014
2090
1953
1991
1946
1946
1887
1804
2095
2070
2189
2031
1913
1879
1961
1842
2038
1984
2157
1939
1944
1753
1922
1976
1857
1861
2319
1894
2095
2249
1936
1996
2102
1900
2141
2288
1991
1897
2169
2129
2366
2222
2116
2180
2087
2371
2148
1823
2131
2003
2094
2061
2393
2146
2411
2325
2108
2006
1949
2053
1946
1915
2291
2189
2108
2097
2201
2280
2088
2112
1946
2178
1863
1953
1901
2369
2266
2026
2123
tempo: 0.034436