100 100
2164
2249
2205
2149
1985
1986
2385
1791
2026
2098
2367
1953
2189
2017
1947
2165
2087
1802
2003
2184
2094
1997
2112
1986
2047
2207
1907
2010
1965
2130
2102
2319
2062
1906
1849
1951
1744
2050
1919
2082
1878
1890
1895
1965
2061
2065
1962
2460
2203
2234
2184
1834
2160
2022
1933
2096
2095
2039
1838
1994
2015
2463
2304
2107
2195
2332
2319
2027
1940
2177
1955
2040
2084
2468
2027
2238
2204
2138
2034
1994
1951
1801
1970
2202
2273
1998
2040
2156
2222
2157
2146
1945
1967
1967
1832
2029
2328
2086
2125
2218
2022
2330
2020
2075
1861
2252
2268
1801
2078
2102
2318
1791
1960
2002
1855
2055
2069
1795
2000
1872
2104
2170
2031
1911
1981
2112
1925
1881
1971
1976
2123
2082
2079
1916
1984
2123
1697
2066
1885
2145
2046
2037
2030
1914
1885
1932
1935
2258
1900
2231
2315
2182
2131
2269
2031
2248
2353
2142
1917
2271
2292
2295
2291
2109
2149
2327
2403
2071
2062
2307
2097
2174
2318
2388
2252
2484
2290
2124
2012
2032
2124
2031
2060
2192
2214
2113
2251
2295
2169
2276
2453
2142
2278
2154
2056
2246
2127
2198
1993
2289
2139
2356
2265
2133
2073
2078
2467
1813
2102
1987
2265
1791
2298
1907
1915
1985
1924
2186
2019
2063
2059
2140
1979
1995
2108
2237
2108
2015
1783
2275
2323
2127
2234
2036
1885
2132
1833
1992
2044
2244
2004
2102
2132
1977
2110
2131
1997
2481
2092
2330
2154
2058
2110
2236
2142
2525
2226
2273
2032
2274
2399
2544
2376
2372
2433
2517
2518
2086
2115
2383
2386
2304
2073
2529
2157
2522
2324
2202
2107
2125
2258
2167
2256
2397
2249
2299
2263
2369
2385
2235
2351
2343
2216
2167
1976
2364
2509
2314
2212
2462
2277
2587
2389
2346
2237
2237
2339
2107
2239
2182
2399
1914
2353
2255
2034
2298
2348
1800
2017
2109
2088
1950
2101
2084
1981
2058
1972
1867
1899
2044
2157
2295
2246
2029
1781
1979
1871
2166
1742
2168
1995
2116
2006
2118
2109
2089
1948
2390
2088
2236
2384
1968
2052
2135
1890
2139
2182
1853
1860
2250
2133
2407
2279
1998
2239
2323
2335
1942
2027
2217
2060
2166
2244
2436
2136
2448
2267
2188
2189
1962
2308
2005
2100
2216
2088
2258
2238
1985
2118
2037
2097
1929
2467
2071
1787
2165
2140
2310
2096
2172
2030
2190
2174
1988
2148
2168
2454
1917
1999
1931
2145
1698
2334
1978
1924
2155
2006
2101
2133
2053
2108
2091
2185
2012
1918
1992
2102
1898
2103
2275
2242
2147
2183
2029
1901
2009
1936
2110
2065
2103
2182
2013
2130
2114
2083
1953
1880
2190
2055
2234
2067
1959
2114
1938
1901
2010
2131
2027
2015
2067
2095
2300
2103
1900
2094
2053
2199
2065
2127
2215
2004
2281
1993
2239
1894
2385
2171
1785
1958
1960
2077
2041
2121
1993
1980
2122
2108
2001
2190
2080
1962
1962
2199
1913
1952
2069
2196
1993
2078
2109
2005
2158
2202
2153
1856
2009
2236
1852
1932
1861
2017
1845
2158
1835
1915
2200
2024
1953
1913
1984
2158
2056
1982
1997
1950
1999
1988
1834
1944
2102
2263
2229
2000
2127
1782
2045
1823
2206
1921
2159
2107
1943
1994
2002
2172
1927
1931
2276
1994
2171
1968
1933
1939
1942
2064
2150
2062
1853
1867
2151
1971
2254
1998
2074
2127
2104
2179
1852
1959
1967
2009
2027
1917
2304
2050
2255
1980
2139
1770
1728
2044
1874
2125
2072
2124
2053
2097
2066
2254
1917
2209
1926
2067
1925
1911
1978
2071
2060
1866
2223
2099
2199
2076
2034
2103
2103
2121
1836
1959
1810
1910
1842
2051
1895
1869
2037
2047
1870
1972
2165
2060
1972
1898
2031
1875
1905
1894
1795
1828
1980
2118
2193
2185
2005
1766
2095
1862
2035
1891
2062
1709
1936
1810
1971
2033
2143
2034
2182
1992
2040
2153
2033
2087
2088
1860
2054
2152
2031
1903
2051
2091
2262
2060
2079
2143
2169
2136
2099
2028
2164
2088
2052
2032
2299
1949
2354
2192
1966
1931
1726
2229
1890
1956
2166
2085
1927
1916
2060
2064
1907
2102
1914
2070
2012
1801
1903
2212
2097
2011
2234
2197
2148
2133
2131
1996
2250
2300
1859
2075
1939
2093
1889
2146
1922
1869
2103
1897
1768
1823
1884
2263
1955
1920
2081
1994
1885
1845
1861
1925
2120
2185
2219
1924
2088
1808
2243
1994
2087
2018
2184
2020
1999
1935
2175
2164
1993
1892
2238
1808
2232
1974
1768
1876
1980
1735
1842
2068
1923
1663
1998
1971
2172
2149
1795
1936
1906
1900
1943
1717
2007
1965
1944
1912
2245
1900
2271
2073
1851
1953
1669
1994
1796
1857
2063
2054
2021
2060
2081
1936
1850
1932
1843
1952
1763
1776
1823
1941
2100
1744
1906
1950
2036
1947
1775
1918
1884
2137
1491
2067
1867
2056
1823
2135
1907
1661
1804
1823
1732
1875
1931
2004
1837
2002
1807
1812
1902
1776
1634
1783
1979
1843
1966
1696
1912
1647
1856
1747
1843
1902
1897
1806
1690
1699
1842
1926
1760
1733
2129
2009
2071
2030
2012
1968
2048
1966
2082
2158
1903
1892
2177
2149
2350
2164
1945
2090
2232
2231
1833
1916
2103
1970
2115
2094
2359
1960
2335
2189
1964
2043
1931
2153
1901
1868
2081
2190
2145
1915
2088
2215
2024
1973
1768
2092
1900
2018
1962
2072
2124
2130
2070
2021
2246
2068
1988
1824
2000
2148
1943
2107
1920
2170
1896
2155
1992
1901
2105
2133
1813
2015
1986
1939
1987
1888
1935
1938
1978
2042
1800
1864
2165
2051
2050
2237
1935
1813
2174
1817
2069
1712
2209
2028
1927
2109
1975
2087
1880
2059
2371
2025
2193
2222
1705
1960
2082
2083
2093
2059
1917
1964
2270
1917
2247
2142
2251
2156
2048
2458
1911
1871
2240
1946
2138
2071
2289
1923
2392
2361
1961
2087
1908
2128
2032
2234
2306
2306
2022
2291
2009
2034
2166
2132
1803
2079
2030
1944
1968
2189
2137
2013
2148
2066
2260
2045
2176
1978
2040
2139
1780
2038
1957
2185
1887
2240
1980
1961
1893
2081
1981
2133
1982
2199
2147
2044
2010
1892
1931
1924
1940
1804
2130
2088
2101
2174
1972
1808
2090
1843
2125
1952
2123
2093
1762
1996
2065
2242
2128
1967
2339
2105
2254
2168
1978
2048
2191
1957
2075
2058
2019
1912
2341
2258
2294
2305
2059
2201
2194
2091
1982
1791
2122
2204
2002
2060
2335
2130
2399
2146
1937
2069
1750
2254
2004
2169
2211
2377
2202
2296
2197
1856
2051
2190
1923
2231
1963
1936
1987
2204
2265
1945
2273
2167
2266
2110
2134
2099
1941
2499
1703
2098
2071
2223
1721
2240
1976
1690
2023
2019
2001
2009
2083
2233
2037
2188
1944
1994
2129
1918
1835
1965
2049
2249
2180
2093
2062
1960
2052
1852
2120
2060
2084
2172
1967
1909
2008
2098
1988
1953
2354
2008
2312
2046
1838
1950
1843
1906
2121
2095
1844
1836
2037
2004
2299
2072
1890
1961
2042
2183
1851
1913
1962
1978
1958
1943
2259
1970
2342
2154
1909
1838
1784
1959
1919
2048
2127
2060
1906
1878
1752
2183
1793
2130
1974
2030
1994
1697
1961
1960
2071
1953
2116
2018
1956
2037
2001
1867
2004
2301
1669
1819
1877
1954
1880
1998
1938
1699
1804
1901
1951
1943
2030
2093
1992
1909
1944
1822
1889
1765
1867
1755
2055
1961
2066
2054
1971
1671
2051
1840
1956
1964
2072
1716
1863
1899
2084
1963
1992
1707
2061
2019
2323
tempo: 0.018541