200 200
3434
3855
3730
3711
4055
4035
3775
3546
3759
3737
3961
4096
3930
3814
4161
3751
4040
3915
3861
3637
3690
4230
3686
3746
4035
3962
3664
4177
3653
3739
3809
3846
3778
4275
4211
3766
4035
3838
3926
3661
3508
3827
3948
4054
3721
3645
3751
3562
4027
3698
3971
3871
3877
3638
3976
3472
3908
3994
3996
3764
3825
3802
3796
4564
4134
3520
3539
3566
3978
4038
4218
4036
4268
3966
4081
3647
4396
3979
3781
3803
4120
3863
3580
4087
4223
3925
3934
3664
3752
4003
3638
3684
4062
4027
3430
4222
4037
3975
3826
3964
3598
3624
3666
4234
3795
4020
3984
3671
3930
4096
3947
3812
3935
4050
4094
4040
3720
3539
3827
3688
4029
4005
3696
3874
4037
3620
3872
4046
3983
3792
3817
3531
4432
4097
3695
3951
3985
3678
3773
3625
3831
4008
3864
4094
4001
3648
3646
3580
3628
3843
4140
3613
3533
3800
3914
3746
4040
4160
3894
3724
4127
3786
3528
3906
3729
3828
4090
3987
3669
3870
4236
3744
3543
3551
3699
3720
3719
4043
3787
3517
3794
3965
4136
4027
4267
3949
3851
3677
3587
3911
3957
4004
3939
3897
4188
3838
3910
3537
3859
3864
3844
4173
3947
3662
4169
4625
3754
3865
3940
3789
4100
4417
4023
3781
4236
3746
4231
3937
4117
3976
3896
4036
3743
3720
4197
3975
4059
4539
4019
3882
3861
3837
3902
4015
3948
3806
3925
3950
4320
3859
3798
3795
4131
3980
3898
3949
4033
3943
3982
4149
4142
4164
4199
3867
4285
3720
4267
4067
4214
3778
4012
3614
4211
4563
4252
3833
3780
4042
4234
3849
4419
4133
4286
4063
4198
4010
4447
3964
3825
3886
4265
4183
3726
4213
4164
4074
3793
4083
3821
4099
3867
4130
4249
4250
3791
4362
4050
4038
4170
4041
3790
3948
3707
4392
3770
4096
4181
3856
4122
4185
3977
4007
4059
4031
4058
4368
3732
3914
4212
3813
3904
4164
4085
3939
4050
3648
3993
4141
4035
4010
4030
3767
4327
3934
3821
4096
4213
3642
3902
4005
3721
4326
4027
4219
4151
3848
3768
3952
3775
3824
4479
3878
3787
4029
3951
3806
4128
4222
4175
3939
3743
4008
4020
4015
3947
4203
4095
3996
3917
4037
4376
3608
4028
4033
3822
3724
3775
4309
4011
3621
4108
4046
4224
4214
3954
3951
4290
4094
3653
3797
4311
4239
4056
4163
4166
3875
4042
3668
3883
3605
3897
4073
3740
3659
4293
4325
3884
3810
3865
3769
4188
4207
4054
4030
4184
3743
4556
3725
4051
4056
3984
4199
4285
3733
4002
4131
3986
4337
3880
3887
3644
3946
3705
4509
4265
4063
4129
3594
4029
3973
3777
3783
4074
4315
4304
4099
3836
3839
4145
4087
4370
4185
3871
3731
4405
3737
4058
4222
4259
4034
4253
3776
4168
4526
4430
3477
3784
3701
4194
3921
4254
4178
4328
3939
4228
3797
4374
4059
3950
4077
4222
3943
3898
4092
4169
3750
4158
4085
4110
3862
3995
3993
4381
4417
3402
4172
4110
4047
4065
3957
3802
4016
3829
4359
4081
4139
4147
3944
4213
4164
4021
3870
4225
3932
4331
4193
3701
3947
4026
3866
4052
4345
4064
3980
3840
3618
3749
4195
4069
4092
4066
3989
4466
3865
3958
4184
4217
3696
3832
4055
4201
4372
4053
3924
4252
3842
3931
4176
3896
3993
4140
3951
3878
3835
4106
3815
3932
4294
4288
4101
4111
4121
4101
4054
3944
4311
4220
4117
4022
3810
4399
3781
3829
3769
3975
3895
3814
4271
3855
3771
3882
4218
4273
4308
4058
4268
4341
3776
3894
3908
4405
4401
3936
4105
4264
4081
3899
3681
4083
3877
3705
3790
3681
3867
3941
4046
3818
3767
3853
3911
4224
4358
3949
3635
4209
3586
4373
3714
4022
3808
3888
4235
4078
3776
3990
3858
3925
4300
3539
3635
3625
3765
3515
4239
4072
3704
4000
3704
3890
3681
3591
3567
4079
3934
4053
3853
3771
3777
3871
3807
4226
3917
3962
3683
3826
3676
3851
4153
4033
4119
4064
3783
3813
4326
4269
3561
3481
3715
3968
4020
3822
4038
4213
4110
4176
3843
4323
3790
3827
3802
4026
4088
3918
3959
4115
3738
4082
3967
3735
3870
3741
3989
3886
4005
3571
4159
4141
3754
4016
3847
3662
3902
3702
4495
3787
4070
4276
3632
4039
3926
3908
3844
4065
4034
4005
4188
3716
4036
3792
3459
3975
3994
3642
3900
3835
3497
3856
3894
3995
3676
3974
4030
4252
3735
3584
4056
3876
3650
3803
4001
4087
4254
3796
3951
4096
3702
3910
4140
3903
4037
3893
3536
3607
3750
3855
3507
3812
3889
3968
3911
3966
3972
3912
3880
3607
3947
4035
4110
4032
3789
3997
3659
3758
3664
3694
3515
4104
4139
3893
3637
3728
4061
4282
3974
3943
3997
4087
3867
3579
3777
4002
4170
3753
4054
4017
3878
3717
3456
4075
3862
4016
4014
4120
3826
4471
4150
4061
3898
3999
3951
4145
4309
3965
4060
4268
3898
4545
3846
4102
3805
4048
4232
4108
3969
4398
3857
4070
4642
3814
3969
4015
4015
3773
4449
4104
4056
4328
4102
4252
3871
4036
3856
4410
4273
4224
4246
4098
4171
4187
4114
4037
4322
4229
3481
4479
3886
4294
4399
4203
4198
4111
3992
3981
4382
4665
3903
3706
4029
4347
4054
4392
4314
4343
4150
4257
4000
4412
4225
4166
4108
4342
3996
4258
4229
4420
3761
4076
4069
3897
4211
3954
4057
4237
4307
3415
4365
4255
3962
4320
4236
3903
4162
3901
4505
4144
4365
4372
4071
4274
4444
4344
4185
4381
4150
4346
4331
3696
3828
3918
3736
4182
4357
4025
3769
4237
3623
4198
4324
4153
3934
4032
3894
4559
4179
4039
4088
4031
3702
3919
4032
4140
4383
3835
3924
4291
3748
3985
4109
3935
4171
4157
3854
3768
3953
4196
3903
4059
4237
4326
3899
4050
3957
4247
4345
3844
4334
4446
4092
4136
4034
4437
4063
3721
4138
3935
4124
4094
4260
3741
3485
4045
4092
4569
4133
4364
4332
4211
3665
3776
3971
4207
4289
4283
4371
4290
4060
4216
3687
4284
3987
3996
3976
3957
3780
4404
4459
3845
4176
4056
4130
4218
4420
4110
3998
4238
3880
4627
3920
3999
3844
3854
4355
4069
3970
4191
3952
4154
4342
3932
3859
3798
3930
3947
4269
4014
3926
4026
3969
4143
3920
3607
4021
4113
4204
4174
4077
3847
4079
4309
3766
4353
4092
4024
3974
4359
3641
4057
4306
4230
3956
4225
3767
4156
4448
4682
3691
3875
4115
4256
3941
4095
4152
4468
4336
4194
3934
4334
3995
3917
4104
4178
3944
3861
4316
4181
3833
4004
4020
3902
4264
4260
4069
4179
4325
3600
4405
4044
4066
4228
4028
3971
3919
3852
4619
4011
4180
3985
3727
4213
4143
4254
4079
4125
4117
4184
4365
3708
4080
4015
3724
4120
4188
4200
4051
4202
3866
4240
4060
4305
4057
4123
3852
4519
4173
3938
4197
4078
3889
4044
4217
4204
4067
4091
4091
4273
3791
4151
4355
3768
4339
4127
3863
3891
4101
3965
3967
4263
4277
3949
3911
4051
4094
4095
4128
4033
4136
4216
4295
4025
4231
4143
4057
3691
3918
3889
3765
4077
4329
3973
3575
3689
4353
4630
4234
4029
4274
4132
3886
3812
4002
4330
4569
3962
4064
4161
3962
4016
3882
4133
3729
3824
4259
3797
3734
4243
4281
3984
3914
4155
3903
4029
4235
4240
4000
4409
3937
4480
3831
4109
4102
3884
4428
3959
3869
4144
3777
4393
4322
3964
3755
4060
3767
3952
4498
4023
3958
4200
4147
4137
4143
3855
3784
4157
4415
4002
4134
4105
3983
4275
4096
4148
4289
3889
3988
4458
3599
4167
4351
4302
3924
4024
3829
4224
4701
4416
3963
3748
4090
4079
3890
4146
4165
4315
4137
4440
3925
4369
4100
3946
3855
4346
3917
3994
4390
4369
3762
4381
3905
4098
4195
4100
4096
4428
4376
3640
4338
4082
4327
4487
4149
3965
4073
3879
4501
3944
4071
4143
3846
4286
4478
4177
3990
4386
3766
4191
4184
3744
3974
4028
4000
4254
4367
3903
3925
4143
3876
4093
4502
4351
4081
3771
3803
4653
4137
4035
4249
4068
3788
3892
3950
4152
4302
4042
4015
3967
3866
3770
4051
3889
4030
4154
3788
4028
3835
3976
4018
4157
4474
4173
3874
3966
4110
3966
4091
3932
4260
4280
4133
3983
4090
4303
3722
4003
3824
3952
3714
3993
4291
3828
3926
3723
4064
4459
4286
4293
4291
4266
4151
4023
3782
4244
4560
4185
4255
4352
3933
4027
3723
4048
3829
4132
4256
4128
4131
4373
4473
4070
4059
4254
4346
4494
4480
4171
4223
4428
4158
4547
4011
4334
4156
4160
4424
4472
4021
4528
4162
4385
4624
3988
3782
4046
4052
3997
4473
4324
4058
4503
4157
4297
3996
4020
4265
4354
4293
4124
4145
4176
4085
4504
4096
4440
4333
4186
3990
4532
3568
4428
4567
4433
4175
4219
4166
4192
4802
4534
4026
3873
4007
4510
4246
4527
4482
4575
4309
4594
4091
4829
4337
4191
4286
4231
4369
4007
4429
4597
4170
4328
4209
4360
4364
4161
4129
4365
4647
3907
4392
4520
4395
4453
4360
4250
4038
3927
4684
4239
4243
4335
3958
4465
4238
4354
4473
4514
4185
4460
4366
3916
4330
4210
3933
4456
4342
3965
4151
4495
3930
4184
4370
4345
4096
4353
3966
4996
4399
4002
4494
4282
4106
3947
4193
4373
4501
4086
4297
4053
4110
4203
4279
4043
4296
4397
4180
4124
4085
4181
4071
4458
4570
4259
4011
4444
4443
3964
4201
4071
4266
4611
4403
4155
3975
4476
3972
4130
4012
4046
4211
4067
4537
4160
4058
4196
4328
4500
4532
4477
4525
4417
4053
4063
3990
4527
4504
4276
4264
4501
4103
4163
3927
4204
3986
4040
3953
3756
3747
4397
4100
4307
3952
3980
4126
4070
4502
4251
4113
4431
3905
4291
3973
4222
3890
4160
4277
3984
3954
4205
4068
4348
4483
3984
4035
3872
3966
3987
4648
4118
3769
4198
3901
4235
4040
3974
3754
3906
4316
4022
4069
4108
4007
4163
4213
4544
4298
4137
3915
4327
3793
4317
4290
4223
4060
4222
3820
4355
4654
4467
3931
3811
3890
4178
4018
4127
4347
4390
4032
4119
4013
4600
4099
4178
4023
4300
4173
4076
4089
4322
3865
4348
3897
4219
4160
4117
4160
4352
4255
3826
4424
4274
3960
4596
4275
4124
3906
3935
4359
4185
4436
4338
3744
4359
4425
4119
4334
4217
4064
4251
4358
3903
3978
4140
3636
3991
4215
3972
4000
4107
3770
3893
4390
4336
3935
4262
3987
4633
4085
4207
4132
4320
3781
3975
4336
4234
4461
4052
4168
4195
4056
3868
3919
3922
3921
4287
3895
4107
3959
4311
4025
4385
4470
4286
4216
4191
3896
4089
4204
3844
4334
4536
4152
3739
4124
4379
3805
3861
4178
4087
3904
4166
4335
3829
3613
3972
4248
4472
4542
3914
4266
4156
4237
4022
3972
4294
4460
4196
4270
4332
4317
4061
3832
4283
4004
3949
4303
4133
4081
4671
4697
4306
4205
4292
4326
4465
4512
4442
4339
4483
4149
4789
4230
4271
4193
4269
4639
4272
4250
4423
4243
4469
4737
3926
4100
4046
4157
4071
4633
4522
4114
4529
4232
4499
4003
3855
4301
4576
4807
4486
4153
4313
4412
4361
4194
4598
4408
4246
4125
4687
3865
4389
4586
4456
4417
4523
4106
4203
4995
4920
4111
4039
4011
4396
4449
4400
4509
4723
4340
4649
4329
4889
4321
4450
4091
4554
4277
4224
4548
4734
4074
4558
4505
4156
4497
4110
4391
4418
4658
3891
4529
4280
4070
4750
4446
4015
4169
4156
4922
4324
4522
4507
4139
4418
4781
4438
4233
4619
4509
4430
4387
4062
4145
4051
4025
4454
4629
4221
4210
4475
4241
4125
4598
4500
4295
4081
4249
4796
4216
4148
4430
4513
4005
4106
4404
4208
4461
4398
4491
4228
3934
4192
4358
4238
4215
4529
4278
4090
3921
4401
4146
4631
4330
4324
4305
4460
4353
4475
4243
4232
4406
4614
4360
4221
4410
4625
4312
4212
4238
4095
4166
4346
4652
4260
3888
4133
4373
4691
4378
4547
4405
4351
4196
4145
4142
4731
4525
4256
4352
4438
4295
4246
4015
4428
4394
3839
4086
3454
3599
3909
4431
3861
3878
3905
3891
4001
4205
4211
3661
4357
3784
4101
4004
4099
3898
3945
4143
4023
3668
4431
3838
4047
4394
3864
3841
3864
3868
3837
4409
4174
3628
3843
3736
4202
3791
3672
3724
4174
4341
3976
3983
3981
3713
4090
3971
4327
4168
3923
3682
4162
3726
3900
4205
4326
3705
3996
3658
4139
4658
4369
3628
3670
4022
4013
3627
4137
4139
4142
3952
4167
3878
4543
3883
3713
4151
4136
3748
3857
3963
4037
3628
3928
3686
4091
4261
3878
3957
4241
4036
3653
4203
3988
4119
4257
3947
3867
3777
3605
4672
3795
3925
3994
3542
4006
4140
4018
3987
4124
4066
4153
4285
3669
3986
3877
3797
4196
4159
3892
3597
3778
3562
3913
4297
4182
3963
3799
3671
4483
4115
3789
3920
4035
3930
3670
3888
3960
4234
3860
3843
4174
3713
3809
3918
3875
3911
4101
3839
3629
3649
4110
3853
4002
4133
4070
3978
3863
4171
3729
3894
3694
4044
3910
3702
3761
3644
4298
3890
3657
3777
3900
3591
3731
4071
3818
3835
3786
3892
4334
4195
3835
4003
4098
3895
3821
3968
4226
4209
3748
4002
4332
3556
4008
3559
4084
3820
3964
4077
3963
3802
4297
4306
4048
4046
4229
4053
3963
4518
4027
4180
4391
3887
4527
3818
4146
3778
3813
4269
4402
3842
4189
4151
4074
4494
3949
3953
3992
3989
3867
4570
4029
3787
4141
4044
4237
4062
3734
4137
4029
4289
4081
4181
4045
4146
4045
4249
4420
4206
4154
4017
4226
3698
4352
4377
4316
3878
4055
3846
4287
4700
4446
3879
3790
4118
4086
4043
4174
4281
4746
4100
4220
4000
4599
4195
3985
4243
4138
4190
3909
4134
4305
3808
4115
3975
4300
4384
4139
3931
4245
4348
3642
4378
4164
4345
4258
4156
3792
3997
3951
4485
4132
4354
4154
3734
4439
4286
4295
4100
4274
4110
4373
4338
3665
4243
4006
3690
4134
4261
4038
4040
4004
3634
4125
4504
4351
4074
4136
3978
4722
4361
4021
4268
4191
3808
4129
4133
4335
4363
4171
4351
4254
3964
3828
4088
4000
4307
4383
3812
3946
4027
4283
4022
4311
4231
4174
4037
4168
4078
3967
4047
4044
4200
4272
3949
3941
4116
4280
3774
3790
4022
3927
3897
4045
4257
3956
3631
4058
4409
4558
4357
4079
4235
4322
4098
3896
3978
4324
4496
4011
4193
4345
3938
4050
3877
4118
4098
3993
3846
3758
3720
4292
4332
3945
4091
3932
3801
4322
4322
4085
4001
4338
3681
4614
3825
3942
3922
4035
4330
4144
3807
4341
4146
4099
4517
3988
4148
4035
4151
3916
4280
3935
3929
4396
3948
4174
3763
4110
4110
4144
4239
4287
4285
3814
4009
4203
3766
3894
4266
3946
4052
4196
3811
4417
4352
4174
3934
3952
3961
4096
4335
4502
3779
3824
4094
4239
4155
4313
4285
4351
4166
4243
4039
4507
4049
3898
3973
4470
4050
3837
4367
4215
3717
4288
4005
3998
4174
3973
4158
4112
4141
3457
4415
4263
4081
4225
4219
3776
4089
3851
4348
3815
4191
4146
3792
4179
4347
4204
4212
4402
4014
4252
4214
3991
4061
3982
3661
4311
4136
4165
4032
4208
3655
3895
4178
4113
4031
3953
3928
4447
4094
3965
4485
4362
3995
3862
4048
4201
4269
4220
4218
4111
3770
3927
4244
4115
4353
4338
4000
4044
3919
4371
4027
4105
4399
4312
4403
4301
3967
4135
4223
3979
4130
4241
4072
4065
4182
4194
4028
3709
4031
3816
4049
4263
4135
3893
3822
3847
4075
4368
4547
4000
4200
4436
4005
3945
4002
4472
4334
4203
4151
4455
4153
4218
3806
4477
4017
3832
4079
3903
3843
4322
4278
4200
4127
4060
4113
4240
4424
4301
4088
4431
4061
4262
4035
4179
3973
4067
4134
4257
3938
4474
4128
4017
4661
3682
3795
4057
3814
3874
4289
4136
3965
4157
4044
4262
4124
3854
4075
4247
4259
4052
4104
4190
4080
4046
4171
4359
4055
4216
3787
4171
3790
4531
4482
4281
4006
4164
4042
4273
4713
4533
3829
3958
4042
4034
3994
4348
4376
4650
4280
4395
4090
4413
4080
4148
3918
4327
4363
4014
4172
4341
4006
4230
4033
4143
4280
4093
4101
4375
4233
3664
4534
4216
4068
4529
4201
4108
4102
3675
4462
4115
4041
4329
3910
4412
4297
4287
4189
4266
4033
4240
4478
3782
4040
4245
3960
4303
4254
4150
3923
4291
3958
4080
4411
4335
3847
4188
3963
4634
4039
4173
4388
4230
3856
3798
4074
4315
4381
4059
4311
4264
3990
4049
4118
3987
4058
4264
4087
4048
3883
4134
4202
4311
4444
4157
3946
4221
4183
4228
4156
4080
4188
4472
4133
3897
4186
4402
3980
4095
3995
3845
4083
4193
4259
4103
3786
4092
4190
4398
4508
3953
4094
4037
3834
3943
4093
4359
4371
3949
4365
4310
3864
4381
3654
4198
4098
3859
4125
3886
3794
4186
4403
3989
3886
4004
4245
4405
4337
4358
4029
4454
3837
4422
3891
4185
3991
3885
4370
4090
4098
4170
4147
4097
4406
3849
3943
3903
4012
3704
4369
4062
3632
4084
3880
4237
3989
3784
4040
4431
4144
4289
4125
4169
4046
3984
4056
4321
3940
4081
3715
4060
3695
4127
4261
4187
3988
3985
3908
4354
4769
4396
3746
3592
3888
4252
4144
4143
4286
4494
3991
4435
3935
4457
3970
3833
3928
4312
4030
3984
4209
4341
4042
4255
3802
3998
4128
3901
4005
4167
4166
3671
4268
4137
4048
4304
4112
3988
4040
3726
4341
4152
4101
4345
3897
4408
4529
4092
3992
4346
4450
4158
4355
3854
3960
4005
3799
4126
4129
4030
3820
4181
3956
4035
4301
4226
4165
4189
3881
4675
3964
3938
4365
4318
3636
3973
3996
4187
4354
4054
4109
4145
3796
3897
4349
4021
4112
4002
3917
3953
3986
3989
3889
4253
4284
4050
3840
4219
3966
4103
3938
3914
4188
4265
4335
4025
4043
4251
3938
4028
3828
3735
4039
4040
4248
3811
3850
3905
4179
4335
4438
4228
4114
4390
3956
3909
3826
4395
4335
4200
4250
4426
4191
3942
3903
4153
4023
3886
4013
3704
3615
4214
4309
3888
3795
4210
3752
4434
4264
4201
3995
4052
3640
4185
3968
3910
3862
3978
4468
4021
3561
4261
3929
4239
4525
3988
3809
3938
3846
3802
4383
4154
3698
4145
3961
4043
3788
3741
3873
3968
4266
3996
3797
3871
3915
4131
4135
4376
4272
3999
3763
4123
3743
3967
4268
4236
4067
4061
3781
3985
4546
4465
3690
3678
3946
4157
4000
4304
4267
4443
4166
4077
3922
4498
3778
3844
3894
4193
4091
4008
4092
4204
3815
4235
3951
4012
4092
3922
4034
4120
4354
3632
4402
4136
3768
4246
4092
3729
3858
3838
4369
3893
3941
4167
3875
4139
4175
4125
4021
3943
3985
3963
4275
3902
4055
3739
3653
4065
4277
4069
4021
4153
3733
3911
4027
4093
3917
4136
3650
4472
3972
3828
4064
4253
3863
3896
4063
4259
4357
3994
3912
4010
3684
3781
3952
3857
4057
4231
3941
3888
3822
3732
3835
4124
4308
4140
4106
4027
3977
3993
3971
4075
4167
4266
3923
3925
4157
4242
3841
3929
3806
4032
3821
3964
4182
3935
3700
3678
4178
4318
4308
3996
4163
4197
3908
3795
3970
4261
4352
3863
4083
4268
3972
3864
3782
3986
3822
3779
4037
3795
3541
4096
4066
3647
3868
4054
3768
4117
4114
3735
3699
4098
3535
4170
3679
3850
3863
3893
3996
3911
3725
4089
4153
4050
4235
3825
3801
3561
3915
3613
4223
4048
3745
3904
3775
3775
3935
3712
3809
4133
4060
3899
3895
3810
3868
4073
3786
3965
4142
3804
3565
4056
3696
4146
4182
4109
3799
3872
3769
4172
4405
4255
3610
3644
3841
3951
3782
3979
4031
4166
4031
4067
3727
4329
3846
3677
3611
3826
3935
3976
3964
4320
3725
3939
3712
3693
3828
3528
3751
4153
4135
3265
4129
4027
3890
4133
3763
3748
3744
3659
4103
3954
4141
4154
3863
4128
4024
3800
3954
3882
3903
3920
4339
3525
3740
3958
3785
4174
3995
3939
3714
3773
3619
3766
3938
4037
3794
3816
3643
4424
3887
3748
3830
4088
3499
3618
3893
3906
4256
3872
3870
4036
3872
3642
3792
3749
3862
4147
3824
3664
3603
4004
3600
3968
3890
3994
3897
4030
4032
3996
3812
3687
4088
4027
3896
3671
3870
4226
3873
3652
3727
3676
3791
3812
4052
3924
3583
3711
3942
4322
4099
3789
3869
3826
3819
3541
3730
3933
4130
3964
4054
4031
3933
3700
3384
3916
3968
3959
4172
3911
3798
4324
4535
4054
3938
4199
4056
4436
4474
4288
3953
4422
4023
4478
4116
4215
4086
4139
4350
4327
3861
4272
3904
4372
4699
4031
4001
3980
4253
3977
4344
4381
4000
4186
3910
4083
3991
3822
3904
4411
4469
4281
4141
4102
4043
4103
4316
4322
4082
4152
3700
4311
3799
4308
4415
4232
4193
4201
3758
4372
4733
4676
4032
3782
3925
4380
4051
4162
4283
4583
4065
4432
3990
4563
4153
4131
4157
4271
4176
3854
4226
4411
4018
4180
4014
4217
4490
4138
4155
4477
4290
3766
4463
4210
4000
4455
4133
3884
4140
4132
4288
4061
4311
4127
3927
4306
4344
4356
4278
4309
4159
4489
4610
3909
4092
4059
3924
4440
4335
4085
4084
4091
3671
4189
4320
4283
3859
4139
4002
4735
4012
4053
4260
4351
3925
4347
4182
4382
4653
4262
4265
4227
4020
3862
4225
3987
4304
4423
3962
4011
4158
4162
4182
4283
4288
4334
4077
3884
4117
3949
4283
4136
4363
4457
4233
3966
4052
4372
3814
3991
3864
4121
4099
4093
4440
3985
3720
3944
4409
4462
4469
4056
4348
4278
4027
3770
4019
4541
4419
4233
4413
4446
4059
4255
3647
4208
3930
3774
3869
3765
3628
3900
4040
3905
3780
3797
3725
4006
4075
3972
3775
4160
3886
3919
3716
3781
3646
3814
4061
3946
3634
4043
3854
4077
4300
3979
3801
3746
3872
3522
4263
3920
3823
3919
4021
4025
3656
3654
3593
4042
4033
4037
4090
3985
3808
3921
4083
4108
4019
3941
3565
3947
3687
4263
4140
4190
3799
4133
3874
3972
4362
4249
3614
3674
3799
3978
3789
4080
4119
4169
3919
4437
3964
4196
3913
3655
3779
4036
4052
3756
3894
4198
3579
3969
3699
3976
4115
3864
3987
4085
4024
3353
3988
4105
3831
4284
3835
3682
3880
3671
4274
3795
3927
4142
3755
4121
4139
4050
3991
4004
4030
4152
3974
3529
4040
3804
3711
4112
4037
3686
3757
3943
3729
3991
4050
3965
3719
3789
3750
4264
3859
3781
4189
3930
3807
3733
3859
3985
4268
3938
3987
4031
3813
3583
3777
3777
3712
4226
3651
3775
3929
3937
3715
4191
4149
4240
3757
3799
3870
3754
3813
3764
4081
4031
3818
3800
3873
4019
3524
3546
3627
3774
3767
4042
3906
3597
3551
3931
3908
4124
4280
3771
4172
4042
3842
3728
3782
4046
4113
3925
4180
4256
3832
3991
3453
3967
3839
3935
3875
3843
3766
4496
4343
4027
3830
3978
3846
4215
4247
4104
4012
4098
3627
4367
3941
4102
3832
3884
4256
4113
3740
4312
4005
4106
4592
3981
3838
4012
3870
3799
4404
4181
3926
4218
4087
4034
3834
3910
4284
4213
4154
4180
4254
4124
3858
4297
3962
4103
4037
4026
3888
4195
3671
4108
4431
4186
3895
4051
3927
4101
4680
4438
3534
3692
3892
4110
3830
4231
3978
4304
4018
4113
4043
4401
4247
4180
3945
4090
3825
3805
4167
4420
3871
4068
4021
4000
4049
3852
4080
4371
4154
3769
4478
3996
3999
4006
3782
3974
3949
3980
4340
3779
4359
4068
3906
4265
4054
4126
4149
4078
4075
4264
4174
3800
3924
4056
3869
4018
4163
3915
3746
4020
3754
3782
4231
4097
4003
4034
3720
4333
4055
4044
3981
4207
3628
3907
3920
4205
4260
3988
4107
4052
4090
4072
4047
3778
4160
4333
3976
3726
3982
4056
3824
4320
4265
4321
3947
4039
3844
4060
4122
3815
4198
4213
4228
3744
4171
4380
3993
3919
3884
3740
3845
4009
4148
3841
3642
3866
4049
4356
4294
4204
4149
4105
3958
3761
4082
4051
4138
4231
4151
4203
3959
4059
3705
4186
3950
3460
3628
3402
3213
3848
3830
3749
3374
3921
3691
3866
3848
3867
3812
3788
3429
4060
3469
3448
3639
3584
3925
3701
3412
3817
3666
3843
3927
3395
3652
3457
3758
3528
4001
3829
3540
3899
3587
3605
3602
3623
3725
3720
3913
3717
3723
3559
3485
3775
3676
3692
3749
3799
3523
3874
3319
3940
4009
3997
3725
3967
3663
3783
4033
4011
3493
3441
3580
3896
3667
3698
3983
3970
3736
3776
3612
3774
3603
3566
3551
3990
3770
3491
3718
3964
3443
3879
3638
3593
3841
3506
3620
3757
4074
3157
3732
3835
3604
4070
3704
3735
3694
3560
3992
3757
3811
3837
3408
3786
4142
3720
3728
3840
3887
3711
4142
3443
3582
3927
3264
4002
3815
3601
3444
3657
3323
3746
3844
3809
3888
3740
3729
4133
3377
3359
3764
3679
3515
3562
3918
3736
3862
3485
3678
3738
3531
3623
3769
3549
3859
3862
3630
3397
3502
3712
3689
3776
3807
3955
3737
3793
3734
3690
3881
3550
3799
3898
3875
3539
3657
3988
3583
3519
3574
3622
3557
3901
3936
3505
3314
3699
3945
4138
3894
3680
3738
3953
3707
3438
3647
3927
3898
3653
3856
3930
3769
3875
3485
3718
3562
4095
4119
3859
3829
4555
4475
4344
4066
4275
4193
4283
4502
4370
4353
4431
4074
4487
4064
4118
3952
4082
4508
4459
4075
4424
4172
4123
4500
4235
4103
4056
4236
3957
4632
4357
4234
4276
4207
4351
3882
4084
4194
4358
4490
4546
4239
4184
4181
4333
4381
4363
4512
4303
3853
4696
3900
4116
4398
4620
4324
4084
3854
4380
4758
4692
4107
3898
4041
4453
4069
4481
4652
4741
4088
4471
4186
4455
4124
4043
4332
4507
4224
4345
4289
4479
3823
4488
4219
4246
4131
4176
4103
4198
4561
3666
4386
4516
4328
4804
4343
4242
3964
4077
4252
4334
4547
4499
3968
4624
4648
4332
4432
4290
4140
4381
4383
3994
3972
4075
3940
4262
4618
4128
4105
4188
3990
4136
4559
4488
4062
4238
3856
4720
4187
4239
4436
4387
3666
4196
4256
4237
4600
4244
4322
4597
3931
3838
4304
3929
4263
4158
3995
3960
3856
4167
4011
4371
4283
4558
4219
4105
4215
4196
4230
3897
4641
4269
4203
4130
4256
4629
4051
4089
4163
4036
4098
4003
4626
3830
3865
3988
4292
4581
4602
4423
4332
4479
4234
3933
4241
4382
4337
4188
4205
4538
4193
4213
3937
4277
4029
3846
3907
3595
3414
3916
4012
3769
3897
3754
3726
3874
3858
4046
3637
4185
3742
4216
3648
3717
3749
3942
4095
4051
3878
3984
3752
3868
4230
3764
3614
3595
3956
3542
4283
4050
3848
3996
3695
3968
3817
3610
3635
3865
4056
3755
3745
3812
3744
4061
3861
4128
4118
3863
3543
4003
3330
4041
4159
4037
3806
3936
3756
3805
4293
4245
3572
3791
3671
4038
3527
4248
4230
4187
3864
3803
3536
4224
3879
3664
3774
3972
3928
3856
3842
3982
3423
3863
3605
3875
3687
3910
3834
4038
4210
3425
4055
3976
3817
4110
4059
3746
3858
3638
4126
3790
3935
4158
3656
3966
4123
3749
3917
4062
3795
3978
4124
3708
4009
3879
3679
4081
4040
3645
3881
3754
3551
3891
3905
4080
3595
3926
3778
4467
3811
3502
3940
4077
3751
3646
4001
4075
4186
3921
3928
3915
3558
3526
3973
3673
3647
4186
3908
3629
3651
4174
3667
3776
4319
3948
4068
3980
3961
3841
3913
3767
3863
4120
3798
3670
3700
4068
3531
3647
3708
3821
3920
3842
4228
3778
3491
3887
3931
4202
4098
3774
3955
4104
3821
3893
3707
4070
4109
3938
3894
3947
3646
4002
3662
4070
3651
3838
4039
3986
3930
4387
4434
4084
3937
3998
3930
4242
4385
4206
4254
4640
4026
4638
4086
4193
4113
3991
4383
4284
3841
4402
4260
4438
4561
4148
4201
3788
3934
3845
4377
4360
4143
4315
4030
4522
3864
3885
3949
4319
4163
4220
4285
4163
4007
4398
4331
4436
4100
4224
4034
4474
3770
4431
4576
4605
4071
4255
3953
4199
4693
4782
3858
3833
4122
4235
4253
4455
4482
4644
4115
4503
4223
4524
4173
4054
4254
4373
4273
3905
4181
4314
3898
4431
4076
4267
4357
4225
4239
4255
4494
3758
4305
4215
4238
4354
3985
4099
4207
3944
4711
4026
4440
4341
4015
4456
4473
4302
4133
4471
4379
4435
4271
3821
4045
4192
3940
4189
4616
4050
4060
4269
3868
4200
4286
4384
4257
4315
3973
4578
4026
3980
4243
4430
3929
4146
4127
4226
4511
4314
4055
4148
4001
4137
4123
4172
4222
4691
4182
4021
4179
4191
4104
4206
4494
4368
4114
4329
4032
4135
4232
4159
4347
4399
4270
4109
4017
4414
3831
3952
3972
3965
3864
4285
4137
3948
3648
4194
4223
4612
4435
4262
4467
4521
4213
4067
4013
4472
4483
4222
4470
4570
4312
4105
3755
4390
4246
3737
3856
3825
3607
4262
4059
3910
3768
4047
3927
4211
4348
4050
3926
4073
3864
4344
3747
3900
3916
3791
4291
3875
3897
4056
3962
4121
4326
3593
3931
3928
3939
3644
4177
3892
3868
4296
4001
4009
3902
3473
3844
4055
4247
3867
4042
3946
4047
4168
4247
4031
4132
3965
3854
4290
3657
4382
4477
4267
3971
3953
3914
3878
4469
4511
3753
3715
3594
4007
4125
4084
4169
4328
4021
4172
3969
4571
4040
3761
3881
3997
3991
3900
3857
4085
3852
4125
3977
3920
3919
4157
3978
4221
4226
3559
4216
4000
3843
4362
4117
3903
4076
3831
4387
3816
3968
4251
3722
4102
4092
4082
3910
4050
4195
3879
4290
3616
3834
3899
3662
4079
4141
3863
3873
4038
3654
3751
4002
4052
3946
3650
3799
4489
4071
3684
4012
4226
3786
3954
3994
4094
4174
3891
3977
3703
3754
3655
3917
4036
3990
4359
3734
3914
3708
4000
3854
4146
4029
4092
3818
4012
3833
4089
4135
3807
4177
4316
4040
3736
4057
4088
3851
3831
4060
3819
3916
4055
4151
3828
3908
3968
3865
4162
4133
4037
3920
4102
3912
3703
3874
4199
4276
3898
4062
4196
3806
3975
3725
4147
3900
tempo: 0.286217