200 200
4652
4452
4615
4900
4448
4514
4521
4096
4230
4395
4493
4070
4357
4437
4248
4758
4358
4387
4681
4741
3920
4658
4466
4485
4842
4827
4619
4373
4670
4267
4555
4872
4342
4351
4395
4702
4508
4452
4727
4112
4100
4714
4267
4584
4252
4484
4342
4480
4608
4604
4659
4589
4487
4527
4463
4134
4238
4377
4206
4330
4536
4478
4470
4629
4584
4989
4355
4462
4193
4513
4284
4373
4343
4597
4446
4553
4099
4445
4655
4435
4491
4788
4585
4684
4393
4530
4702
4017
4265
4650
4602
4455
4444
4442
4568
4252
4456
4386
4348
4379
4913
4782
4662
4856
4488
4182
4584
4607
4032
4371
4440
4814
3855
4457
4669
4544
4329
4927
4459
4722
4782
4119
4583
4614
4477
4234
4383
4168
4691
4307
4774
4629
4258
3994
4245
4350
4732
4160
3988
4218
4242
4557
4711
4238
4465
4735
4248
4579
4772
4312
4185
4840
4660
4648
4435
4424
4653
4071
4525
4644
4219
4627
4616
4453
4357
4290
4388
4489
4566
4625
4202
4471
4826
4802
4214
4447
4696
4752
4467
4435
4374
5056
4320
4929
4526
4375
4770
4464
4548
4408
4235
4153
4700
4615
4296
4780
4166
4299
4316
4401
4229
3918
4409
4419
4223
4025
4062
3637
3907
3767
4011
3679
3984
3575
3690
4057
3963
4090
3899
3968
3635
4231
3869
3960
4298
3945
4108
4097
4179
3898
4108
4514
3997
4104
3711
4198
4119
4247
4160
3685
3544
4017
3686
4345
3619
3902
3831
3818
3987
4327
3914
4011
3918
4023
3753
3978
4082
4068
3687
3885
4222
3909
4319
4313
3983
4285
3991
4025
3744
4199
4110
3785
3932
3920
3744
4046
3804
3901
4329
3956
3791
4264
4167
3937
3946
3976
4069
3658
3782
3894
3888
4018
3919
3949
4026
4091
3939
3966
3995
4017
4358
4035
4171
4522
3931
3406
4003
4084
3664
4005
3932
4358
3412
4229
4176
4289
3740
4289
3833
4211
4432
4067
4017
4079
4310
3875
3956
3846
3981
3831
4231
4126
3872
3696
3881
3808
3841
3752
3649
4081
3841
3843
3913
3785
3826
3880
3690
3819
4353
3709
3675
4173
4282
3875
3954
4162
4161
3665
3997
4205
3960
3835
3774
4031
3729
3733
4149
4006
4152
4082
3851
3859
4495
4110
3801
3959
3888
4246
3901
4018
4090
4555
3890
4094
3992
3966
4190
3951
4219
3949
3787
3982
3979
4180
3763
4146
3713
3670
3832
3910
4344
4030
4350
4391
4027
3967
4184
3772
4047
4025
4248
3814
4061
3966
4022
4140
4069
4041
4047
4142
3457
4153
4074
3711
4448
4475
4173
3885
4394
3843
4142
4379
3758
3967
3880
4187
4267
4132
4303
4044
3728
4111
3767
4066
3600
3875
4104
3848
4057
3956
4147
4124
4220
4083
4011
3839
3995
4107
3863
3902
4217
4153
4119
4201
3910
4550
4009
4018
3890
4099
3797
4221
3998
3984
3830
4201
3994
4240
4303
4130
4117
4285
4270
4349
3981
4026
4256
3736
3929
3820
3871
3863
4098
3909
3827
3791
3905
4022
4020
4145
4389
3968
4217
4434
3812
3612
4056
4117
3801
4084
3885
4141
3272
3907
4446
4061
4050
4447
3873
4258
4430
3828
4299
4229
4293
3650
3960
3854
4408
3636
4097
3920
4147
3690
3870
4009
3874
4090
3436
4131
3776
3936
4098
3826
4038
4014
3760
3962
4065
3886
4167
4210
4296
4207
4093
4065
4408
3726
4064
4160
3955
4003
4143
3926
3891
3838
3899
3859
3891
3990
3953
3804
4162
4113
3855
3976
3681
4339
4020
4159
3935
4591
3960
4285
4089
3909
4117
3848
4189
4176
3940
3576
3804
4292
3751
4122
3904
3878
3860
3899
4244
3747
4208
4211
4015
3876
4043
3685
3923
3778
3810
3674
3959
3547
3745
4042
3934
3956
4154
3865
3715
4174
3739
3831
4397
4157
4033
4156
4011
3587
3908
4342
3822
3969
3580
4105
3987
3794
4019
3546
3392
3817
3588
4120
3556
3547
3674
3643
4088
3935
3996
3896
3965
4008
3702
3700
4052
3791
3539
3704
4010
3941
3930
4160
3740
4152
3723
3861
3634
3828
3811
3858
3701
3987
3451
3680
3643
4005
4269
3701
3619
4146
4086
4063
3688
3798
3988
3461
3481
3937
3670
4094
3824
3759
3786
3844
4010
3951
3785
3922
4110
3669
3800
4180
3863
3509
3964
4002
3471
3855
3965
4061
3200
3896
3971
4121
3669
4015
3752
4144
4056
3858
3916
4214
3985
3701
3859
3704
4016
3767
4059
3951
3767
3467
3754
3910
3784
3602
3365
3776
3428
3821
3801
3839
3657
3792
3423
3856
4058
3750
3629
4171
4081
3737
3797
3849
3954
3826
3854
4112
3814
3763
3773
3846
3834
3606
3828
3836
4066
4121
3737
3710
4305
4036
3667
3581
3651
3828
3918
4005
3713
4544
3857
3754
4001
3527
4215
3761
3985
3778
3793
3740
3624
4312
3889
3992
3643
3451
3622
3893
4316
4230
4455
4628
4597
3969
4165
3798
3831
4077
4268
3803
4146
3829
3994
4548
3977
4263
3945
4162
3403
4338
4116
4064
4594
4471
4520
4266
4257
3891
4548
4742
3951
4132
3940
4319
4314
4318
4295
3857
3741
4252
3952
4117
3798
3944
4089
3965
4074
4145
4240
4074
4317
4216
4435
4021
3971
4263
3818
4146
4296
4235
4148
4425
4208
4519
4199
4083
3920
4178
4038
4093
3931
4074
4106
4116
3948
4223
4369
4146
4276
4354
4175
4234
4304
4144
4096
3956
3907
3999
3801
4009
3902
4041
4086
3808
4189
3925
4252
4024
4397
4198
4001
4391
4067
3831
3972
4304
3742
4279
4072
4098
3500
4028
4492
4181
3983
4308
3831
4272
4361
3957
4255
4453
4171
3651
4020
3873
4470
3905
4344
4107
3937
3903
4085
4026
3977
3834
3680
4088
3851
4100
3842
3983
4090
3850
4014
3950
4459
3888
4207
4208
4390
4349
4072
4145
4593
3796
3894
4511
3846
4021
4054
4190
3765
4083
4096
3877
4021
4113
3846
3695
4345
4399
3900
4033
3857
4310
4120
4309
3918
4691
3958
4426
4460
4246
4263
3866
4452
4222
3867
3889
4187
4153
4003
4254
4095
4038
3741
4068
4407
3911
4247
4677
4380
4216
4226
4032
4279
4251
4333
3960
4166
4099
4243
4434
4168
4267
4357
4548
3542
4247
4165
3979
4601
4327
4597
4223
4513
4154
4405
4356
4026
4215
4267
4422
4338
4181
4308
3963
4055
4190
3964
4109
3826
4233
4241
4127
4243
4214
4439
4083
4492
4178
4078
4096
4014
4201
3984
4103
4417
4078
4163
4374
4141
4473
4167
3920
4032
4329
4099
4159
3996
4275
4130
4206
4079
4295
4290
4069
4263
4669
4212
4408
4202
4370
4085
3944
3910
4150
3976
4219
4179
4198
4208
4159
4127
4138
4459
4221
4669
4372
4364
4591
3951
3761
4170
4172
4065
4165
4023
4554
3455
3997
4399
4425
4026
4461
3707
4498
4405
4040
4475
4458
4340
3995
4233
4017
4338
4018
4156
4286
3941
3890
3911
4176
4213
3761
3716
4073
3850
4188
3972
4079
4137
4273
4094
4260
4213
3949
4181
4279
4242
4392
3970
4318
4549
4030
4259
4413
3969
4060
4147
4244
4036
3963
4064
4304
4172
4220
4007
4240
4534
4210
4115
4170
4183
4328
4133
4384
4310
4643
3949
4342
4476
4154
4317
4240
4348
3959
3927
3930
4150
4588
3988
4390
3683
3954
3957
4091
4157
3898
4064
4228
4082
3885
3979
3511
3792
3788
3825
3526
3626
3612
3776
4047
3733
3802
3898
3783
3587
4077
3806
3984
4079
3983
3981
3935
4090
3897
3875
4334
3804
3868
3692
3973
3946
3828
4170
3689
3516
3929
3733
4132
3693
3781
3830
3644
3910
4124
3971
4026
4096
4139
3840
3715
3641
3905
3501
3852
3886
3870
3858
4021
3869
4363
3949
3852
3805
3981
3730
3715
3922
3871
3621
3621
3818
3815
4055
3750
3844
3895
3734
4005
3765
4127
3906
3401
3701
3658
3761
3935
3587
3950
3857
3810
3976
3771
3795
3839
4194
4046
3960
4101
3896
3194
4011
4012
3698
3772
3653
3978
3103
3725
4092
4215
3840
4184
3628
4209
4252
3785
3860
4105
4257
3578
3872
3705
3979
3760
3977
3686
3778
3686
3654
3831
3992
3860
3442
3795
3625
3625
3862
3644
3728
3773
3561
3566
4164
3629
3642
4025
4143
3821
3874
3920
4168
3456
4025
3931
3887
3674
3833
3939
3724
3428
3763
3748
3841
3772
3456
3839
4148
3964
3527
3831
3994
4201
3745
3755
4079
4383
3882
3873
4155
3905
3956
3870
4185
3847
3728
3645
3617
4140
3512
3927
3534
3611
3523
3627
4335
4123
4376
4410
4184
4144
4173
3596
3557
4032
4249
3810
3751
3759
3774
4397
4073
3981
3989
4051
3514
4147
4080
3950
4345
3902
4210
4123
4396
3921
4195
4532
3744
4085
3910
4270
4210
4398
4070
3815
3724
4272
3865
4158
3716
3932
3842
3897
3939
4175
4203
3792
4280
4207
3819
3792
3991
3958
3638
3965
4317
4108
4041
4395
3909
4498
3894
4038
3833
3975
3995
4045
4114
3928
4051
3872
3921
4191
4200
3815
3891
4291
4176
3923
4062
4182
4171
3457
3819
3886
3944
3968
3764
3915
3984
3775
3930
3899
3898
4085
4269
4101
4293
4075
4087
3390
3999
4150
3745
4090
3991
4303
3390
3955
3917
4359
3614
4257
3760
4290
4180
4110
4313
4244
4143
3777
4201
3839
4178
3942
4165
4190
3905
3681
3922
3980
3931
3855
3725
3824
3664
4213
3802
4043
3823
3884
3743
3872
4162
3661
3874
4123
3994
4117
4045
4032
4331
3861
4158
4208
4165
3995
4128
3778
3876
3716
3953
3928
3840
3995
3833
3848
4421
4151
3854
3963
4033
3983
3956
4153
3840
4440
4162
3954
4124
4046
4110
3959
4161
4103
3980
3929
3838
4152
3843
4270
4029
3587
3832
3864
4357
4235
4260
4533
4207
4259
4188
3943
4011
4135
4187
3804
4009
4037
3829
4149
4190
4190
4180
3969
3700
4313
4174
4045
4442
4273
4197
4220
4536
4426
4166
4452
3851
4208
3831
4197
4469
4397
4297
3926
3755
4056
3966
4444
3665
3990
3964
4140
4106
4343
4363
4248
4167
4372
4043
3939
4102
3946
3783
4016
4272
4143
4198
4226
4422
4365
4144
4249
3844
4540
4140
3869
3962
4326
4012
4053
4101
4115
4220
4148
4212
4462
4234
4241
3818
4185
4206
3644
3899
4180
3920
4030
3881
3886
4176
4035
4223
4091
3948
4091
4410
4463
4114
4553
4432
3673
4095
4064
3897
3976
4102
4466
3643
4078
4328
4422
3901
4295
3962
4620
4215
4047
4112
4295
4196
3754
3952
3927
4162
3873
4326
4211
3784
3830
3993
4049
4073
4023
3623
4053
3948
4237
4059
4084
4088
4066
3957
4044
4420
3850
4211
4122
4333
4134
4249
4170
4229
3916
4234
4336
4075
4198
3863
3945
4063
3862
3809
3821
4130
4095
3774
4031
4269
4347
3872
4029
4143
4360
4289
4315
3955
4651
4089
3994
4372
4108
4042
4152
4471
4219
3979
3819
3872
4226
3911
4483
3796
3959
3944
3921
4309
4209
4397
4620
4288
4133
4243
3873
4005
4169
4347
3707
4260
3836
3682
4407
4114
4045
4347
4161
3636
4471
4199
4112
4534
4314
4340
4174
4703
4171
4266
4481
4022
4237
4035
4329
4186
4421
4469
3919
3671
4247
4270
4438
3882
4072
4012
4082
4140
4349
4314
4149
4287
4559
4117
4056
4139
4151
3905
4040
4373
4230
4135
4373
4244
4564
4348
4447
3874
4220
4246
4128
4186
4261
4322
4177
3938
4213
4423
4216
4072
4465
4299
4348
4133
4223
4162
3882
3849
4222
4080
4138
4099
3894
4066
3909
4001
4312
4391
4237
4620
4339
4229
4518
4234
3825
4050
4205
4120
4087
4101
4468
3495
4224
4392
4291
3953
4708
3895
4707
4409
3955
4549
4463
4345
3900
4119
4016
4530
4251
4544
4329
4017
3764
3873
4178
4096
4243
3590
4121
3527
4169
4026
4123
4205
3869
3851
4111
4219
4019
4223
4303
4532
4085
4204
4097
4235
3884
4325
4438
4016
4169
4191
4228
3965
3892
4153
4001
4143
4093
3889
4058
4407
4284
3699
4110
4063
4224
4203
4468
3778
4694
4233
4171
4192
3947
4251
3975
4596
4255
3837
4161
4171
4018
3920
4621
3904
3897
3899
4309
4050
3980
3992
4148
4240
4097
4154
3650
3696
3914
4166
3618
3840
3797
3858
3954
3871
4013
3866
3994
3562
4144
3923
3767
4177
4143
4145
3720
4265
3921
4162
4484
3484
4037
3794
4264
3975
3996
4073
3850
3705
3878
3745
3945
3849
3918
3868
3985
4040
3707
3933
3927
4132
3965
4066
3921
4031
3969
3682
4114
4069
4209
3889
4247
3899
4581
3856
4026
3769
3762
3955
3822
3781
3942
3808
3978
3899
4126
4237
4069
3838
4315
3824
4282
3861
3946
3999
3415
3593
3700
3802
3799
3945
3772
4005
3754
3784
3809
4042
3810
4310
3959
4240
4463
3867
3673
3715
4136
3768
4248
3925
4242
3457
3974
4231
4106
3730
4128
3880
4364
4175
4002
4004
4416
4025
3679
3637
4088
3871
3829
4239
4272
3801
3429
3688
3847
3837
3860
3542
4002
3779
4080
3500
3834
3849
4080
3900
3930
4049
3644
3951
3996
3913
4002
3670
4123
3924
3519
3911
4096
3704
3967
3916
3995
3823
3821
3715
3914
3924
3790
3641
3755
4051
4060
4029
3773
3954
4125
4082
4111
4124
4365
4155
4317
4095
3936
3924
3684
4187
4025
3840
3702
3852
4038
3932
3957
3807
3686
3581
3652
4165
4339
4277
4567
4235
4427
4376
3588
3948
3960
4416
3865
4027
3970
3782
4575
4198
4041
4350
4177
3509
4427
4208
3874
4442
4167
4440
4008
4264
4067
4033
4588
4017
4287
3881
4321
4173
4102
4304
4020
3990
4533
3847
4367
3796
4216
4098
4118
3891
4278
4246
3995
4245
4594
4224
3972
3926
3998
3735
4084
4351
4169
4250
4447
4129
4572
4304
4185
4012
4005
3940
4090
4005
4320
4043
4217
4014
4046
4298
4100
4311
4395
4252
4241
4079
4473
4362
3713
3622
3996
4024
4114
3794
3958
4191
3803
3938
4141
3980
3973
4341
4388
4230
4248
4079
3703
4086
3935
3827
4132
4228
4495
3682
3940
4189
4432
4084
4184
3935
4565
4257
3748
4594
4363
4362
3719
4294
3833
4293
4002
4271
4424
4201
3747
4009
4000
4069
3956
3608
4137
3641
4117
4048
4014
3943
4030
3528
4132
4372
3900
3937
4124
4276
4282
4078
4271
4236
3938
4171
4293
3838
4036
4080
3948
4136
4124
4114
3817
3921
4229
3814
3827
4355
4158
4091
4302
4035
4168
3973
4121
4015
4562
4028
4189
4324
4099
4098
4301
4441
3899
4152
3826
4016
4157
3958
4616
4033
3913
3833
3864
4617
4214
4578
4568
4485
4528
4393
3940
4192
4088
4137
3911
4050
4283
3945
4499
4310
4269
4491
4502
3652
4575
4146
3987
4769
4733
4422
4333
4416
4222
4430
4710
4149
4386
4080
4471
4497
4240
4239
4192
3991
4486
4220
4464
3961
4281
4146
4220
4240
4437
4440
4339
4523
4345
4245
3933
4288
4218
4025
3987
4626
4194
4494
4731
4151
4683
4172
4349
3902
4207
4500
4059
3936
4290
4185
4183
4138
4339
4533
4181
4026
4603
4507
4299
4237
4157
4154
3757
4083
4300
3954
4430
4116
4089
4158
4176
4244
4347
4309
4372
4644
4575
4452
4618
4310
3878
4186
4371
3953
4192
4275
4821
3874
4329
4436
4484
4427
4566
4182
4619
4398
4260
4425
4505
4236
4062
4299
3991
4416
4141
4293
4182
4073
3920
4094
3999
4215
3893
3719
4055
4053
4166
4311
4247
4110
4418
3902
4240
4334
3972
4099
4391
4238
4442
4146
4210
4440
4104
4230
4457
4121
4325
4207
4013
4039
4009
3974
3963
4307
4296
3993
3999
4722
4455
4156
4079
4259
4348
4183
4535
4384
4915
4097
4454
4467
4197
4408
4344
4259
4159
4273
4109
4102
4383
3994
4518
3948
3897
3885
4001
3999
4020
4126
3990
4134
4025
4126
3432
3877
3795
3929
3443
3777
3725
3414
3927
3862
3750
4012
4079
3361
4202
3895
3694
4258
4102
4060
4089
4043
3699
4034
4367
3882
3919
3801
4100
3912
4131
3971
3744
3441
4143
3572
4054
3662
3909
3983
3583
3720
3878
4079
4026
3992
3843
3661
3483
3961
3931
3475
3773
4141
3837
4082
4255
4001
4234
3884
3817
3622
3921
4055
3877
3618
4048
3851
3813
3836
4097
4193
3574
3818
4260
4074
4030
3783
3719
3860
3339
3550
3693
3833
4122
3847
3711
3981
3908
3786
3863
3908
3833
4236
4003
4117
4134
3801
3395
3874
3997
3550
3865
4022
4326
3353
3881
3987
4213
3555
4254
3901
4093
4015
3846
3862
4090
3876
3952
4056
3649
3957
3938
4121
3900
3658
3322
3692
3645
3739
3462
3412
3601
3578
3772
3805
3751
3668
3734
3438
3676
4061
3540
3795
4059
3905
3898
3781
3895
4200
3857
3844
4028
3666
4105
3716
3963
3661
3515
3812
3526
3989
3936
3535
3646
4227
3917
3544
3592
3861
4022
3777
3929
4109
4264
3771
4079
4087
3667
3922
3733
3821
3863
3955
3778
3679
3850
3814
3876
3832
3458
3684
3749
4251
4095
4317
4370
3970
4038
4020
3771
4013
3985
4077
3650
3983
3896
3784
4055
4156
4117
4024
3979
3753
4232
4014
3888
4412
4255
4239
3996
4192
3744
4064
4546
3906
4150
3683
4318
4219
3961
4000
3753
3696
4162
3775
4079
3748
3852
3864
3886
4048
4070
4253
4005
4100
4105
3854
3867
4162
4127
3556
3873
4039
4070
4024
4432
4264
4541
3920
3964
3716
3944
4138
3932
3871
3880
3849
4055
3878
4197
4126
3986
3942
4199
4223
4098
4018
3786
3927
3547
3614
4178
3911
4077
3926
3887
3928
4027
3812
3922
4032
3880
4241
4031
4125
4447
3692
3560
4098
4139
3870
4113
3805
4154
3490
4150
4122
4411
3817
4306
4014
4297
4215
3814
4094
4265
4012
3776
3933
3546
4405
3741
4088
4105
3700
3767
3965
3999
3887
3929
3431
3968
3645
3857
3865
3754
3936
3930
3664
3965
4244
3791
3817
4346
4139
4040
3774
4292
4200
3910
4102
4205
3803
4061
3971
4131
3966
3671
3682
3958
3981
4016
3602
4047
4328
4142
3978
3857
3969
4055
4013
4065
4042
4386
3744
4271
3925
3933
4198
4112
4100
4014
3754
3591
4082
4206
3954
4224
3880
3686
3754
3907
4365
4108
4349
4310
4296
4009
4103
3818
4074
4087
4243
3826
4083
3764
4081
4203
4048
4294
4024
4059
3686
4460
4151
3798
4582
4312
4136
4315
4436
3996
4286
4479
4053
4286
3739
4486
4133
4158
4362
3988
3688
4016
3853
4383
3773
4167
4115
3949
4236
4065
4406
4334
4182
4070
3877
4112
4020
4288
3834
4092
4262
4066
4447
4310
4185
4445
4004
4147
3877
4298
4141
4316
3886
4214
3951
4216
3959
4159
4409
3978
4082
4330
4240
4249
4229
4155
4226
3828
4051
3977
3886
4231
4074
4050
4067
4186
4260
4170
4268
4004
4561
4339
4279
4644
4112
3914
4065
4238
3849
4095
4044
4307
3426
4196
4544
4467
3844
4510
4165
4403
4445
3997
4178
4243
4421
3919
3860
3970
4128
3951
4305
4263
3984
3570
4107
4007
4256
4028
3637
4091
4198
4028
3894
3899
4043
4210
3727
4067
4507
3780
3986
4466
4268
3942
4076
4263
4220
3840
4068
4157
4006
4146
4100
4124
3854
3852
4015
3994
4164
4207
3929
3996
4455
4327
3985
3910
3964
4438
4177
4224
4106
4754
4086
4493
4310
4026
4179
4059
4397
4139
4122
3972
4173
4228
3835
4181
4052
3798
3896
3929
4272
4151
4112
4297
4391
3933
3980
3571
3816
4083
4165
3598
3920
3677
3900
4400
3754
4075
4268
4267
3591
4136
3920
3989
4393
4344
4311
4152
4298
3937
4203
4658
3822
4008
3859
3890
4369
4124
4198
3636
3857
4330
3778
4137
3762
3946
3952
3996
3934
4037
4257
4005
4041
4374
3930
4102
3931
4215
3651
3838
4182
4119
4050
4294
4070
4552
4008
3973
3888
3973
3964
4135
4150
3936
4065
4012
3855
4236
4090
3924
4066
4254
4135
4098
3920
4126
4236
3638
3676
3857
4046
4065
3867
3857
4076
3903
3901
4279
3802
3769
4460
4205
4231
4314
4114
3467
3970
3904
3859
3853
4008
4202
3393
3976
4230
4252
3828
4239
3743
4284
4044
3862
3949
4319
4229
3855
4065
3766
4166
4022
4308
4011
3733
3685
3716
4210
3992
3951
3531
3779
3853
4014
3932
3842
3901
3842
3955
4089
4242
3619
4073
4266
4062
4225
3984
4086
4215
4241
4036
4310
3994
3996
3984
4137
3882
3786
3870
3896
3901
4251
3861
3727
4425
3952
3788
3885
3956
4298
3940
4131
3903
4444
3931
4126
4057
3891
4283
3909
4247
3957
4096
3917
3921
4095
3845
4131
3911
3850
3840
3971
4240
3965
4299
4362
4109
4105
4000
3860
3821
4067
3996
3453
3988
3642
4105
4343
3948
4211
3962
3938
3355
4232
4103
3776
4348
4149
4278
4150
4088
4162
4163
4615
3906
4175
3764
4050
4107
4053
3993
3847
3511
3760
3649
4091
3557
4053
3978
3950
4164
4143
4061
3945
4163
4205
4165
3942
4167
4288
3650
3854
4080
3947
3911
4124
4095
4500
3649
3889
3651
4268
3966
3854
3849
3940
3896
3910
3794
4396
4030
4116
3903
4334
3977
4210
3911
3982
4124
3743
3801
3964
3852
4011
3928
3832
3877
4177
3995
4025
3929
3801
4291
4186
4099
4391
4030
3638
3936
3843
3987
4011
3739
4073
3451
4142
4274
4316
3647
4393
3909
4240
4342
3997
4113
4218
4032
3688
3895
3781
4196
3930
4237
4092
3847
3680
3645
4054
3955
3741
3492
3864
3643
3900
3758
3978
3963
3986
3626
3933
4220
3816
3833
4177
4213
3949
3803
3964
4053
3857
4079
4303
3818
3932
4001
4148
3745
3621
3967
3976
4124
3833
3863
3780
4336
4134
3887
3646
4076
4120
4020
4053
4091
4412
4039
4309
4116
3953
3938
4066
4305
3930
3712
3629
3909
4091
3915
4074
3799
3668
3663
3875
4286
4134
4419
4521
4292
4104
4071
3956
3950
3906
4292
3802
4084
3940
3949
4580
4158
4229
4092
4499
3747
4252
4200
3985
4689
4351
4421
4179
4643
4102
4234
4454
3849
4049
3940
4304
4235
4294
4259
3722
3897
4405
3883
4329
3674
4153
4177
4129
4058
4037
4377
4062
4329
4173
4033
4031
4013
4168
3894
4089
4452
4061
4166
4377
4201
4644
4120
4113
3976
4235
4062
4266
4037
4159
4068
4114
4037
4253
4142
4139
4182
4461
4357
4342
3925
4121
4223
3758
3952
4114
4015
4317
4156
3855
4161
3966
4049
4088
4323
4351
4602
4019
4432
4482
4044
3853
3982
4292
3811
4094
4173
4521
3327
4033
4389
4362
4060
4468
3833
4618
4385
3891
4251
4273
4278
3714
4190
3957
4323
3860
4345
4057
4029
3842
3941
4102
4167
3923
3524
4161
3761
4113
4074
3754
4151
3951
4122
4005
4338
3887
4263
3969
4251
4353
4115
4187
4297
3943
3971
4254
3969
4091
4030
4007
4080
3810
3920
4015
3989
4046
3756
3989
4534
4563
3992
4172
3977
4269
4009
4450
4012
4770
3824
4227
4065
4066
4244
3977
4247
4209
4051
3942
4101
4536
3925
4290
3868
3985
3890
4108
4369
4449
4370
4565
4355
4326
4330
4108
4029
4075
4341
4020
3838
3960
3977
4583
4425
4441
4221
4145
3978
4437
4180
4117
4526
4352
4411
4282
4398
4079
4113
4827
4084
4172
3881
4370
4435
4237
4531
4047
3822
4237
4101
4434
3776
4135
4097
4196
4286
4384
4278
3922
4505
4429
4467
4121
4301
4364
3896
4136
4487
4305
4459
4636
4059
4894
4188
4292
4189
4225
4253
4148
4103
4147
4016
4099
4172
4302
4515
4220
4398
4435
4536
4349
4191
4162
4399
3723
3936
4091
4084
4316
4265
4179
4386
4177
4267
4294
4318
4229
4481
4258
4425
4672
4065
3761
3975
4117
4070
4228
4183
4519
3719
4223
4598
4401
4208
4538
4176
4573
4529
4103
4436
4468
4234
4220
4123
4194
4393
4229
4372
4336
4140
3632
4042
4099
4220
4159
3870
4256
4156
4327
4051
4051
3901
4167
4013
3858
4386
3996
4278
4427
4316
4315
3923
4361
4422
4098
4158
4480
3877
4527
4489
4223
4060
4090
4211
4118
3924
4267
3975
4165
4385
4631
4167
4490
4193
4297
4376
4085
4240
4917
4190
4318
4402
4392
4447
4151
4423
4151
3972
4074
4039
4644
4079
4278
3938
3985
4098
3912
4693
4708
4560
4480
4437
4380
4481
3983
4471
4337
4625
4052
4329
4265
4267
4617
4528
4345
4624
4512
3895
4523
4236
4355
4756
4795
4555
4358
4608
4356
4358
4954
4197
4275
4356
4805
4700
4558
4447
4399
4108
4756
3977
4431
4069
4424
4401
4291
4263
4441
4588
4391
4318
4683
4230
4387
4205
4421
4038
4404
4449
4424
4404
4701
4378
4949
4522
4151
4304
4219
4583
4303
4398
4440
4268
4196
4254
4538
4600
4272
4446
4754
4529
4590
4360
4380
4399
4023
3932
4256
4365
4451
4307
4167
4632
4367
4469
4388
4326
4293
4648
4410
4478
4809
4188
3973
4332
4401
3982
4278
4156
4694
3921
4238
4661
4532
4153
4590
4133
4660
4623
4215
4572
4779
4465
4085
4474
4032
4598
4108
4530
4446
4369
4089
4323
4392
4420
4205
3983
4261
4018
4254
4335
4016
4215
4312
3934
4267
4511
4148
4445
4551
4504
4515
4259
4445
4573
4194
4507
4707
4253
4295
4272
4318
4328
4090
4216
4093
4363
4520
3936
4376
4617
4509
4280
4457
4556
4559
4211
4348
4465
4753
4309
4227
4428
4327
4454
4310
4604
4518
4433
4081
4173
4650
4252
4673
4181
3974
4199
4028
4270
3960
4146
4326
4257
4041
3913
3619
3973
4092
3854
3407
3986
3739
3735
4139
3941
3936
3903
4075
3449
4039
3958
3641
4346
4214
4086
4154
4275
4075
3990
4350
3885
3970
3866
4084
4158
3856
4111
3755
3568
4048
3716
3867
3449
3641
3904
3825
4034
4276
3855
4101
3816
4081
3509
3866
3975
4111
3447
3610
4185
4035
4004
4045
3843
4200
3740
3934
3612
4077
4066
3697
3874
3924
3724
3855
3825
3913
4195
3847
3749
4129
4087
3989
3914
3919
3905
3366
3729
4049
3812
4034
3901
3623
4031
3815
3897
4001
3873
3888
4419
4030
4102
4283
4057
3454
3903
4060
3895
3825
4011
4183
3135
3926
4082
4079
3682
4122
4032
4254
4167
3910
3954
4148
4124
3712
3698
3614
4042
3875
3885
3903
3864
3489
3691
3951
3984
3812
3519
3873
3516
3883
3759
3644
3896
3876
3654
3687
3983
3819
3874
4180
4007
4047
3905
3883
3952
3760
3914
4260
3815
4024
3865
3728
3670
3616
3861
3944
3974
4023
3605
3691
4154
3927
3942
3888
3752
3988
3997
4115
3957
4238
3701
4117
3840
3752
3983
3979
4074
3841
3910
3678
4055
4103
3652
4235
3682
3528
3351
3849
4153
3936
4241
4416
4207
3973
4071
3582
3830
3968
4058
3622
3973
3964
3575
4156
3958
4008
4021
4060
3686
4339
4401
4013
4481
4010
4126
4053
4405
3788
4187
4317
4035
4054
3791
4034
4044
4165
4130
3693
3870
4238
4017
4361
3680
4061
3927
3909
4063
4015
4232
3974
4190
3991
4047
3845
3952
3944
3869
3865
4022
4042
4190
3987
3975
4301
3982
3930
3798
4174
4113
4288
3974
4128
3944
3948
3803
4055
4519
4114
3893
4209
4261
4033
3987
4108
4150
3776
3811
4114
3890
4048
3883
3987
4033
3858
3920
4179
4011
3809
4497
4259
4273
4347
4160
3709
4273
3937
3645
4031
3857
4390
3319
4092
4120
3916
4006
4108
3955
4282
4544
3670
4123
4192
4139
3713
3863
3876
4368
3869
4071
4117
4109
3639
3932
3807
4011
3786
3544
4015
3570
4215
3749
3675
4041
3942
3758
3835
4110
3768
3888
4096
4108
3873
3793
4066
4315
3674
4066
4085
4037
4013
4147
4138
3903
3855
4058
4000
4122
3939
3617
3990
4424
4165
4065
4074
3896
4148
3774
3966
4165
4663
3784
4154
3857
4051
4164
4108
4224
4032
3749
3803
4059
4051
3721
4251
3954
3757
3733
3987
3852
3977
3874
4008
3735
3526
3866
3499
3738
3657
3931
3222
3779
3627
3446
3864
3609
3620
3777
3960
3376
3577
3758
3674
4105
4011
3974
3597
3902
3801
3873
4248
3602
3752
3761
3922
3843
3899
4007
3629
3349
3517
3616
3705
3385
3580
3565
3551
3724
3916
3864
3677
3801
3916
3532
3302
3727
3769
3489
3434
3900
3682
3940
3868
3978
4232
3622
3661
3637
3378
3590
3645
3686
3715
3732
3695
3469
3682
3807
3623
3808
4002
3818
3773
3559
3662
3844
3427
3241
3683
3544
3800
3775
3637
3719
3541
3674
3666
3800
3800
4061
3982
3952
4073
3594
3362
3518
3963
3579
3589
3832
3928
3109
3694
4026
3801
3351
4103
3502
4057
4020
3601
3718
3966
3803
3686
3679
3546
3818
3694
3817
3751
3701
3199
3443
3519
3588
3470
3104
3448
3712
3695
3921
3498
3646
3703
3535
3562
3973
3681
3484
3829
3736
3645
3602
3677
4005
3760
3613
3817
3598
3746
3708
3754
3413
3505
3794
3424
3714
3769
3559
3578
3950
3848
3543
3777
3513
3861
3696
3904
3866
4329
3421
3663
3796
3654
3864
3610
3635
3486
3510
3506
3420
3767
3588
4027
3738
3510
3759
3574
4583
4524
4709
4684
4483
4520
4670
3830
4259
4525
4454
3819
4265
4342
4326
4648
4380
4350
4541
4670
3739
4843
4433
4001
4933
4653
4643
4508
4782
4353
4500
4964
4137
4501
4111
4627
4441
4617
4471
4090
4105
4632
4086
4559
4059
4385
4362
4273
4421
4334
4547
4577
4620
4516
4414
4161
4379
4433
4242
4140
4633
4440
4520
4888
4456
4996
4317
3986
3821
4519
4393
4262
4399
4396
4303
4346
4363
4436
4518
4449
4408
4755
4522
4666
4225
4607
4624
3742
4054
4184
4064
4520
4306
4099
4327
4410
4376
4425
4398
4463
4755
4445
4460
4642
4327
4089
4407
4338
4118
4287
4442
4645
3749
4439
4639
4452
4351
4594
4120
4772
4555
4215
4615
4827
4350
4227
4118
4207
4581
4193
4524
4601
4395
3679
4220
4285
4233
3985
4156
4184
4055
4115
4280
4233
4131
4474
4166
4381
4455
4113
4358
4447
4349
4653
4078
4380
4553
4252
4350
4568
4154
4414
4547
4343
4187
4342
4168
4095
4504
4438
3955
4286
4815
4562
4509
4302
4331
4330
4310
4316
4319
5025
4100
4706
4466
4143
4313
4365
4681
4320
4330
4087
4305
4485
4105
4468
4335
3925
4120
4291
tempo: 28