100 100
1978
1951
2163
2207
1822
2184
2191
2334
1911
2051
2145
1860
1873
2088
2209
2285
2098
2374
2041
2203
2192
1864
1931
1869
2156
2261
2055
1984
2123
2147
2111
2009
1836
2007
2152
2502
2290
2280
2253
2182
1972
2080
2058
2015
2288
2039
2156
2294
2033
1959
1936
2097
2147
2069
2059
2200
2165
2029
1961
2141
2012
2143
1943
2253
2023
2286
2262
2437
1988
2018
2251
2185
1871
2254
2239
2016
1926
2277
2072
2157
1771
2088
2238
1981
2027
2061
2042
2177
2105
2046
2282
2010
1918
2093
1911
2216
2433
1817
2014
2246
1839
1870
2109
2052
1708
1961
1992
2283
1647
1710
2014
1714
1867
2099
2120
2145
2066
2053
1929
2011
1972
1794
1904
1710
2104
2112
1721
1783
2040
2028
1935
1660
1863
1878
2004
2228
2253
2119
2269
2100
1973
1897
1988
1880
2079
1915
2146
2188
1903
1823
1859
1978
1949
2062
2053
2131
1874
2111
1932
2045
2105
1978
1763
2006
1894
2134
2139
2224
1937
1826
2011
1989
1702
2166
2105
1809
2099
2118
1929
2082
1919
2012
2145
1910
1870
1807
1925
2076
1950
2066
2064
1864
2106
1933
1899
2162
2134
1633
1928
2013
1851
1749
1939
1991
1777
1768
1894
2074
1698
1771
1794
1583
1844
1950
2210
1994
1883
1942
1826
1919
2019
1709
1556
1681
1990
2003
1684
1768
1884
2019
1913
1717
1669
1912
2086
2089
2233
2067
2108
2078
1944
1895
1693
1830
1991
1820
2066
1929
1847
1611
1704
1997
1844
1828
1889
1996
1897
1953
1771
1933
1886
1773
1690
1971
1931
1961
2024
2332
1747
1718
1916
1945
1759
2164
2045
1843
1728
1976
1935
2001
1745
2018
1963
1783
1805
1806
1939
2048
2041
1814
2201
1926
1737
1878
1731
2151
2113
1683
1839
1943
1944
1898
2151
2089
1779
2053
2199
2461
1988
2086
1958
1745
2005
2117
2344
2168
2090
2223
1968
2182
2391
1958
1859
1828
2211
2211
1987
1847
2123
2268
2224
1793
1808
2257
2130
2281
2456
2281
2292
2172
2012
2047
2059
2056
2135
2069
2189
2162
1859
1927
1829
2221
2044
2132
2094
2097
2014
2005
2172
2148
2014
2106
1978
2014
2027
2212
2148
2401
1827
1942
2225
2174
1953
2158
2136
2073
1955
2269
1954
2244
1866
2080
2188
2188
2076
2016
2018
2287
1979
2168
2216
2051
1856
2120
1870
2402
2387
1835
2051
2190
1969
1955
1966
2133
1764
2034
2047
2292
1910
1929
2036
1790
2029
2094
2183
2153
2127
2115
1990
2327
2232
1938
2042
1917
2181
2278
1859
2073
1987
2130
2056
1791
1840
1954
2105
2301
2354
2335
2428
2086
2010
2017
1954
1861
2070
2085
2238
2199
1772
1860
2005
2056
2179
2019
2311
2246
1967
2057
2152
2077
2036
2057
1834
2131
1969
2182
2243
2406
1991
2077
2082
2062
1854
2349
2067
2018
2040
2188
1994
2056
1719
1977
2251
2187
2002
2031
2207
2183
2000
2128
2257
2112
1846
2325
1916
2262
2124
1803
1984
2142
1628
1689
1904
1956
1671
2026
1880
2162
1457
1725
1935
1547
1746
1991
2018
1901
2000
2060
1814
2029
1951
1535
1797
1627
1972
1807
1686
1812
1918
1992
1977
1573
1682
1813
1905
2111
2057
2041
2177
2041
1832
1770
1962
1725
2069
1842
1862
2088
1773
1881
1754
2019
1882
1817
1928
2028
2039
1914
1849
1967
1920
1933
1641
1916
1886
1882
1892
2234
1738
1625
1804
1925
1695
1878
1934
1725
1884
1949
1975
1835
1788
1896
1896
1780
1920
1809
1645
1906
1879
1854
1975
1694
1829
1816
1615
2030
2148
1590
1768
2135
1730
1814
1875
2155
1811
1932
1994
2300
1676
1967
2147
1633
1879
2035
2274
2129
1863
2015
1734
2034
2233
1895
1909
1747
2050
2143
1865
1850
2155
2070
1951
1726
1966
2021
1927
2348
2268
2283
2305
2002
1840
2141
2014
1762
2074
2101
2189
2140
1931
1835
1941
2174
1960
2035
2085
2150
1819
2108
2040
1898
1984
2079
1979
2067
2117
2036
2192
2446
1887
2022
2062
1950
1774
2141
2031
1902
1935
1986
2017
1926
1909
1918
2154
2008
1932
2010
1985
2080
2038
2006
2176
1900
1845
2122
1797
2274
2341
1742
1951
2206
1977
1788
2016
1887
1648
2015
1962
2089
1760
1924
1984
1705
1889
1914
2066
2121
2026
2047
1812
1955
1957
1743
1778
1767
2040
2092
1937
1690
1999
1973
1896
1595
1716
1900
1970
2157
2316
2095
2328
1965
1899
1958
1876
1809
1931
1930
2061
1928
1778
1889
1854
2116
1933
1893
2107
2013
1904
1844
1890
1882
1975
1904
1798
1997
2005
2096
2133
2150
1798
2009
2027
1874
1745
2171
1774
1877
1956
2035
2115
1796
1715
1965
2093
1638
2029
1877
1937
2243
1832
1996
2091
2054
1822
1993
1902
2149
2144
1653
1785
1982
1742
1836
2098
2088
1883
2067
2060
2313
1798
1868
1865
1718
1939
2129
2236
2135
1909
2121
1864
1975
2162
1758
1794
1930
2098
2036
1799
1872
1947
2008
2031
1599
1672
1915
2029
2054
2322
2123
2280
2159
2114
2010
1912
1929
2089
2020
2147
2109
1933
1806
1804
1939
2084
1947
1840
2242
1896
2051
1855
2040
2030
1967
1806
2014
1958
1943
2072
2348
1959
1793
2014
1952
1893
2126
2053
1920
1865
2271
1965
2246
1932
2093
2004
1939
1920
1832
2001
2132
1929
2005
2222
1972
1961
1918
2001
2189
2163
1748
1910
2011
1684
1672
1736
1769
1579
1916
1804
1990
1517
1771
1670
1531
1637
1888
1880
1888
1784
1931
1830
2016
1961
1566
1737
1695
2048
1895
1592
1624
1752
1874
1808
1651
1520
1689
2104
1909
2108
2058
2048
1883
1959
1706
1796
1800
1842
1677
1916
2062
1842
1596
1581
1828
1712
1625
1780
1933
1947
1847
1733
1779
1746
1713
1615
1846
1693
1784
1881
1976
1808
1547
1714
1861
1719
1899
1917
1654
1712
1882
1765
1899
1719
1983
1928
1921
1811
1725
1778
1883
1769
1895
2082
1941
1686
1841
1793
1856
1999
1581
1798
1953
1983
1895
2166
2057
1909
2026
2074
2473
1820
1988
2224
1914
2047
2006
2283
2310
2148
2300
2083
2282
2257
1626
1853
1864
2083
2148
1777
1861
2071
2248
2003
1930
1810
1891
2364
2295
2379
2375
2199
2196
1981
1985
2065
2037
2158
1995
2211
2115
1922
1744
1929
2233
2036
2085
2114
2171
2079
2080
1959
1950
2157
2196
1829
2001
2017
2298
2119
2547
2084
1826
2269
2105
1807
2151
2321
1931
2064
1842
2209
2010
1815
2138
2202
1998
1923
1889
2172
2273
2060
2037
2178
2091
1925
2123
1969
2304
2342
1677
1915
2257
1861
1724
1908
1962
1671
1950
2073
2229
1629
1768
1891
1659
1962
1917
2034
1928
1867
2064
1871
2057
1987
1786
1633
1657
2074
2007
1674
1754
1926
1885
1888
1612
1582
2024
2112
2289
2234
2091
2136
2074
1897
1881
1912
1740
1931
1980
1997
1907
1671
1795
1755
1963
1662
1926
2007
1936
1880
1972
1966
1698
1936
1901
1812
1884
1862
2083
1963
2206
1746
1821
1935
1798
1676
2016
1898
1830
1784
1932
1971
2022
1717
2026
1977
1805
1758
1845
1903
1895
1916
1866
1978
1960
1719
1976
1671
1999
2059
1611
1821
2021
2048
1953
2084
2077
1765
2104
2093
2343
1835
1940
2018
1777
1942
2115
2268
2184
2022
2169
2042
1996
2172
1858
2085
1875
2057
2089
1876
2046
2160
2161
2018
1895
1790
2035
2085
2269
2313
2332
2318
2152
2056
2024
1926
1945
2137
2039
2105
2212
1977
1836
1964
2066
2026
2074
2195
2125
1961
2078
2037
2001
2009
2156
1854
2122
2055
2191
2295
2303
2002
1923
2059
1954
1849
2280
2220
1834
2115
2192
2058
2154
1881
2170
2173
1907
1976
1942
2254
2173
2038
2215
2164
1867
1955
2131
1943
2129
2190
1822
2039
2065
1882
1956
2265
2286
1825
2104
2232
2404
1975
1972
2176
1789
2034
2174
2331
2264
2237
2338
2064
2045
2278
1884
2055
1970
2314
2281
1974
1816
2061
2221
2293
1873
1905
2172
2116
2293
2329
2270
2498
2308
2125
2063
1951
1927
2109
2174
2259
2248
2014
1970
2150
2010
2021
2120
2139
2268
2069
2106
2091
2109
2205
2035
1893
2149
1917
2214
2264
2474
2069
2113
2129
2100
1837
2406
2061
2054
2246
2265
2004
2198
1886
2144
2281
2068
2101
2027
2184
2283
2111
2135
2322
2078
1880
2132
1880
2274
2284
1664
1980
2167
1753
1521
1917
1911
1580
1916
1840
1882
1524
1710
1889
1524
1632
1782
2024
1946
1726
1826
1783
1802
1866
1712
1547
1657
1950
1933
1660
1669
1696
1829
1890
1592
1468
1869
1881
1893
1949
2095
2144
1897
1879
1797
1916
1633
1870
1966
1828
1852
1791
1700
1679
1896
1858
1829
1958
1825
1949
1725
1606
1834
1893
1833
1671
1900
1697
1786
1946
2128
1767
1853
1865
1814
1718
1977
1812
1764
1769
1831
1849
1662
1683
1890
1832
1628
1907
1699
1884
1963
1761
1840
1862
1659
1759
1898
1663
1836
2029
1462
1611
1824
1727
1841
1886
2049
1493
1991
1880
2215
1703
1858
2075
1559
1897
1940
2118
1992
2004
2141
1887
2055
2024
1698
1805
1865
2049
1911
1827
1791
1870
1842
1974
1584
1824
1904
1839
2084
2104
2147
2265
2017
1909
1863
1866
1754
2094
2131
2175
2084
1722
1883
1806
2033
2022
1949
1842
1994
1959
1870
2001
2020
1957
1997
1807
1881
1856
1952
2066
2228
1745
2007
1985
1868
1763
1948
2050
1899
1817
1974
1935
2093
1791
2011
2104
1866
1961
1820
2010
2075
1934
1930
2078
1812
1684
1852
1731
2063
2235
1632
1787
2029
2042
1773
2104
2193
1692
1978
1935
2115
1877
2020
2042
1711
1979
1954
2319
2137
2002
2163
1925
2228
2299
1914
1951
1805
2124
2209
1698
1745
1978
2025
2071
1759
1901
2029
2280
2142
2396
2257
2298
2048
1997
1878
1977
1890
2081
2115
2114
2065
1902
1800
1885
2174
2116
2021
2068
2003
2068
1848
1957
1930
2045
1990
1815
1933
2096
2045
2282
2259
2107
2058
2039
2036
1809
1994
2018
1897
1962
1998
1997
2030
1780
2015
2156
1931
1896
1866
2120
2203
1999
2261
2059
2064
1864
2262
1950
2183
2175
1645
1881
2108
1875
1863
1974
2070
1682
1942
1796
2161
1701
1920
2144
1621
1867
1979
1970
2210
2034
2287
2092
2103
2150
1711
1848
1781
1929
2011
1655
1813
1976
1874
2114
1785
1854
1838
2095
2113
2112
2242
2215
1957
1914
2096
1935
1829
2084
1771
2202
2137
1959
1637
1850
2024
2050
1842
1897
2147
2003
1937
1837
1887
2086
1921
1850
1953
1913
1935
2069
2205
1934
1843
1862
1935
1902
1961
1895
1839
1826
1950
1926
2008
1781
2048
2141
1851
1887
1814
2020
2262
1936
1934
2160
2012
1701
1924
1647
2142
2330
1691
1858
2129
1847
1742
2010
1972
1697
1896
1957
2183
1874
1720
1964
1716
1959
1889
2136
2118
2008
2192
1880
2043
2190
1725
1974
1711
2179
2049
1708
1654
2097
2068
2062
1819
1706
1956
2036
2167
2295
2168
2275
2035
2043
1920
1890
1838
1926
1909
2158
2154
1864
1772
1775
1996
1890
1886
1901
2048
1939
2110
1888
1800
2141
2008
1843
1976
1876
2091
2082
2360
1976
1670
1917
1980
1643
2113
1926
1805
2006
2053
1996
2066
1747
2154
2216
2016
1762
1983
1911
2077
1971
1906
2269
1958
1749
2029
1794
2113
2078
1677
1989
2034
1975
1806
1981
2106
1834
1958
1985
2141
1773
1958
2066
1850
1961
1982
2018
2082
2011
2247
2065
2155
2098
1756
1873
1889
2045
1974
1707
1924
1921
2077
2132
1788
1662
1864
2341
2169
2235
2246
2272
2114
1985
1909
1963
1742
2036
1887
2217
1968
1994
1726
1846
1863
2087
1918
2015
1988
2064
1930
1754
1962
2096
1992
1628
2004
1843
2177
2017
2231
1990
1917
2050
1946
1949
2065
2046
1868
1933
2149
2069
1981
1673
2006
2205
1797
1899
1845
2074
2240
2004
2024
2209
1986
1776
2056
1711
2029
2085
1768
1913
2014
2150
1997
2265
2135
1793
2114
2227
2406
1954
2049
2090
1934
1998
2282
2220
2297
2107
2322
2052
2258
2335
2016
2037
1936
2146
2249
1940
1908
1941
2251
2065
1818
2003
2060
2251
2414
2353
2329
2441
2142
2159
1971
2099
2030
2224
2180
2090
2365
1964
2015
1867
2447
2140
2182
2299
2197
2253
2194
1988
1960
2265
2051
1911
2143
2209
2291
2325
2530
2228
2098
2167
2148
1957
2226
2300
1943
2065
2150
2116
2286
1953
2169
2135
2029
2097
2084
2178
2254
2204
2126
2260
2183
2029
2299
2158
2162
2363
1902
2051
2161
1845
1820
1941
2014
1769
1825
2010
2241
1745
1800
2093
1671
1717
1913
2113
2066
1990
2108
1871
2129
2121
1741
1882
1613
2159
2048
1805
1666
1979
2013
1950
1614
1780
1753
1895
2259
2199
2154
2194
1906
1885
1964
1855
1853
2039
1781
2013
2125
1875
1866
1879
1984
1970
1900
2037
1991
2096
1893
1910
1978
2074
2021
1695
1972
1851
2005
2124
2293
1687
1716
1977
2004
1793
2093
2067
1845
1840
2091
1937
2078
1871
2004
2062
1903
2038
1882
1827
2018
1988
1882
2242
1987
1791
1887
1807
2070
2209
1697
1893
1923
1876
1744
2007
2038
1740
1877
2133
2288
1655
1803
2122
1738
1989
2018
2112
2107
2009
2167
1950
2126
2113
1717
1691
1739
2082
1997
1624
1849
2033
1985
1952
1742
1662
1874
2242
2224
2273
2248
2130
2018
2121
1929
1947
1908
2028
1793
2069
2005
1927
1700
1741
2033
1982
1969
2050
2054
1820
1935
1846
1990
2055
1962
1669
1932
1897
2052
1989
2198
1781
1827
1852
1984
1826
2177
1940
1787
2080
2048
2004
1998
1920
2012
2075
1837
1791
1849
1873
2085
1874
2050
2048
2101
1908
1996
1797
2136
2088
1704
1831
2056
1969
1633
2013
1883
1669
1937
1929
2185
1662
1754
1870
1717
1730
1855
2133
2013
1808
2135
1842
1971
2084
1733
1776
1740
1968
1822
1673
1803
2026
1899
1869
1673
1673
1882
1999
2193
2171
2154
2142
2063
1824
1849
2015
1797
1968
1902
1927
1931
1876
1736
1694
2091
2030
1997
1939
2001
1905
2008
1784
1832
1938
1841
1752
1928
1947
2072
2087
2142
1807
1719
1920
1870
1711
1991
2031
1698
1978
1914
2029
1840
1790
1942
1939
1703
1824
1880
1727
2191
1930
2104
2008
1835
1812
1859
1822
1928
2095
1568
1874
2020
1931
1850
2133
2192
1793
2083
2162
2251
1721
1952
2036
1714
2041
2052
2164
2299
2164
2182
2026
2215
2328
2035
1918
1872
2156
2049
1941
1907
2165
2141
2150
1855
1810
2056
2149
2278
2234
2477
2305
2193
2046
1961
2030
1903
2107
1983
2285
2290
1997
2020
2001
2104
1982
2108
2141
2227
1993
2097
2075
2110
2089
2070
1873
2226
2133
2184
2351
2299
2181
1886
2048
2193
1846
2231
2061
1985
2038
2138
2198
2115
1868
2124
2165
2151
2065
1886
2134
2043
2080
2179
2369
2095
1810
2245
1831
2135
2287
1732
2026
2125
1970
2065
2152
2056
1689
1968
1949
2200
1651
1933
1953
1687
1986
2303
2138
2186
2014
2191
1930
2146
2102
1889
1894
1740
2119
2058
1874
1863
1992
2152
2059
1680
1771
1890
2136
2151
2260
2061
2382
2096
2059
2004
1954
1853
2081
2118
2125
2241
1872
1868
1809
2116
1967
1858
2021
2080
2090
2041
2006
2051
2189
1983
1855
1942
1986
2159
2168
2250
1979
1928
2028
2047
1780
2097
2041
1865
1977
1969
2047
2224
1903
1940
2152
1915
2026
1958
2161
2139
2184
2131
2086
1874
1896
2128
1912
2145
2157
1620
1845
1859
1877
1846
2134
2079
1840
1954
1934
2290
1809
1972
1944
1816
2031
1972
2006
2250
2063
2234
1961
2152
2101
1747
1901
1841
2197
2051
1942
1903
2182
2261
2071
1807
1867
1975
2206
2252
2480
2172
2357
2316
2040
2039
1888
1799
2069
1873
2316
2290
2111
1976
1880
2102
2108
2077
2200
2062
1945
2026
1905
1996
2185
2045
1894
1948
2075
2158
2143
2393
1950
1938
2020
2191
1876
2155
2054
1838
2060
2159
1944
2156
1934
2058
1962
2052
2058
1850
1995
2329
1938
2211
2331
2065
2046
2140
2107
2155
2020
1729
1964
2045
1599
1750
1978
1748
1549
1731
1877
2099
1504
1592
1904
1588
1698
1858
1905
1924
1658
1956
1826
1885
1842
1574
1604
1644
1868
1705
1362
1564
1896
1730
1749
1587
1574
1686
1864
2095
1997
2006
1972
1926
1781
1664
1688
1693
1771
1824
1872
1879
1483
1546
1674
1814
1668
1838
1987
1912
1827
1741
1748
1729
1889
1811
1567
1778
1749
1961
1844
1981
1653
1721
1828
1699
1541
1819
1986
1631
1887
1690
1811
1924
1689
1814
1814
1754
1646
1676
1788
1760
1726
1923
1737
1796
1797
1846
1662
1855
2014
1520
1557
1815
1949
1865
1937
2009
1832
2134
2182
2307
1740
1949
2174
1701
2088
2165
2231
2186
1880
2197
1946
2053
2150
1854
1770
1837
2034
2093
1855
1841
2138
1959
2020
1710
1764
2024
2128
2267
2326
2176
2335
2035
2066
2067
2088
2032
2281
1934
2140
2017
1966
1882
1797
2131
1963
1979
2309
2155
2130
1936
2023
1972
2031
1954
1863
1989
2066
2205
2153
2183
1921
1951
2061
2037
1903
2190
2058
1866
2085
2060
2318
2053
1771
2117
2012
1898
1921
1956
2045
2176
2045
1935
2223
2017
1950
2154
1965
2096
2464
1819
1880
2154
1962
1759
2081
2155
1781
1985
2050
2216
1613
1867
1983
1802
1877
2129
2092
2125
2033
2198
2006
2186
2144
1990
1938
1898
2118
1960
1733
1970
2132
2073
2100
1852
1764
1975
2239
2223
2186
2353
2161
2097
2001
2065
1807
1927
2170
1861
2079
2061
1939
1824
1727
2131
2052
1964
2138
2004
1945
1917
1972
2030
2071
1951
1747
2050
1893
2079
2158
2234
2015
1952
1903
2081
1865
2057
2072
1984
2079
2088
1979
2117
1886
1954
2103
1997
1884
1878
1963
2164
2056
2136
2284
1979
1914
2106
1829
2041
2171
1672
1950
2076
1655
1549
1646
1773
1447
1539
1651
1738
1594
1472
1618
1363
1569
1620
1756
1652
1763
1629
1658
1748
1721
1522
1462
1521
1713
1643
1493
1469
1634
1659
1672
1609
1309
1738
1917
2022
1780
1929
1786
1854
1707
1537
1497
1692
1557
1622
1698
1641
1486
1348
1548
1659
1621
1746
1658
1748
1522
1582
1580
1662
1638
1541
1431
1836
1663
1802
1818
1986
1562
1458
1758
1722
1483
1868
1696
1670
1777
1779
1621
1749
1484
1711
1780
1525
1509
1771
1797
1814
1620
1772
1789
1633
1646
1845
1553
1732
1826
1481
1464
1683
1989
1796
2117
2045
1720
2034
2054
2229
1679
2030
2129
1855
2002
2066
2243
2103
1967
2195
1868
2188
2161
1933
1917
1817
2191
2124
1887
1948
2179
2093
2191
1863
1898
1942
1993
2250
2299
2421
2340
2084
1978
2068
2017
1817
2203
2059
2328
2073
1920
1945
1898
2142
1967
2096
2087
2005
2082
2017
2020
1963
2023
2062
1810
2032
2075
2173
2278
2234
1909
2054
2010
2010
1834
2180
2231
1937
1826
2159
2199
2122
1863
2014
2179
1941
2081
1892
2074
2195
1934
2030
2328
1971
1788
2089
1883
1997
2331
1864
1847
2082
1766
2020
2011
2068
1783
1938
1974
2423
1617
1853
2055
1630
1988
1981
2094
2060
2006
2090
1903
2187
2098
1747
1751
1690
2174
2187
1757
1751
1987
1979
1967
1669
1814
1971
1944
2244
2264
2239
2291
2208
2065
1914
2048
1752
2012
1975
2242
2141
1812
1735
1812
2010
1986
1969
2143
2174
1940
2020
2006
2026
2055
2129
1720
1981
1977
2039
2015
2348
1811
1913
1993
2078
1823
2215
2113
1867
1980
1983
2044
1892
1794
2101
2085
1986
2030
1829
2033
2072
2056
1997
2016
2007
2079
2060
1847
2232
2232
1774
1833
2007
1951
1824
2186
2139
1668
2205
1970
2203
1755
1864
1942
1771
1836
2050
2216
2073
1979
2156
2029
2324
2257
1987
1847
1849
2235
2020
1672
1951
2064
2194
2142
1749
1742
1972
2283
2291
2332
2348
2298
2123
1984
2053
2060
1966
2124
1841
2076
2269
2053
1826
1862
2268
2175
1964
2104
2024
2090
1974
1935
2081
2098
2059
1718
2069
1932
1947
2308
2417
1982
1856
1931
2058
1960
2151
2233
1957
1902
2118
2024
2138
1955
2117
2155
2005
2007
1816
2024
2235
2050
2111
2263
2022
1786
2165
1964
2125
2282
1794
1947
2081
2325
2239
2497
2342
1945
2311
2339
2583
2118
2297
2222
1998
2344
2376
2585
2643
2327
2501
2312
2456
2473
2138
2267
2162
2536
2385
2181
2286
2416
2511
2477
2000
2209
2276
2510
2514
2916
2560
2738
2500
2413
2290
2384
2232
2444
2469
2696
2571
2180
2196
2146
2477
2389
2432
2332
2348
2360
2499
2351
2195
2409
2311
2165
2295
2298
2389
2403
2725
2284
2341
2370
2320
2261
2476
2485
2198
2226
2477
2250
2509
2196
2334
2420
2341
2263
2267
2395
2628
2210
2436
2657
2358
2141
2564
2290
2570
2510
1945
2201
2558
1994
1863
2180
2218
1908
2176
2239
2445
1928
2082
2137
1937
2100
2171
2356
2370
2163
2301
2062
2412
2272
2050
1995
2112
2200
2210
1902
1931
2290
2160
2224
1944
1862
2024
2408
2504
2556
2442
2386
2429
2083
2101
2227
2109
2240
2030
2235
2310
2034
1939
1968
2348
2300
2277
2400
2249
2148
2234
2123
2291
2365
2235
1880
2345
2059
2349
2468
2433
2170
1981
2219
2211
1853
2322
2274
2030
2320
2257
2202
2105
1955
2201
2381
2039
2134
2095
2114
2471
2151
2309
2250
2066
2075
2220
2028
2156
2488
1840
2151
2232
1591
1492
1732
1781
1634
1777
1844
1981
1554
1708
1815
1440
1539
1646
1870
1843
1685
1790
1518
1804
1971
1616
1581
1669
1631
1781
1655
1675
1740
1865
1760
1510
1444
1681
1870
1896
1995
1953
2027
1739
1709
1624
1651
1737
1901
1666
1747
1820
1663
1549
1565
1923
1744
1789
1894
1840
1748
1665
1662
1804
1791
1820
1525
1843
1636
1751
1756
2107
1576
1567
1753
1835
1523
1949
1605
1544
1815
1760
1773
1689
1677
1776
1782
1681
1622
1655
1793
1963
1674
1870
1952
1695
1629
1679
1601
1757
2049
1476
1679
1752
1653
1624
1801
1945
1549
1731
1725
1977
1469
1691
1740
1461
1755
1781
1987
1911
1801
1889
1744
1791
1885
1637
1735
1539
2009
1771
1697
1570
1765
1952
1849
1458
1551
1904
1931
1872
1965
1747
2002
1868
1834
1709
1736
1668
1811
1838
1898
1968
1799
1607
1700
1913
1702
1831
1857
1899
1865
1907
1827
1661
1839
1747
1563
1698
1818
1945
1909
2190
1663
1727
1782
1741
1649
1939
1727
1609
1723
1915
1740
1775
1658
1827
1953
1783
1865
1852
1805
1845
1788
1710
1935
1709
1690
1820
1656
1965
1905
1582
1719
1641
2056
2048
2276
2125
1879
2197
2183
2507
1831
2083
1967
1800
2056
2168
2251
2295
2191
2302
2164
2184
2237
1965
1934
1863
2283
2243
1750
1921
2041
2058
2036
1850
1903
2081
2239
2183
2429
2301
2516
2267
2193
2122
2122
1959
2136
2119
2207
2221
2023
1954
2011
2365
2129
2029
2321
2252
2212
2202
1991
1962
2155
1928
1974
2118
2204
2110
2251
2348
2153
2067
2191
2044
2007
2323
2307
1916
2047
2190
2129
2161
1973
2146
2185
2166
2145
1871
2131
2197
2139
2116
2259
2155
1997
2163
2194
2402
2263
1916
2001
2316
2033
2013
2142
2021
1729
2096
2145
2187
1903
2010
2205
1905
2010
2141
2183
2358
2123
2235
2094
2263
2278
1810
1939
1695
2125
1972
1942
1982
2218
2222
2102
1793
1949
2016
2287
2523
2297
2269
2458
2234
2092
2139
2055
2021
2195
2011
2217
2247
2040
1959
1903
2327
2085
2128
2183
2122
2161
2183
1939
2043
2181
2122
1977
2126
2073
2388
2227
2337
1867
1971
2115
2237
1855
2231
2171
1909
2117
2024
2122
2189
1959
2039
2258
1849
2207
2132
2035
2220
2168
2098
2337
2004
1916
2048
1937
2336
2338
1865
1978
2148
1985
1977
2238
2236
1873
2083
2150
2428
1755
1981
2086
1744
1896
2177
2243
2134
2225
2176
1923
2176
2163
1929
1816
1805
2133
2246
2029
1819
1863
2189
2090
1853
1929
2130
2224
2129
2317
2193
2364
2164
2202
1964
2118
1944
2156
2169
2265
2128
1986
1875
1960
2108
1913
1849
2174
2329
2258
2034
2020
2095
2046
2054
1988
2053
1972
2142
2175
2344
2054
1951
2116
2144
1838
2257
2050
2072
1978
2195
2128
2132
1915
2049
2280
1997
2097
2063
2141
2148
2245
1940
2337
2089
1957
2137
1909
2233
2278
1896
1826
2168
1977
1812
2044
2138
1736
2031
2094
2119
1850
1852
2143
1730
1848
2048
1986
2176
2002
2295
1955
1977
2070
1760
1770
1902
2049
1975
1916
1884
1997
2053
2059
1689
1773
1977
2255
2239
2164
2193
2287
2121
2044
2033
1970
1835
2113
2084
2005
2241
2120
1772
1863
2018
1854
2004
2081
2275
2078
2029
1747
1915
2021
1871
1769
2057
1971
1998
2210
2340
2017
1893
2129
1844
1933
2142
2058
1887
2102
2097
2076
2103
1983
2115
1968
1829
1896
1872
2021
2143
1986
2027
2257
1906
1809
2012
1952
2035
2207
1716
1899
2133
1966
2037
2118
2134
1854
2015
2167
2297
1833
2027
2036
1773
2058
2231
2274
2264
2192
2310
2075
2225
2238
1962
1864
2058
2220
1998
1859
2075
2038
2164
2056
1935
1813
2033
2391
2303
2396
2387
2371
2338
2151
2183
1915
2034
2083
2215
2206
2275
2044
1961
2007
2234
2086
2023
2053
2230
2057
2153
2059
2102
2201
2035
1898
2132
2179
2264
2154
2421
2120
1967
2222
2177
1956
2171
2229
1914
2133
2205
2000
2235
1987
2188
2084
1995
2031
1951
2091
2380
1993
2180
2135
2164
1939
2183
1855
2195
2354
1776
2069
2292
1800
1657
1796
1952
1652
1910
1888
2051
1716
1780
1883
1541
1877
1957
2004
1935
1917
1977
1910
1960
1992
1702
1756
1778
1984
1978
1671
1759
1752
1908
1926
1583
1598
1767
1872
2138
2110
2024
2123
1943
1882
1771
1766
1660
1921
2011
1821
2024
1793
1810
1795
2000
1911
1870
1864
1941
1816
1895
1821
1829
1780
1781
1506
1780
1798
1957
2067
2102
1803
1801
1870
1865
1718
2121
1972
1675
1791
1984
1855
1912
1669
1781
1923
1752
1737
1718
1862
1877
1809
1879
1944
1907
1733
2057
1651
1969
2113
1668
1930
1911
1923
1878
2155
2221
1839
2034
2073
2370
1845
2082
1986
1632
1922
2104
2182
2109
2107
2169
1904
1986
2298
1814
1773
1797
2211
2175
1874
1797
1866
2231
2097
1923
1862
2066
2013
2204
2323
2265
2266
2061
2120
2014
1934
1828
1988
2217
2048
2153
1929
1819
1931
2104
1994
1934
2005
2132
1976
1882
1910
1861
1895
2021
1888
1974
1951
2007
2061
2450
1833
1913
2015
1959
1806
2392
2066
1786
1957
2140
1818
2074
1882
2079
2132
1965
1938
2025
2112
2091
2007
1942
2219
2061
1796
2182
1790
2281
2228
1737
1957
2195
2027
1979
2218
2203
1961
2259
2142
2548
1850
2087
2224
1941
1971
2279
2324
2345
2251
2404
2158
2301
2332
1822
1999
2117
2134
2106
1906
2081
2245
2226
2104
1958
1834
2050
2434
2372
2397
2464
2374
2312
2200
2233
2153
2070
2229
2079
2274
2426
2212
1770
2000
2444
2112
2178
2136
2455
2254
2313
1971
2175
2362
2132
1943
2192
2191
2226
2489
2404
2271
1901
2210
2188
1939
2294
2488
2090
2254
2269
2305
2164
2124
2244
2436
2181
2203
2136
2181
2256
2258
2213
2385
2095
2116
2066
2142
2415
2397
1823
2218
2366
1957
1746
1871
2004
1836
1906
1916
2165
1573
1713
1927
1745
1780
1905
2104
1938
1987
1964
1753
1902
2073
1850
1884
1797
2044
1906
1893
1862
2135
2136
1949
1647
1724
1990
2060
2040
2156
2055
2089
2087
1926
1849
1844
1824
2017
1966
1908
2148
1862
1887
1678
2087
1837
1870
1872
1888
2078
1997
1927
1800
1872
1970
1796
2059
1984
1910
2019
2345
1903
1854
1917
1716
1773
1993
1915
1856
1849
1985
2019
2059
1861
2101
1921
1791
1933
1849
1988
2010
2044
1900
2043
1814
1839
2041
1819
2014
2115
1729
1732
2168
1856
1562
2041
1942
1776
1898
1911
2232
1771
1793
2011
1683
1702
1988
2127
2197
1968
2128
1905
2076
2064
1897
1849
1984
1938
2128
1761
1823
2006
2038
1871
1807
1687
1928
2096
2001
2043
2268
2147
1897
1974
2010
1845
1841
1994
1933
1985
2116
1970
1651
1825
2114
1945
1934
1981
2120
2002
1944
1959
1883
2142
1933
1773
1914
1802
2011
2158
2120
2021
1869
1874
1926
1607
2057
2020
1803
1989
1916
1982
2127
1892
1917
2122
1824
1814
1818
2022
2045
1978
2006
2184
2091
1898
2113
1816
1979
2190
1634
1852
2023
1834
1747
2051
2004
1814
1874
1886
2173
1769
1812
1999
1600
1826
1978
2171
2007
1801
2099
1862
1937
2090
1569
1734
1843
2040
2143
1664
1721
1956
2035
1999
1669
1708
1982
1972
2135
2199
2111
2168
1929
1982
1872
1867
1735
1956
1828
1965
1999
1823
1714
1782
1929
1914
1891
1788
2178
1865
1978
1892
1939
1949
1879
1670
1980
1897
2012
2199
2166
1921
1758
2005
1926
1637
2113
1867
1773
1885
2011
2010
1969
1758
2108
2051
1764
1670
1814
1980
2084
1869
2052
2008
1917
1874
1985
1711
2115
2101
1715
1874
2006
1779
1828
1934
1904
1702
1739
1853
2063
1632
1899
1990
1556
1783
1923
1922
2054
1944
2030
1724
2015
2185
1682
1792
1773
1847
1950
1739
1763
1754
1943
1817
1576
1763
1559
2021
2104
2131
2135
2231
1810
1896
1924
1796
1625
1816
1954
1918
2065
1829
1668
1698
1982
1855
1814
1926
1958
1888
1764
1744
1745
2063
1818
1782
1944
1886
1860
1919
2110
1844
1857
1839
1887
1691
1920
1860
1673
1854
1835
1846
1837
1786
1947
2103
1787
1687
1718
1833
2131
1806
1941
2098
2019
1600
1983
1771
1909
2073
1712
1693
2002
1978
2029
2095
2050
1782
2220
2157
2331
1760
2036
2013
1787
2089
2190
2226
2392
2077
2270
2119
2204
2289
1964
1975
1890
2361
2109
1977
2085
2160
2158
2068
1806
2036
1965
2208
2479
2389
2409
2379
2364
2236
2125
2143
2013
2099
2081
2288
2409
1926
2061
1767
2132
2039
2095
2266
2106
2051
2157
2116
2133
2219
2066
1893
2065
2015
2254
2341
2387
2124
2008
2073
2166
1951
2259
2347
2225
2239
2183
2157
2330
1994
2173
2189
2037
2209
2056
2051
2135
2100
2286
2233
2015
2015
2268
2036
2265
2289
1833
2107
2296
1967
1886
2012
2235
1678
1997
1905
2189
1679
1899
1942
1669
1855
1988
2111
2062
1965
2144
1927
1962
2157
1806
1898
1821
2088
2112
1909
1698
2046
1903
2146
1801
1831
2059
2114
2184
2333
2311
2200
2035
2059
1884
2002
1850
2106
2019
2130
1987
1917
1807
1707
2046
1876
1946
2151
1974
1981
1826
1972
1859
2026
1936
1805
1892
2030
1982
2154
2236
1910
1993
2008
1898
1817
2056
2044
1939
1865
2038
2053
1917
1810
2062
2040
1885
1937
1923
2148
2058
2001
2183
2133
1870
1846
2110
1765
2161
2193
1809
1950
2027
2010
1864
2170
2076
1638
2029
2087
2162
1871
2011
1970
1825
1870
2123
2244
2114
2050
2168
1985
2157
2173
1910
2055
1872
2099
2080
1893
2001
2039
2069
2130
1793
1962
1847
2229
2393
2365
2316
2420
2013
2084
2043
1790
1947
2151
1998
2277
2231
2046
1903
2024
2108
2211
2147
2098
2129
1987
1941
2021
2043
2058
1967
1802
2104
2066
2108
2199
2332
1930
2122
1994
2173
1989
2154
2129
1926
2074
2229
2086
2145
1804
2014
2054
2117
2048
1921
2039
2261
1996
2071
2235
2107
1906
2230
2064
2116
2271
1650
1860
2055
2100
1690
2157
2069
1909
2131
2230
2380
1801
1824
2146
1944
1946
1952
2343
2264
2076
2239
1927
2284
2149
1935
1810
1977
2196
2241
1887
1904
2112
2212
2209
1696
1926
1978
2205
2316
2366
2213
2370
2259
2038
2023
2067
1969
2201
2025
2277
2222
1904
1961
1914
2160
2249
2086
2076
2086
2164
2061
2095
2161
2139
1954
1800
2176
1869
2205
2290
2455
1985
2018
2153
2041
1937
2243
2138
1961
1962
2287
2133
2266
1862
2109
2143
1982
2031
1959
2078
2378
2047
2174
2320
2164
1982
2228
2093
2135
2394
1754
2115
2118
2199
1918
2278
2195
1863
2065
2103
2392
1916
2054
2192
1815
2211
2209
2248
2342
2268
2313
2149
2297
2391
1773
2111
1975
2117
2126
1974
1920
2256
2151
2334
1767
1987
2088
2108
2361
2359
2419
2407
2287
2060
2019
2064
1895
2191
2054
2281
2251
1962
1897
2100
2250
2088
2166
2193
2334
2144
2096
1973
2027
2221
2203
1856
2213
2180
2244
2450
2332
2191
1937
2079
2154
1911
2366
2229
1997
2138
2226
2221
2183
1879
2248
2369
2113
2045
2050
2144
2284
2098
2113
2488
2032
1942
2147
1934
2265
2396
1832
2192
2198
1907
1847
1951
1933
1795
2036
1968
2398
1758
1912
1965
1812
1845
2004
2079
2131
2193
2290
1942
2157
2057
1849
1818
1914
2043
2046
1828
1901
1944
2095
1954
1667
1716
1970
2202
2134
2253
2107
2139
2046
1976
1975
2042
2014
2027
2004
2185
2070
1829
1750
1837
2174
2097
1873
2119
2091
2014
1925
1873
1922
2111
2030
1950
1866
1977
2101
2023
2253
1998
1882
2077
2034
1750
1971
1994
1853
2091
2081
2119
2125
1871
2028
1926
1995
1909
2023
2026
2210
1909
2041
2047
1987
2056
2104
1956
2118
2235
1652
1892
2234
1850
1762
1833
1958
1703
1942
1925
2256
1667
1875
2023
1646
1880
1980
1988
2059
2068
2110
1852
1967
2077
1647
1901
1736
1914
2008
1879
1718
1902
1949
1977
1590
1815
1935
2010
2076
2127
2099
2216
2057
1964
1758
2062
1786
1969
2001
2134
2122
1700
1758
1843
1897
1941
1866
2046
2067
2047
1982
1841
1933
2053
1963
1786
1769
1866
2073
2085
2122
1870
1817
1962
1918
1661
1893
1899
1815
1931
1984
1990
2003
1730
1931
2042
1887
1923
1928
1982
2044
1884
1955
2012
1850
1866
1991
1730
2011
2167
1675
1744
2111
1770
1760
1795
1811
1527
1820
1896
2001
1517
1691
1767
1602
1711
1835
1873
1910
1924
2042
1816
1999
1852
1616
1908
1714
1797
1720
1835
1755
1850
1871
1947
1605
1781
1749
1934
2034
2046
2039
1965
1950
1801
1750
1792
1605
1910
1796
1921
2039
1779
1589
1739
1966
1722
1920
2011
2007
1943
1910
1854
1733
1852
1771
1591
2022
1761
1969
1988
2012
1767
1703
1875
1775
1688
1855
2016
1609
1881
2016
1770
1853
1521
1810
1849
1952
1855
1934
1821
1923
1899
1769
2105
1652
1708
1938
1839
1700
2049
1634
1800
2000
1955
2025
2096
2047
1764
2078
2086
2322
1763
1954
2009
1796
2074
1941
2135
2187
2097
2293
1983
1913
2147
1638
1891
2002
2153
1981
1743
1785
2211
2132
2111
1831
1947
1982
2263
2214
2426
2224
2338
2271
2044
1961
1967
1833
2050
1907
2307
2206
1918
1764
1928
2076
1962
2061
2125
2047
2063
2135
1909
2069
2211
1944
1703
2116
1999
2090
2201
2374
2007
2073
2123
1869
1913
2044
2076
1894
2012
2104
2123
1935
1798
2134
2156
1974
1882
1868
2110
2182
1907
2168
2035
2121
1894
2078
1957
2184
2256
1815
1940
2253
2085
1878
2061
2165
1762
2028
1991
2179
1946
1901
2078
1923
2057
2008
2217
2203
1942
2222
2142
2282
2236
1898
2047
1906
2244
2092
1816
1966
2217
2102
2184
1851
1729
1980
2250
2369
2394
2446
2352
2235
2104
2007
1983
2001
2203
1943
2292
2146
1996
1952
1823
2018
2070
2009
1946
2058
2061
2085
2015
2151
2059
2254
1662
2055
2010
2138
2313
2318
2131
1965
2163
2052
1954
2219
2317
2035
1929
2222
2027
2215
1821
2187
2297
1897
2042
1941
2162
2344
2025
2133
2291
1966
1878
2085
1831
2151
2259
2010
2096
2146
2028
1841
2079
1899
1721
1857
2135
2109
1817
1898
1870
1761
1839
2026
2074
2010
2019
2039
1939
1960
2237
1711
1745
1698
2070
2042
1885
1814
1803
2168
2035
1850
1832
1872
2198
2245
2205
2109
2137
2060
1909
1800
1824
1953
1896
1965
2008
2085
1685
1633
1899
1945
1862
1946
1923
2037
1932
1922
1755
1915
1980
1832
1790
2145
1970
2121
2036
2341
1836
1862
2028
1999
1755
2110
2110
1820
1949
1938
1978
2039
1887
1980
1991
1874
1877
2024
2045
2209
2003
1933
2190
2006
1818
2123
1883
1968
2140
1749
1784
2114
2009
1857
2044
2182
1765
2014
2095
2300
1937
1896
2132
1849
1998
1998
2110
2171
2087
2198
2008
2288
2190
1925
1843
1891
2228
2093
1772
1898
2148
2208
2054
1934
1821
2004
2293
2326
2368
2276
2233
2199
1995
1961
2134
1930
2099
1954
2375
2239
1999
1865
1963
2148
2119
2063
2120
2221
2200
2059
1898
2120
2254
2092
1761
2170
1925
2272
2242
2367
1815
1867
2196
2168
1866
2147
2093
1908
2150
2147
2029
2118
1913
2106
2204
1852
1905
2155
1966
2390
2059
2171
2241
2154
1969
2194
1844
2120
2254
1949
1916
2185
2049
1975
2024
2108
1818
1977
2038
2399
1967
1932
1965
1642
1932
2139
2121
2209
2229
2195
2082
2051
2081
1780
1946
1873
2159
2184
1932
1907
1946
2156
2163
1838
1822
1961
2121
2242
2348
2218
2368
2185
1930
2077
2122
1889
2085
1987
2229
2191
2042
1740
1982
2107
2114
1897
2096
2191
2069
2272
1865
1899
2217
1970
1764
2107
2059
2136
2172
2547
1906
1806
2122
2006
1817
2306
2191
1946
1956
2073
2042
2092
1794
2117
2142
1892
2025
2057
2100
2370
2221
1947
2307
2050
1884
2028
1880
2175
2293
1727
1952
2213
1765
1549
1797
1723
1501
1662
1760
1916
1608
1640
1901
1676
1770
1792
2024
1915
1779
1940
1684
2027
1957
1725
1559
1773
1853
1973
1672
1679
1768
1755
1930
1469
1577
1669
1952
1997
1974
2026
1967
1845
1725
1844
1821
1734
1902
1684
1936
1922
1592
1615
1603
1741
1759
1721
1769
1938
1683
1791
1767
1716
1889
1822
1684
1790
1766
1963
1903
1929
1807
1736
1808
1758
1563
1837
1847
1772
1651
1972
1868
1994
1697
1837
1866
1731
1696
1707
1763
2039
1717
1662
2004
1853
1659
1800
1571
1731
2129
1529
1760
1789
2046
1992
2132
2105
1780
2141
2186
2396
1846
2038
2224
1823
1997
2081
2243
2178
2129
2342
2030
2256
2374
1987
1920
1944
2199
1967
1977
2030
2220
2094
2161
1829
1884
2027
2428
2365
2456
2366
2426
2241
2135
1897
2089
2062
2316
2094
2331
2263
1958
1943
1881
2320
2120
2099
2120
2113
2225
2219
1975
2118
2313
2215
1864
2256
2197
2154
2213
2388
1885
1931
2065
2158
1868
2070
2090
1898
2052
2275
2246
2115
2044
2238
2159
1918
2039
2117
2207
2309
2331
2196
2342
2112
1912
2155
1954
2104
2295
1938
2045
2235
1738
1704
1905
1877
1576
1754
1875
2098
1626
1855
1912
1606
1872
1884
2045
1896
1875
2044
1764
1958
2067
1637
1694
1788
2116
1816
1625
1752
1911
1914
2016
1554
1692
1893
1997
2056
2297
2077
2099
2015
1946
1966
1984
1631
1996
1906
1938
1767
1854
1647
1733
2019
1887
1907
1872
1809
1683
1838
1724
1647
1805
1855
1685
1835
1874
1912
1926
2060
1829
1910
1904
1852
1734
1941
1840
1632
1891
1780
1934
1800
1711
2010
1895
1739
1721
1737
1678
2063
1843
1906
1951
1781
1778
1935
1683
1988
2049
1445
1808
2073
1946
1782
2047
1952
1615
2168
1996
2031
1689
1895
2082
1654
1815
2043
2048
2115
1935
2008
1976
1871
1972
1790
1754
1753
2146
1980
1758
1894
2069
1830
1841
1750
1762
1858
2156
2158
2212
2074
2225
2107
1953
1849
1901
1867
1962
2096
2064
2070
1862
1756
1808
2036
1889
2052
1985
2141
2064
2063
1831
1862
1881
1791
1660
2054
1911
2014
2233
2146
1777
1930
2153
1843
1733
2208
2103
1885
2056
2062
1924
1990
1865
1940
1948
1805
1807
1958
2093
2060
1828
2132
2100
1866
1811
2081
1904
2152
2107
1603
1687
2159
1794
1575
1790
1716
1640
1797
1875
1965
1661
1750
1797
1562
1833
1896
2029
1987
1753
1893
1848
1833
1930
1724
1730
1612
1895
1930
1453
1699
1653
1727
1844
1552
1666
1695
1930
2014
1908
2205
2145
1854
1807
1815
1696
1621
1696
1904
1869
2006
1645
1586
1837
1775
1849
1757
1926
2017
1701
1959
1712
1771
1836
1778
1660
1877
1887
1927
1945
1991
1857
1713
1872
1814
1706
1920
1903
1737
1778
1887
1763
1967
1462
1855
1890
1783
1790
1660
1837
1942
1773
1877
1921
1861
1746
1878
1654
1821
2007
1667
1706
1877
1726
1863
2094
2039
1676
2115
2025
2455
1766
1888
1918
1812
1913
2098
2008
2069
1998
2230
2019
2171
2141
1804
1783
1909
2065
1970
1604
1940
1984
2239
2038
1763
1694
1982
2222
2171
2408
2212
2276
2097
2012
1941
1986
1744
2058
1891
2157
2227
1933
1747
1890
2199
1957
2015
1988
2180
2022
2093
1949
1846
2139
1934
1731
1898
1948
2029
2049
2233
2072
1817
1878
1937
1834
2166
2154
1717
1925
2100
2092
2072
1822
2041
2156
1995
1933
1730
1964
2092
1996
1941
2193
2149
1854
2005
1817
2208
2114
1629
1993
2106
2013
1756
2014
2071
1729
1945
2114
2258
1844
1876
2226
1856
2056
2068
2132
2389
2045
2139
2035
2079
2252
1864
1898
1963
2172
1955
1807
1798
2248
2297
1949
1790
1824
1954
2174
2306
2324
2133
2332
2054
2174
1926
1723
1816
2094
2122
2005
2357
1936
1855
1778
2234
2080
2091
2067
1999
2109
2111
1820
2108
2026
1924
1740
2024
1863
2092
2362
2329
2004
1842
2080
1995
1820
2189
2127
1745
2079
2070
2030
2139
1861
2012
2297
1880
1802
1925
1900
2124
1965
2083
2267
2020
1928
2158
1975
2089
2191
1739
2179
2064
2094
1771
2082
2187
1761
2002
1925
2331
1765
1986
2037
1796
1903
2073
2047
2124
2157
2165
1986
2059
2198
1940
1971
1899
2275
2013
1857
1748
2046
2182
2234
1679
1883
2083
2336
2094
2346
2294
2380
2095
2274
1961
2015
1867
2284
2128
2220
2308
2068
1821
1810
2147
1983
1911
2077
2151
2280
2099
1800
1982
2175
1988
1831
2054
1911
2034
2150
2339
2081
1857
1913
1973
1992
2003
2013
1881
2033
2114
2041
2156
1939
2159
2210
1976
1921
1979
2081
2336
2245
2169
2351
1960
1910
2046
1857
2043
2229
1764
2019
2140
2044
1925
2173
2072
1939
2082
2177
2469
1741
2105
2091
1924
2015
2058
2199
2197
2185
2269
2036
2246
2244
1962
1937
1953
2289
2266
1861
2077
2103
2217
2204
1952
1942
1990
2297
2402
2569
2421
2471
2232
2125
2141
2098
2011
2232
2074
2404
2294
1964
1913
1946
2305
2093
2017
2163
2119
2064
2208
2061
2087
2270
2186
2008
2084
2119
2303
2246
2245
2033
2042
2065
2146
1738
2365
2319
2001
1993
2236
2220
2176
2170
2224
2291
2110
2092
2038
2111
2400
2122
2247
2403
2061
1972
2057
2050
2189
2307
1777
2200
2190
1916
1678
2108
1980
1735
2039
1972
2130
1749
1992
1895
1726
1664
2050
2194
2068
1977
2206
1837
2126
2162
1766
1943
1809
2010
2202
1822
1765
1954
1884
1877
1801
1854
1762
1984
2260
2100
2200
2176
1831
1872
2089
1859
1830
1899
1920
1879
2085
1862
1662
1991
1949
1970
1912
1950
2093
1940
1762
1824
1838
1918
1957
1782
2085
1916
2127
2149
2121
2045
2043
1986
1953
1670
2262
2154
1870
1993
1925
1929
1986
1751
1787
2064
2006
1958
1879
1976
2018
1892
2016
2057
2098
1878
2089
1837
2058
2225
1564
1828
2040
1913
1940
2130
2084
1742
2101
2175
2384
1722
1961
2114
1942
2019
1975
2150
2268
2046
2202
2002
2191
2314
1864
1933
1986
2144
2104
1744
1983
2120
2126
1957
1871
1993
1815
2218
2437
2379
2421
2344
2182
2109
1923
2069
2024
2220
1989
2196
2164
1910
1884
1871
2231
2025
2315
2198
2175
2080
2134
2064
2005
2287
2161
1841
2121
2073
2276
2154
2337
2029
2085
2127
2121
1796
2124
2283
1909
2082
2101
2107
2208
1826
2139
2068
2106
2035
2010
2108
2321
1986
2251
2198
2258
2106
2170
2068
2092
2222
1844
1905
2208
2021
2016
2102
2220
1799
2011
2125
2433
1791
2038
2016
1852
1959
2120
2299
2239
2251
2194
2065
2212
2190
2080
1874
1989
2085
2123
1828
2025
2085
2163
2126
1928
1819
2042
2473
2336
2434
2312
2432
2274
2187
2197
2045
1984
2180
2111
2320
2252
2015
1790
1857
2382
2144
2178
2054
2017
2118
2164
2029
1965
2417
1975
1979
2139
2157
2221
2228
2480
2157
2172
2128
2102
1886
2089
2259
2018
2029
2188
2169
2048
1985
2129
2219
1997
1966
2051
2174
2266
2144
2100
2197
2045
1972
2171
2050
2204
2315
1667
1996
2055
1849
1750
1905
2057
1745
1822
1998
2260
1728
1868
2152
1654
1974
2018
2048
2159
1870
2051
1919
1962
2143
1733
1832
1810
2221
2045
1832
1745
2045
2004
2107
1832
1798
1973
2067
2094
2245
2276
2137
2058
1963
1811
2009
1904
2052
1973
2166
1970
1871
1780
1876
1849
1782
2072
1889
2109
1877
1972
1978
1864
1841
2062
1773
2005
1843
2000
1963
2194
1812
1699
2010
2053
1688
2197
1947
1715
1983
1996
2087
1989
1837
2129
2006
1805
1840
1858
2013
2085
1912
1988
2223
1959
1898
2080
1634
2050
2187
1681
1735
2101
1966
1685
2085
2191
1979
1979
2138
2493
1847
1835
2132
1908
1981
2107
2154
2253
2067
2245
1909
2169
2106
1873
1822
1933
2244
2234
2028
1939
2145
2242
2140
1841
1933
2179
2146
2272
2355
2395
2232
2289
2072
2064
2119
1903
2271
2215
2328
2232
1991
1841
1896
2157
2203
2116
2129
2148
2073
2088
1885
2148
2070
2078
1907
2175
1943
2105
2156
2518
1953
1996
2120
2087
1914
2184
2151
2029
1921
2061
2024
2114
1985
2223
2261
1904
2090
2031
2079
2315
2117
2035
2200
2029
2144
2194
1878
2185
2457
1817
1975
2283
1842
1713
1999
2145
1583
2020
1898
2288
1724
1819
2028
1644
1841
2000
2090
2108
2089
2112
1927
2278
1934
1749
1790
1845
2004
2031
1740
1786
1929
1984
1916
1598
1798
1939
2056
2179
2269
2207
2265
1925
2038
1806
1866
1865
2172
1975
2110
2096
1812
1866
1755
2193
2075
1927
1940
2021
2023
1889
2119
2070
2086
1795
1805
1959
1774
1904
2213
2265
1870
1855
1833
1860
1743
1945
1889
1889
1864
2024
2034
2044
1883
1930
2213
1949
1826
1742
1979
2007
2082
2009
2211
2047
1737
1972
1833
2169
2152
1657
1763
1985
2116
2002
2220
2063
1869
2087
2191
2227
1968
2090
2244
1945
2115
2179
2232
2242
2175
2251
1998
2291
2337
1921
2004
1934
2285
2325
1975
1949
2027
2226
2127
1929
1815
2023
2260
2393
2243
2304
2576
2143
2055
2106
2068
2086
2070
2084
2157
2143
1908
1967
2053
2150
2076
2121
2217
2186
2091
2193
2139
2113
2310
2098
1920
2248
2010
2265
2373
2515
1958
2107
2257
2155
1787
2213
2104
2111
2056
2258
2149
2269
2015
2139
2306
2007
2073
2093
2092
2364
1930
2034
2420
2191
1924
2255
1985
2078
2375
1969
1817
2202
1966
2036
2141
2267
1916
2004
2133
2484
1933
1988
2258
1859
2175
2143
2240
2409
2163
2338
2180
2385
2452
1981
2049
1890
2409
2230
1929
1988
2142
2205
2159
1977
2030
2099
2142
2349
2365
2478
2466
2223
2177
2108
2185
1990
2306
2189
2226
2245
2025
1922
2116
2287
2242
2151
2245
2280
1991
2208
2070
2132
2124
2306
1956
2119
2057
2057
2230
2460
2121
2004
2175
2188
1942
2363
2208
1953
2134
2024
2090
2192
2028
2177
2354
2176
2142
2066
2168
2289
2257
2085
2299
2169
2082
2324
1985
2326
2350
2000
2137
2349
1878
1909
2040
2031
1819
1920
2002
2268
1875
1995
1972
1604
1930
2202
2082
2222
1847
2224
2052
1887
2225
1761
1825
1976
1980
2104
1930
1730
2005
2030
2056
1771
1840
2026
2196
2275
2372
2239
2257
2021
2082
2036
1861
1793
2081
2096
2035
2162
1862
1820
1761
1991
1973
1983
2034
2129
1955
1946
1899
2009
2096
1859
1989
1939
2005
2063
2056
2443
1899
2059
2151
1957
1945
1974
2060
1923
1932
2110
1919
2119
2007
2109
1984
1865
1838
1825
2086
2152
2001
2196
2110
2016
1887
2121
1800
2174
2405
1763
1911
2061
1657
1685
1861
1924
1672
1842
1879
2231
1676
1852
1765
1533
1620
1921
1879
1846
1922
2003
1857
1887
2039
1751
1676
1669
1927
1874
1726
1621
1745
2088
1911
1712
1553
1863
1996
1919
2109
1920
2037
1807
1796
1713
1756
1645
1808
1849
1888
2015
1749
1560
1754
2011
1924
1717
1783
1966
2082
1833
1695
1825
1972
1862
1655
1853
1773
1847
1885
2275
1735
1707
1858
1849
1707
1858
1923
1742
1651
1972
1720
1866
1675
1850
1956
1922
1821
1878
1854
1978
1908
1757
2034
1914
1708
1881
1698
1922
2008
1687
1652
1890
1907
1914
1979
2162
1729
2107
2049
2269
1947
1915
2112
1878
2140
2112
2217
2228
2100
2379
1940
2334
2404
1907
2219
1886
2069
2156
1763
1940
2237
2117
2212
1740
1851
1940
2095
2314
2288
2303
2273
2229
1884
1877
2181
1884
2102
2011
2407
2128
1904
1869
1929
2145
2162
2191
2057
2081
2148
2098
1981
1979
2169
2110
1796
2056
2044
2096
2262
2354
2082
1943
2098
2181
1865
2029
2197
1957
2094
2148
2183
2176
1894
2130
2226
2007
2028
2028
2105
2266
2006
2186
2283
2043
1896
2249
1933
2142
2412
1846
1944
2179
2084
1962
2184
2209
1927
2252
2244
2463
2054
2116
2159
1912
2062
2268
2483
2373
2172
2309
2172
2546
2262
2093
1989
2030
2292
2254
1921
2118
2101
2506
2294
1835
1893
2206
2355
2367
2448
2491
2534
2220
2178
2238
2108
2083
2286
2148
2295
2332
1993
2108
2123
2430
2251
2203
2349
2303
2295
2174
2204
2071
2257
2127
1979
2178
2103
2438
2358
2527
2192
1971
2255
2178
2067
2389
2273
2130
2134
2453
2292
2412
1929
2259
2213
2146
2176
2077
2157
2404
2094
2237
2580
2291
1970
2309
2024
2315
2389
1869
2208
2158
2016
1874
2126
2267
1871
2045
2007
2323
1793
2114
1992
1761
1957
2042
2112
2269
2038
2286
1971
2214
2170
1898
1802
1928
2026
2141
1899
2011
2011
2025
1984
1910
1825
2001
2119
2257
2166
2512
2195
2115
1963
2063
2082
2015
2045
1970
2284
2207
2021
1712
1752
2173
2210
1961
2159
2259
2107
1893
2027
2094
2081
2032
1926
2034
2079
2165
2161
2310
2014
1886
2027
2074
1956
2129
2262
2123
1982
1986
1963
2162
1959
2073
2237
2117
2014
2069
2076
2238
2040
2145
2353
2075
1784
2120
1901
2226
2347
1786
1801
2237
2022
2119
2235
2166
1867
2040
2180
2508
1831
2033
2170
1967
1936
2273
2273
2243
2112
2265
1906
2051
2307
2014
2021
1985
2230
2215
2031
1936
2309
2188
2153
1930
1963
1997
2378
2485
2524
2277
2330
2381
2193
2190
1935
1911
2108
2231
2228
2270
2113
1813
2028
2279
1954
2178
2150
2197
2110
2195
2117
2008
2195
2261
1951
2173
2178
2177
2323
2475
2033
2140
2286
2124
1883
2381
2280
2040
2111
2303
2168
2257
2038
2186
2266
2014
2077
2159
2080
2340
2144
2181
2312
2030
2043
2246
2013
2231
2363
1831
2013
2271
1862
1742
2122
1781
1760
1933
1989
2203
1674
1985
1860
1816
1761
2003
2116
2006
1797
2140
1772
1941
2116
1773
1898
1743
1964
1906
1673
1920
1953
2052
1869
1684
1645
1846
2111
2106
2209
2150
2282
2044
1851
1830
1830
1878
2090
1900
2084
2134
1811
1756
1721
2029
1909
1991
1965
1917
2078
2075
1801
2006
2036
2113
1757
1976
2015
2091
2051
2240
1902
1947
2052
2033
1650
1945
2113
1796
1827
1913
1868
2045
1768
1877
2031
1853
1945
1917
2083
2075
1993
1971
2031
1870
1759
1946
1874
1960
2146
1642
1799
1971
1895
1686
1949
1891
1670
1796
1954
2036
1660
1812
1897
1798
1840
1917
2070
2094
1970
1978
1837
2104
2078
1743
1849
1577
2018
1949
1839
1739
1913
1954
1966
1524
1697
1952
2074
2147
2193
2115
2315
2087
2002
1719
1755
1837
1968
1902
2053
1911
1712
1921
1636
2001
1866
2026
2002
1869
1836
1901
1836
1902
1933
1849
1649
1983
1906
2036
1956
2181
1779
1831
1971
2032
1668
2074
1924
1739
1870
1983
1970
1875
1651
1755
1991
1750
1891
1868
1843
2060
1875
1987
2156
1834
1820
1983
1762
2060
1994
1704
1825
1922
1927
1718
1904
1971
1653
1853
2071
2179
1671
1863
1878
1774
1928
1974
2122
2235
2089
2132
1769
2059
2106
1804
1864
1830
1984
2029
1839
1851
2170
2004
1911
1706
1822
1826
2085
2237
2153
2238
2121
2104
1861
1959
1882
1763
1840
1893
2144
2226
1877
1794
1874
1994
2099
1905
2030
1996
1873
2050
1786
1910
2074
1965
1769
2077
1986
2158
2151
2386
1908
1924
2067
1934
1712
2023
2079
1822
1866
2033
1926
2082
1759
1978
2139
1938
1792
1951
1993
2015
1872
2069
2058
1925
1818
1958
1897
2096
2225
1636
1984
1949
1994
2055
2039
1999
1789
1927
2106
2194
1976
1918
2107
1844
2036
2028
2256
2086
2132
2221
1890
2032
2230
1835
2053
1782
2125
2142
1861
1910
1969
1906
2094
1696
1953
1847
2054
2141
2256
2168
2374
2181
2042
2052
1894
1911
1986
2024
2190
2184
1976
1731
1939
2046
2129
1992
1958
2151
2015
2153
2004
2025
2113
2138
1843
2087
2018
2145
2183
2357
1807
2063
2166
2065
1878
2183
2123
1955
1956
2095
2053
2094
1876
2154
2224
1949
1987
1945
2084
2168
2074
2045
2261
2031
1731
2027
1993
2215
2110
1894
1978
2010
2102
2020
2293
2293
2075
2126
2127
2542
2005
2105
2306
2034
2096
2278
2434
2288
2207
2264
2094
2450
2481
2172
2067
2169
2323
2310
1948
2084
2190
2343
2453
1876
1948
2164
2458
2506
2518
2558
2557
2356
2268
2234
2042
1991
2303
2205
2375
2448
2054
1921
2161
2329
2263
2180
2315
2343
2194
2206
2103
2257
2212
2230
1967
2157
2140
2271
2449
2443
2190
2131
2278
2286
2020
2484
2251
2107
2147
2361
2258
2313
2010
2158
2521
2201
2091
2192
2447
2425
2366
2347
2463
2268
2063
2339
2094
2356
2406
1982
2250
2291
1927
2008
2041
2096
1732
1936
2077
2269
1776
1953
2014
1733
1986
2177
2211
2100
2012
2202
2030
2009
2217
1834
1871
1960
2091
2118
1839
1732
1990
2106
2127
1824
1802
2091
2233
2323
2268
2131
2227
2179
1943
2053
2013
1907
2010
1933
1973
2179
1898
1812
1907
2079
1916
1953
2136
2245
1952
1933
1955
2009
2105
2010
2008
2155
2054
2151
2165
2288
2109
2017
2065
2055
1855
2040
1972
1917
2198
2160
2046
2091
1936
2062
2078
1809
2006
2105
2042
2197
2059
2077
2051
1967
1971
2098
1815
2112
2294
1755
1923
2115
1657
1859
1763
1837
1667
1944
1970
2271
1693
1838
1912
1450
1659
1825
1948
1863
1837
2002
1768
1751
1953
1706
1782
1641
1808
1917
1785
1648
1887
1900
1903
1604
1769
1740
1862
2095
2241
1965
2079
1911
1730
1945
1844
1770
1936
1733
2137
1919
1752
1655
1704
1935
1801
1884
1916
1908
1875
1769
1809
1781
2021
1911
1726
1913
1859
1930
1963
2161
1741
1841
1907
1925
1752
1887
1921
1856
1875
2041
1985
1873
1669
1913
1827
1878
1965
1796
1850
2063
1869
1936
1946
1853
1786
1865
1816
2060
2081
1581
1721
1928
1774
1657
1794
2070
1734
1859
1894
1969
1744
1799
2100
1476
1845
1794
2135
1956
1824
2048
1668
1956
2178
1749
1700
1702
1975
1985
1681
1743
1950
1838
1841
1564
1764
1810
1923
2047
1950
2167
2122
1759
1838
1924
1664
1637
1847
1848
1834
2062
1832
1617
1840
1962
1916
1786
1888
2022
1857
1848
1810
1786
1930
1932
1647
1935
1972
1921
2014
2242
1803
1800
1939
1783
1754
2028
1740
1715
1880
1762
1885
1908
1623
1983
1935
1933
1723
1722
1866
2015
1820
1915
1984
1947
1593
1999
1643
2075
2082
1587
1875
1869
1969
1957
2074
1992
1796
2061
2092
2346
1646
1886
2041
1889
2019
2109
2167
2067
2284
2228
1935
2203
2218
1910
2016
1897
2129
1890
1829
1987
2196
2106
2168
1756
1722
1886
2383
2157
2303
2175
2384
2321
2106
2132
2128
1945
2043
2040
2166
2071
2063
1747
2032
2110
1975
2170
2201
2140
2138
2179
2089
1939
2243
2021
1763
2112
1983
2140
2360
2360
2075
1943
2072
1913
1894
2126
2012
1968
2199
2248
2167
2003
1994
2144
2119
2032
1988
2091
2120
2152
1911
2185
2158
1923
1925
2205
2071
2005
2144
1663
1898
2056
2000
1781
1918
2001
1684
1781
2031
2149
1711
1831
1831
1573
1940
1987
2094
1983
2050
1942
1959
1937
2047
1621
1828
1620
1978
1980
1794
1611
1951
1948
1829
1738
1710
1949
2097
2160
2222
2010
2092
2152
1987
1818
1821
1845
1817
2006
1897
2013
1700
1764
1647
1951
1794
1916
2006
1967
1972
1893
1861
1819
2055
1816
1752
2084
1900
2233
2136
2278
1954
1706
2018
1828
1676
1933
1997
1817
2070
1910
1879
2039
1723
2002
2108
1755
1811
1940
1948
2009
1911
1986
1965
1654
1853
1937
1811
2105
1983
1598
1899
1905
1818
1718
1859
1902
1585
1913
1997
2112
1623
1668
1920
1729
1909
1931
1969
2047
1924
2021
1889
2082
1981
1766
1790
1667
1910
1925
1695
1691
2150
1928
1930
1692
1732
1959
2112
2243
2103
2184
2050
2087
1786
1840
1896
1754
1905
1706
2088
1962
1711
1694
1777
2042
1812
2041
2049
1870
1858
1967
1842
1840
2080
1912
1684
2017
1837
2093
1983
2227
1806
1757
1956
1933
1728
1960
1891
1807
2042
1854
2059
1985
1765
1952
2003
1783
1904
1806
1901
2142
1915
1960
2029
1826
1865
1903
1721
1973
2162
1596
1745
1939
1843
1743
1916
1770
1649
1705
1894
2055
1736
1763
1935
1635
1806
1782
2055
1890
1949
2097
1861
1931
1890
1626
1714
1688
1970
2002
1646
1597
1655
1932
1937
1614
1665
1725
2123
2100
2135
1943
2060
1854
1795
1729
1771
1849
1942
1791
1895
1944
1846
1602
1806
1912
1719
1780
1924
1990
1952
1828
1858
1781
1861
1852
1729
1867
1850
2010
1838
1980
1905
1758
1779
1931
1574
2005
1999
1808
1818
2037
1918
1983
1703
1934
1939
1803
1780
1807
1854
1969
1877
1787
2124
1866
1656
1806
1806
1774
2100
1550
1702
1883
2043
2151
2159
2323
1928
2221
2201
2436
1887
2047
2324
1978
2041
2350
2332
2347
2286
2386
2275
2415
2419
2062
2063
2067
2315
2226
2087
2066
2194
2216
2370
1908
1975
2067
2491
2392
2374
2486
2653
2429
2413
2195
2210
2034
2253
2370
2368
2340
2106
2115
2029
2275
2220
2237
2122
2326
2248
2347
2187
2264
2380
2239
2101
2258
2034
2279
2394
2637
2076
2267
2345
2225
2065
2289
2202
2061
2155
2310
2291
2348
2044
2359
2361
2023
2177
2111
2293
2361
2109
2263
2398
2055
2006
2333
1888
2377
2494
2010
2166
2227
1880
1723
1834
1813
1653
1907
1851
2086
1661
1760
1918
1671
1763
1864
2079
1902
1776
1996
1817
1863
2095
1768
1734
1845
1994
1789
1682
1709
1905
2023
1950
1573
1678
1841
2044
1900
2252
2110
2027
1828
1930
1816
1758
1710
1909
1933
1895
1773
1763
1699
1783
1999
1798
1888
2030
1917
2032
1863
1751
1772
1858
1944
1695
1722
1783
1911
2001
2065
1875
1777
1977
1800
1741
2014
1930
1925
1851
1980
2017
2074
1653
1957
1890
1937
1879
1856
1964
2013
1905
2015
2103
1841
1776
1859
1769
1943
1892
1571
1796
1960
tempo: 0.015088