100 100
2049
1887
2205
1945
1844
2064
2124
2049
1991
2046
1848
2072
1884
1996
1912
2179
1955
2129
1837
1870
2215
1814
2059
1876
2301
2176
1995
1954
2071
2284
1928
2013
1959
1761
1705
1861
2086
2195
1969
2069
2194
2023
2235
2146
1776
2234
2090
1946
1910
2154
2179
2218
2277
2181
2024
2227
2346
1994
2229
1884
2165
2060
2058
2269
1967
2090
2150
2030
2067
2087
2585
1942
2177
1960
2129
1766
2209
2176
1848
2372
2104
2460
2139
2053
2089
2112
1880
2222
1886
2213
2000
2090
2227
2138
2232
2409
2422
2245
2138
1969
2290
1971
2386
2120
2032
2020
2354
2162
2051
2071
1966
2218
2000
2238
2046
2447
2041
2319
1949
2038
2364
1804
2053
2169
2137
2298
2066
2114
2174
2337
2251
2001
2056
1936
1984
2073
2220
2248
1877
2146
2237
2075
2439
2316
2053
2290
2204
2125
2113
2220
2267
2250
2178
2069
2185
2435
2400
1990
2284
1887
2015
2090
2154
2281
2076
2062
2256
2148
1940
2122
2450
1915
2341
1927
1990
1800
2094
2333
2088
2076
2194
2422
2129
2253
2080
2290
1936
2361
2175
2284
2016
1851
2395
2029
2082
2199
2367
2197
2056
2058
2441
1918
2218
2112
1921
2118
2253
2165
2320
2170
1967
2143
2122
2138
2104
2266
2032
2261
1958
2055
2357
1829
2157
2016
2072
2326
2122
2126
2047
2336
2066
2214
1947
1987
2011
2100
2012
2259
1975
2092
2152
2114
2442
2293
2062
2256
2184
2149
2146
2233
1940
1885
2004
1849
1809
2168
2009
1795
2122
1704
1725
1898
1955
1715
1730
1753
1816
1772
1880
1726
2268
1831
2018
1627
1776
1661
1848
1886
1712
1996
2013
2114
1873
1957
1774
1679
1606
2024
1724
1683
1773
1795
2042
1988
1891
2089
2021
1945
1847
1812
1836
1780
1933
1819
1859
1819
1814
1977
1715
1945
1727
1828
1767
1916
1867
1975
1733
1873
1712
1861
2089
1591
1822
1888
1965
2027
1853
1903
1741
2069
1920
1957
1760
1660
1709
2067
1784
1877
1615
1748
2040
1726
2052
2024
1583
1943
1892
1834
1832
2000
2278
2208
2256
2178
2045
2263
2190
1903
2262
1910
1934
2015
2043
2022
1799
2031
2218
2106
1941
2030
2458
1943
2289
1976
2099
1812
2106
2202
2014
2221
2180
2302
2081
1984
2028
2035
1904
2079
1964
2206
1934
1850
2171
1874
2122
2104
2170
2050
2017
2000
2197
1829
2125
2138
1963
2047
2325
1984
2041
2051
1850
2252
1873
2023
2046
2194
1938
2095
1811
2076
2200
1909
1986
2022
2204
2224
2160
2052
2058
2366
2055
2134
1884
1902
1861
2057
1989
1960
1924
2025
2131
2131
2257
2286
1949
2163
2160
2014
1986
2238
2197
2308
2061
2147
2152
2325
2418
1972
2321
2036
1891
1997
2097
2056
1893
2157
2166
2066
1930
1971
2376
1946
2362
1865
2016
1900
2292
2345
2058
2227
2042
2337
2006
2029
1950
2186
1952
2246
2172
2264
1954
1910
2432
1986
2142
2220
2296
2133
2107
2019
2237
1919
2256
2068
2112
2081
2253
2105
2182
2026
1879
2101
1926
2162
2148
2205
2146
2040
1950
2009
2280
1823
2033
2011
2153
2285
2018
2043
2227
2319
1973
2089
1950
1924
1917
2089
1952
2199
1890
2114
2235
2104
2177
2289
1934
2093
2155
1949
2034
2201
2034
2071
1902
2030
2045
2113
2248
1770
2143
1761
1790
1677
1926
2018
1865
1842
2024
1984
1630
2004
2226
1744
2094
1842
1791
1829
1980
2047
1908
2151
1934
2094
1964
1965
1954
1979
1743
2070
1971
2174
2087
1910
2233
2011
2032
2011
2262
2084
1839
1778
2108
1814
1996
1982
1936
2056
2032
2044
2145
1836
1711
1920
1783
2026
1820
2224
1867
2061
1869
1762
2111
1536
1951
1774
1916
2232
2023
2000
1888
2221
2005
2109
1725
1777
1863
1907
1931
2130
2007
1982
2064
1904
2018
2203
2003
2098
2011
1875
1911
2128
1882
1934
2006
1941
1831
2040
1971
1929
2044
1647
1842
1844
1908
1862
1658
1831
1795
1791
1736
1762
2153
1763
2021
1899
1741
1558
2005
1930
1577
2094
1872
2200
1982
1971
1807
1828
1738
1948
1544
1831
1756
1659
2013
1719
1958
2024
1901
2076
1805
1689
1839
1674
1859
1863
1802
1766
1990
1891
1771
1971
1653
1894
1958
1829
1817
1925
1779
1930
1708
1909
2176
1627
1898
1790
2020
2019
1773
1858
1839
1989
1792
1928
1696
1795
1680
1717
1876
1996
1675
1982
2065
1972
2057
2040
1700
1948
1897
1882
1754
1992
2163
2290
2150
2025
2114
2304
2359
2186
2230
1829
2035
2088
2081
2093
2018
2096
1972
2005
1929
1977
2413
2088
2274
1998
1975
1824
2249
2066
1966
2247
2177
2374
2297
2036
1800
2223
2028
2255
2035
2207
2115
1995
2143
1887
1970
2219
2282
2043
2357
2096
2403
1867
2133
1945
1929
2090
2193
2083
2077
2087
1912
2182
1924
2147
2080
2141
2032
2238
1816
2114
2349
1718
2090
2000
2165
2301
2138
2211
2153
2285
2134
2161
1917
1951
1807
1989
2088
2316
1885
2109
2241
1980
2340
2184
2020
2251
2156
2018
2014
2244
2275
2255
2161
2223
2117
2231
2361
1886
2332
1918
1911
2120
2110
2230
2130
2000
2228
1993
1866
2048
2374
1945
2204
2030
2021
1830
2118
2111
1837
2115
2128
2332
2046
2199
2184
2176
1983
2254
1995
2311
1857
1862
2251
1982
2092
2239
2210
2087
2233
1986
2360
1844
2175
1897
1978
2178
2275
2046
2019
1952
1883
2132
2068
2169
2203
2149
1929
2188
1945
2070
2404
1813
1975
2040
2240
2433
2096
2114
2162
2348
2056
2158
2067
2067
1896
2060
2150
2160
1942
2142
2161
2093
2341
2193
2013
2174
2230
2171
2146
2181
2339
2029
2133
2065
1996
2095
2239
1939
2299
1804
1850
1916
2009
2128
1754
2120
2006
1779
1830
1986
2234
2003
2049
2113
1924
1687
2134
2073
1726
2178
2127
2296
1923
2064
1890
2120
1948
1984
2024
2114
2031
2012
1957
1830
2093
2287
2187
2157
2090
1876
2208
2000
2114
1966
1992
2161
2216
1972
1922
1999
1777
2213
1989
2220
2103
2320
2026
2121
1835
2095
2264
1709
2043
2071
1981
2266
2028
2040
1978
2383
2152
2073
1960
1886
1850
1984
1980
1957
1749
1988
2140
1936
2270
2311
1889
2091
2055
2091
1965
2137
2147
2244
1996
1962
2062
2180
2345
2055
2281
1955
1917
1920
2159
2129
1940
1896
2086
2047
1994
2055
2409
1931
2116
1980
1928
1814
1966
2091
1960
2009
2132
2225
2040
2051
1827
2314
1919
2288
2005
2282
2036
1956
2204
1919
2049
2115
2210
2090
2146
1927
2430
2064
1888
1936
2010
2174
2162
2005
2181
2144
2024
2077
1955
2222
2124
2238
2089
2242
1910
2131
2268
1768
2077
2076
1928
2267
2040
2156
2106
2222
2109
2244
1967
2064
1882
2123
2087
2178
1931
1698
2034
1951
2301
2262
1963
2266
2186
2074
2153
2137
2247
2227
2064
2072
1995
2244
2257
1963
2331
1935
1945
1999
2058
2058
2033
2054
2143
2005
1943
2168
2244
1862
2250
1992
2064
1974
2059
2203
1986
2185
2107
2178
2129
2106
2123
2016
1937
2296
2067
2242
1931
2039
2181
1886
2226
2138
2210
2143
2068
2031
2236
2081
2093
1972
2074
2008
2182
1907
1957
2087
1766
2171
1981
2290
2054
2211
1878
2131
1835
2037
2413
1774
2038
2109
2168
2242
2076
2058
2136
2464
2074
2079
2013
1958
1859
2143
2100
2125
1825
1961
2295
2103
2219
2334
1968
2102
2287
2117
2091
2049
tempo: 2