100 100
1938
1773
1734
1694
1869
1838
2021
1731
1630
1648
1569
1936
1829
1989
1735
2022
1609
1983
1665
1782
1920
1542
1784
1736
1946
1917
1804
1810
1707
2061
1705
2129
1665
1870
1550
1794
2043
1925
1688
1693
1974
1889
2074
1853
1763
1932
1931
1811
1707
1825
2075
2203
2007
1892
1943
2192
2270
2039
2228
1858
1935
1902
2036
1953
1833
1946
1951
1804
1937
1774
2339
1800
1924
1767
1856
1695
2017
1958
1923
2218
1998
2277
1991
2078
1885
1991
1747
2053
1872
2023
1923
1882
2141
1990
1954
2068
2171
2051
2037
1865
1999
1919
2081
1930
2040
2015
2109
2002
2018
2060
1838
2032
1870
2034
2049
2130
1844
1960
1806
1945
2130
1716
1942
1983
2039
2097
2016
1948
1816
2150
1785
2227
1821
1712
1688
1910
2044
2118
1642
1770
2076
1912
2325
2260
1896
2034
2135
1912
1877
1973
1989
1991
1945
1864
2043
2067
2081
1851
2130
1711
1964
1877
1924
1973
1805
1877
2030
1784
1930
1878
2161
1874
2062
1803
1856
1726
2083
1947
1755
2092
2075
2114
2014
2043
1874
2012
1847
2037
1898
2036
1985
1929
2177
1755
2064
1966
2080
2017
1906
1838
2184
1824
1900
1756
1955
1865
2189
1923
1945
1955
1680
1993
1633
1920
1815
2048
1833
2031
1750
1843
2274
1616
1940
1763
2135
2047
1977
2041
1821
2195
1916
2136
1755
1843
1819
1842
1929
2096
1747
1807
1855
2013
2046
1963
1968
2053
2004
1891
1921
2080
2096
2152
1864
2111
1951
2267
2208
1947
2023
1797
1982
1906
1970
1935
1786
2020
1993
2013
1920
1972
2370
1889
2050
1761
1891
1743
1864
1983
1886
2136
2034
2184
1854
2065
1912
1973
1679
2165
1970
1984
1992
1932
2209
1877
1978
2054
2264
2094
1895
1908
2014
1761
2029
1831
1950
1975
2064
1911
2002
1918
1645
1963
1912
2001
1799
2194
1994
2044
1692
2005
2018
1679
1873
1765
1882
2151
1985
1961
1884
2167
1830
1928
1783
1901
1770
1878
2053
2087
1872
1971
2114
1807
2172
2266
1786
2030
2089
1924
1771
2044
1698
1725
1854
1801
1628
2004
1920
1583
1888
1554
1579
1544
1567
1629
1551
1641
1695
1568
1651
1529
1859
1622
1786
1522
1606
1404
1554
1556
1444
1792
1634
1910
1839
1718
1651
1567
1470
1763
1632
1666
1600
1725
1869
1679
1751
1803
1714
1717
1647
1638
1631
1455
1848
1627
1837
1813
1816
1618
1623
1685
1431
1897
1596
1706
1640
1905
1791
1799
1430
1628
1707
1378
1679
1743
1725
1854
1725
1663
1643
1956
1583
1750
1543
1412
1549
1713
1659
1646
1468
1586
1777
1573
1846
1907
1528
1776
1727
1755
1701
1794
1950
1909
1848
1965
1893
2080
1899
1783
1892
1730
1744
1885
1957
1816
1729
1777
1818
1877
1802
1781
2186
1860
1969
1803
1682
1635
1932
1837
1631
2003
1890
2091
2017
1893
1855
1883
1839
1915
1896
1891
2030
1765
2037
1809
1923
1925
2094
1949
1942
1640
1958
1608
1878
1759
1830
1858
1896
1898
1932
1801
1634
2019
1740
1928
1882
1902
1826
1868
1832
1880
2044
1581
1840
1731
1787
2153
1723
1932
1876
2045
1867
2102
1728
1629
1803
1879
1879
2002
1731
1912
1972
1783
2094
1861
1670
1980
1924
1729
1715
1818
2307
2224
2232
2112
2205
2340
2308
2110
2411
2078
1993
2068
2125
2129
1963
2172
2283
2153
2021
2031
2582
2043
2305
2047
2063
1949
2219
2131
2156
2143
2332
2293
2067
2173
2084
2251
2095
2186
2030
2224
2171
1963
2169
1781
2215
2254
2326
2260
2198
2222
2305
2053
2245
2036
1961
2070
2477
2002
2022
2142
2003
2398
2021
2355
2176
2281
2101
2162
1844
2192
2415
1894
2017
2069
2279
2243
2175
2316
2113
2403
2107
2121
1995
2116
1860
2023
2190
2102
1956
1970
2305
2121
2186
2378
1922
2373
2254
2216
2006
2350
1857
1945
1854
1828
1925
2026
2122
1874
2251
1904
1604
1589
1842
1885
1802
1992
1876
1668
1753
1797
2215
1848
1938
1847
1751
1648
1933
1898
1615
1964
1900
2007
1833
1956
1624
1914
1746
2006
1848
2011
1707
1759
1829
1853
1806
2041
1993
1918
1803
1745
2039
1895
1804
1683
2076
1889
1911
1864
1875
1901
1698
1829
1792
1996
2048
2033
1891
2126
1658
2067
2086
1516
1838
1906
2053
2114
1869
1972
1740
2164
1864
1972
1708
1901
1714
1703
1954
1809
1681
1762
2055
1740
2040
2027
1696
1813
2039
2058
1892
1960
2176
2093
1992
2143
2088
2242
2280
1886
2328
1981
1976
1985
2089
2077
1863
1947
2084
1883
1894
2031
2370
1844
2083
1971
1934
1918
2038
2109
2025
2125
1963
2188
2044
2140
2078
1928
1846
2020
1921
2127
1937
2044
2347
2143
1963
2061
2228
2054
1895
1866
2185
1946
2115
1983
2077
1983
2197
1989
1988
1982
1768
2023
1744
2114
1931
2256
1915
2093
1962
2001
2296
1710
1948
1902
2166
2074
2067
2161
1846
2389
2028
2079
1733
1857
1829
2007
2022
1985
1845
1885
2198
2071
2034
2365
1957
2115
2086
2017
1988
2081
1854
1753
1792
1714
1720
1873
1817
1684
1882
1732
1675
1713
1906
1688
1523
1760
1854
1692
1683
1682
2138
1666
1713
1639
1652
1532
1753
1798
1610
1690
1886
1884
1664
1803
1567
1745
1683
1891
1594
1887
1821
1603
1799
1676
1914
1744
1882
1918
1652
1717
1785
1829
1763
1671
1670
1682
2002
1692
1651
1710
1581
1744
1710
1822
1727
1850
1701
1763
1710
1766
1991
1487
1721
1576
1856
1963
1788
1799
1759
2054
1781
1816
1651
1705
1506
1648
1822
1880
1634
1680
1806
1698
1975
1835
1654
1837
1752
1727
1686
1877
2112
2050
1919
1861
1916
2069
2019
1829
2065
1798
1784
1909
1888
1921
1777
1996
1866
1669
1713
1792
2119
1778
2198
1909
1870
1623
1899
1995
1833
2160
1915
2095
1902
1980
1869
1903
1868
2069
1841
1918
1763
1826
2101
1744
1867
2122
2043
2050
1942
1732
2005
1846
2045
1831
1953
1969
1972
2003
1773
1856
1664
1894
1746
2025
2042
2159
1976
2007
1733
1879
2123
1766
1877
1907
1908
1965
1904
1836
1953
2157
1787
2030
1981
1734
1831
1907
2000
2040
1793
1896
1903
1814
2117
2140
1722
2014
1962
1878
1831
2119
2112
1984
2133
2052
2039
2239
2241
1816
2079
1815
1798
1837
2173
1951
2033
1863
1889
1817
1811
1795
2386
1837
2132
1866
1944
1625
2018
1952
1845
1981
2047
2089
2018
1964
1916
1971
1809
2020
1740
2039
1893
1696
2070
1879
1992
2105
2121
2063
2010
1895
2147
1779
1924
1863
1758
2144
2022
1876
1827
1956
1813
2018
1887
2058
1992
2141
1847
1916
1784
1967
2186
1716
1930
1921
1987
2122
2033
1998
1781
2024
1974
2263
1713
1807
1763
1898
1862
2025
1854
1915
2078
1988
2305
2108
1768
2016
2034
2099
1956
1982
2242
2404
2286
2391
2300
2591
2414
2305
2456
1979
2161
2374
2314
2225
2096
2258
2317
2190
2200
2008
2426
2235
2286
2127
2058
1938
2004
2042
2050
2372
2178
2517
2379
2397
2175
2147
2083
2507
2228
2308
2156
2058
2365
2253
2258
2355
2302
2228
2290
2231
2298
1936
2303
1997
2209
2340
2287
2165
2174
2209
1991
2377
2036
2226
2207
2461
2270
2369
2001
2282
2346
1992
2180
2198
2216
2366
2233
2103
2308
2557
2051
2433
1994
2078
1974
2234
2217
2319
2037
2273
2284
2043
2384
2396
2140
2290
2430
2154
2166
2409
tempo: 2