100 100
2243
2261
2034
2201
2138
2296
2352
2061
2390
1831
2028
2106
2080
2161
1969
2080
2087
1939
2049
1988
2460
1967
2246
1966
1965
1782
2060
2068
1895
2455
2215
2412
2248
2119
2069
2255
2007
2309
2036
2249
2187
2177
2524
2187
2131
2122
2400
2257
2202
2061
2363
1963
2101
2103
2175
1876
2023
2368
2057
2220
2086
2093
1951
2165
2157
2404
1911
2146
1922
2107
2345
1745
1959
2142
2166
2318
1965
2236
2177
2170
2012
2109
2005
1937
1888
2204
2064
2235
2008
2099
2146
1932
2373
2274
1950
2356
2162
2050
2145
2445
2167
2145
1921
1995
2094
2283
2406
1997
2209
1889
1945
2056
2042
2034
1912
2135
1930
1779
1836
1929
2243
1871
2083
2096
2029
1710
2003
1990
1855
2080
2120
2132
2019
2089
1839
2137
1812
2178
1968
2301
1942
1843
2148
1906
1955
2131
2187
1961
2141
1995
2322
1956
2039
1745
2115
2077
2229
1992
1858
2033
1825
2080
1743
2186
2023
2004
2093
2234
1747
1991
2267
1801
1855
2047
2144
2177
2016
2077
2080
2266
1975
2034
1932
1971
1889
2010
2140
2035
1752
2094
1945
2011
2340
2067
1885
1992
2165
2132
1912
2247
1799
2010
1970
1905
1885
2202
2052
1948
2215
1787
1839
1878
2053
1829
1716
1722
1895
1916
1684
1802
2059
1803
2047
1747
1774
1675
2017
1998
1778
2082
1935
2231
1890
1973
1815
2005
1885
1948
1908
1997
1647
1614
1942
1816
1841
2130
2161
1953
1931
1828
1899
1844
1926
1843
1957
1976
2013
2028
1887
1834
1665
1971
1847
1885
2080
1987
1853
1992
1774
1915
2137
1654
1863
1897
2030
2030
1877
1775
2073
2133
1808
2064
1842
1609
1905
2002
1966
2096
1721
1974
1996
2036
2033
2137
1728
1964
1936
1876
1927
1994
1917
2062
2010
1989
1987
2145
2231
2000
2186
1806
1810
1906
1804
1890
1908
1926
1985
1767
1879
1842
2484
1936
2067
1870
1819
1705
1954
1884
1847
2088
2080
2155
1987
1877
1859
2237
1842
2072
1766
2063
1900
1891
2099
1891
1970
1981
2164
2128
1883
1935
2074
1796
2108
1817
1829
1872
2092
2092
1967
1939
1818
1947
1903
2008
1989
2113
1753
1947
1806
1867
2125
1603
1787
2026
2147
2167
1806
2135
2026
2086
1982
1889
1782
1787
1786
1862
1896
2003
1877
1895
2216
1886
2028
2035
1855
2030
2131
1920
1935
1963
2081
1986
2014
1746
1814
2197
2204
1952
2296
1729
1675
1928
2078
1900
1825
1793
1989
1830
1766
1854
2219
1816
2026
1846
1715
1620
1973
1798
1850
1961
1909
2087
1947
1978
1838
1952
1648
2084
1755
1908
1844
1861
2030
1848
1980
2197
1986
1917
1881
1747
2120
1835
1961
1802
1887
2102
2049
1828
1882
1890
1624
2012
1877
2083
2046
1927
1777
1998
1788
1973
2179
1644
1940
1867
2026
2028
1794
2035
2078
2111
1946
2064
1981
1800
1824
1869
2006
1885
1788
1685
2112
1880
2237
2123
1917
1986
2111
2109
1760
1955
2182
2290
2285
2224
2214
2492
2413
2045
2396
1999
2031
2107
2128
2158
2127
2197
2203
1971
2083
1909
2365
1950
2356
1912
2024
1868
2123
2215
1923
2252
2179
2387
2224
2213
2091
2225
1963
2240
2017
2139
1956
2085
2288
2051
2074
2259
2204
2230
2331
1991
2308
1820
2239
2010
1993
2191
2081
2013
2002
2335
1852
2235
2048
2275
2138
2352
2210
2234
1932
2142
2516
1890
2212
2113
2141
2287
2229
2065
2129
2405
2044
2161
1925
1995
2050
2253
2117
2261
1832
2275
2190
2101
2386
2102
1918
2081
2189
2163
2070
2108
1719
1646
1507
1506
1570
1678
1787
1501
1744
1417
1449
1572
1540
1625
1485
1636
1522
1388
1547
1606
1701
1493
1732
1545
1487
1464
1524
1630
1353
1730
1675
1731
1668
1570
1560
1664
1643
1611
1461
1673
1657
1426
1746
1536
1764
1568
1807
1749
1674
1602
1739
1409
1670
1466
1548
1467
1670
1634
1677
1547
1421
1538
1469
1697
1567
1738
1549
1641
1402
1499
1754
1346
1592
1531
1527
1666
1641
1582
1463
1674
1630
1607
1343
1507
1555
1656
1532
1625
1452
1620
1614
1443
1734
1824
1533
1696
1712
1662
1512
1842
1852
1851
1675
1719
1910
1907
1841
1547
1893
1507
1652
1679
1638
1673
1647
1803
1721
1659
1662
1704
1945
1664
1819
1778
1519
1409
1698
1717
1522
1810
1741
2004
1855
1877
1646
1752
1790
1938
1803
1909
1633
1728
1789
1694
1812
1795
1784
1774
1845
1744
1850
1512
1777
1572
1700
1768
1702
1919
1750
1763
1609
1739
1589
1802
1764
1730
1710
1717
1684
1807
1862
1445
1675
1643
1831
2006
1611
1954
1802
1956
1693
1796
1665
1691
1484
1712
1657
1898
1505
1859
1925
1530
1928
1834
1563
1837
1771
1671
1649
1841
2091
2442
2285
2327
2123
2374
2342
2083
2320
1897
2137
1961
2119
2194
1997
2071
2147
2122
2049
1967
2624
1925
2285
2203
1912
1792
2090
2177
1958
2396
2094
2617
2350
2251
2061
2165
2088
2395
2022
2178
2015
2051
2338
2048
2221
2464
2383
2202
2194
2097
2288
1977
2281
2164
2161
2276
2265
2235
2135
2220
2051
2284
2092
2189
2224
2430
2247
2253
2013
2033
2338
1933
2219
2085
2153
2303
2118
2199
2202
2416
2193
2293
2034
1907
1910
2230
2225
2476
1898
2086
2326
2164
2376
2457
2002
2379
2168
1970
2092
2332
1915
2166
1983
1940
1950
2294
2095
1907
2187
1719
1850
2056
2121
2086
1953
1782
1863
1981
1918
1880
2481
1793
2160
1989
1913
1566
1750
2072
1851
2113
2055
2164
1848
2033
1761
2083
1828
2135
1867
2008
1763
1830
2152
1943
2022
2157
2313
2179
1982
1896
2000
1864
2097
1953
1946
2105
2009
2031
1859
2026
1897
2210
1994
2111
1979
2110
1820
2134
1863
1893
2037
1709
1787
2014
2038
2136
1773
2184
2060
2114
1992
1994
1929
1699
1868
2074
1996
2052
1824
1928
2213
1963
2205
2135
1737
2100
2080
2091
1987
2150
2015
2006
1992
2005
1989
2192
2073
1984
2052
1754
1877
1854
1859
2027
1946
2012
1846
2018
1782
1774
2172
1876
2036
1752
1873
1577
1826
2091
1682
2144
1975
2180
1917
1875
1828
2078
1726
1935
1932
2067
1872
1788
1944
1884
2158
2101
2067
1961
2078
1791
2095
1658
1907
1800
1875
1919
2058
1934
1794
1841
1862
1982
1918
2078
2138
2177
1855
1973
1743
1960
1986
1727
1888
1960
1751
2005
1942
1915
1935
1981
1999
2057
1841
1815
1809
1843
2058
1932
1863
1885
2002
1767
2133
2044
1767
2094
2106
2023
1891
2213
2064
2217
2047
2035
1905
2082
2310
2066
2338
1934
1876
1965
2072
2035
1849
2073
2021
1818
2005
1922
2204
1907
2039
2037
1944
1796
2039
1906
1716
2089
1968
2285
2172
2119
1861
1976
1798
2176
1936
2074
2014
1984
2202
2069
1926
2153
2085
1996
2035
1862
2070
1815
2167
1899
1997
1994
2225
1988
1957
2034
1688
2155
1909
1860
1927
2134
1977
2117
1823
2039
2236
1657
2116
2054
2153
2194
1878
2004
1970
2102
1850
1970
1851
2008
1707
1876
2066
2073
1762
1899
2166
1904
2394
2181
1950
2065
2079
1995
1878
2136
2119
2188
2167
2095
2056
2270
2224
1758
2208
1830
1883
2078
2024
1942
1874
2022
2103
1892
1821
1877
2370
1867
2122
2038
1818
1835
2095
1976
1878
2115
2071
2272
2150
2146
2059
1930
1973
2136
1897
2099
1921
1848
2188
1869
2022
2095
2192
2124
2004
2023
tempo: 2