100 100
2302
2366
2239
2047
2290
2382
2399
2202
2470
2071
2030
2200
2280
2215
2019
2047
2249
2083
1928
2083
2585
2180
2415
2132
2131
2038
2337
2235
2217
2317
2221
2294
2192
2148
2113
2337
2134
2312
2066
2281
2094
2061
2352
2128
2169
2454
2414
2287
2423
2149
2433
2247
2276
2247
2041
2364
2340
2192
2061
2080
1967
2356
1942
2366
2262
2563
2159
2350
1939
2062
2390
1897
2245
2232
2419
2389
2245
2135
2239
2353
2157
2336
2201
2008
2053
2142
2421
2432
2171
1935
2361
2107
2441
2392
2007
2452
2308
2332
2187
2469
2109
2092
1992
1906
1920
2158
2297
1873
2253
1603
1793
1891
2022
1931
1961
1939
2001
1894
1944
2033
2306
1740
2223
1976
1938
1801
1995
1986
1922
2122
2170
2329
2004
1973
2069
2046
1730
2123
2027
2073
1948
1873
2129
1944
2112
2082
2224
1976
1965
1994
2259
1799
2039
1979
2042
1899
2125
2100
2070
1905
1859
2107
1898
2114
1920
2064
1781
1922
1935
1940
2199
1640
1913
2048
2039
2227
1872
2185
2106
2127
2037
1959
1910
1812
1815
2121
2083
2136
1964
1880
2122
1931
2354
2122
1786
2120
2088
2047
2025
2109
2183
2060
1895
1970
2104
2180
2338
2048
2201
1876
1834
2058
2120
2039
1969
1993
1958
1905
1723
2066
2465
1914
1974
2198
1854
1898
2190
2055
1899
2254
1947
2295
2113
2047
1942
1940
1859
2256
1883
2295
2050
1881
2179
2098
2096
2220
2084
2178
2056
1925
2312
1998
2125
2143
1923
2221
1974
1993
1897
1881
1776
2015
1944
2320
2026
2472
1842
2146
1962
1895
2245
1684
2122
2015
1968
2335
2086
2085
1866
2256
2222
2087
2000
1795
1787
1953
2222
2115
1897
2083
2330
2083
2262
2250
1967
2307
2165
2155
1955
2167
2015
1868
1912
1922
1844
1847
1989
1665
2019
1746
1810
1612
1686
1817
1563
1945
1768
1662
1668
1701
2044
1659
2041
1703
1746
1587
2012
1811
1728
2062
1761
2024
1795
1994
1851
1905
1608
1923
1703
1974
1726
1695
2013
1837
1821
2025
1885
1875
1803
1584
1896
1907
1926
1647
1862
1673
2068
2090
1785
1687
1601
1803
1606
1981
1782
2035
1806
1846
1600
1771
2043
1470
1857
1949
1892
1941
1792
1938
1904
2088
1740
1892
1815
1755
1762
2043
1895
2039
1674
1648
1895
1650
2027
2041
1628
1881
1815
1684
1718
1977
1998
2222
1990
2077
1866
2043
2289
1983
2244
1633
1861
1934
2113
2023
1848
2000
1966
1826
1965
1846
2281
1763
2064
1929
1834
1659
2015
1955
1816
2271
2064
2153
1990
2057
1956
1960
1796
2117
1917
2228
1827
1944
2095
1893
2100
2058
2193
1994
2023
1913
2201
1931
2121
1940
1999
1907
2036
1983
1944
1982
1904
2034
1924
2150
1879
2226
1953
2166
1831
2014
2246
1732
1939
1914
2016
2137
1892
1943
2220
2169
1970
2025
1853
1955
1831
2147
2051
2080
1786
1982
2008
2043
2096
2121
1956
2133
2171
2009
1913
2194
2222
2122
2111
2048
1919
2085
2165
1735
2061
1782
1774
1865
1901
1950
1847
1929
2070
2009
1916
1838
2273
1717
2139
1791
1887
1754
1937
2014
1831
2097
2033
2098
1793
1958
1924
2074
1861
2069
1773
2062
1929
1591
2100
1842
1913
2021
2018
2025
1994
1756
2115
1735
2080
1833
1879
1990
2185
1839
1950
1796
1912
1928
1903
1988
1989
2117
1843
2023
1678
1877
2241
1768
1786
1702
1947
2255
1934
2046
1960
2172
1989
1998
1828
1844
1888
1943
2090
2096
1866
1901
1991
1837
2219
1975
1737
2159
1908
1996
1918
2100
1808
2121
1837
1914
1864
2103
2100
1866
2045
1781
1789
1668
1694
1851
1738
1839
1822
1921
1729
1685
2122
1730
1861
1556
1726
1694
1807
1904
1871
2033
1784
2123
1945
1988
1798
1934
1746
1980
1814
2029
1840
1714
2075
1818
1747
1968
2001
1877
1943
1652
1863
1681
2046
1765
1838
1731
1922
2031
1884
1784
1647
1900
1894
1827
1989
1901
1695
1851
1681
1817
1991
1560
1821
1851
2024
2003
1812
1904
1981
1982
1639
1880
1664
1678
1464
1740
1894
2049
1662
1801
2142
1882
2082
1980
1784
2045
1916
1712
1798
1827
2120
2101
1988
1979
1867
2278
2269
1897
2222
1684
1717
1907
2015
2010
1866
1924
2018
1961
1856
1958
2391
1915
2048
1684
1775
1745
2064
2045
1809
2129
1994
2145
1976
1977
1914
2136
1751
2209
1845
2120
1758
1823
2246
1909
1973
2150
2138
2111
1962
1867
2363
1880
1923
1806
1966
1988
2018
1857
1939
1915
1725
1966
1892
2112
2171
2200
1926
2244
1768
1971
2218
1766
1847
1935
1943
2239
2011
1889
1892
2159
1992
1797
1975
1892
1973
1984
2077
1973
1845
1902
2027
1904
2017
2124
1915
1922
2120
1984
1948
2252
1814
1967
1938
1944
1922
1958
2037
1821
1902
1611
1670
1814
1624
1753
1608
1987
1880
1724
1702
1840
2184
1792
1837
1831
1666
1645
1795
1795
1648
2043
1845
2013
2019
1904
1721
1879
1809
1940
1869
2072
1847
1820
2096
1763
1889
1955
1811
1969
1854
1651
1897
1765
1801
1662
1880
1963
1967
1891
1540
1750
1562
1948
1767
1925
1767
2014
1936
1992
1751
1869
2031
1638
1919
1894
2072
1933
1771
1981
1784
1964
1775
1811
1785
1620
1575
1811
1777
1999
1686
1959
2158
1933
2074
1972
1706
1925
1890
1656
1784
1930
2039
2178
1904
2027
1866
2136
2164
2165
2133
1693
1998
1954
2128
2114
2009
2055
1828
1925
1889
1994
2116
1849
2145
1934
1854
1774
1922
1972
1840
2289
1943
2162
2239
2092
1981
2043
1890
2266
1945
2044
2223
1999
2322
1893
2279
2041
2185
2181
1841
1948
2166
1908
1924
1814
2020
1858
2050
1937
1928
2022
1832
1916
2106
2010
1968
2132
1914
1894
1934
2049
2221
1679
2110
1932
1833
2024
1895
2034
1970
2124
2073
2102
1857
1883
1828
1909
2020
2213
1818
1912
2089
1969
2235
2319
1974
2392
1971
1983
1851
2226
2252
2113
1904
1876
1922
2039
2204
2019
2052
1690
1978
2023
1950
2108
1924
2107
1962
1807
1992
1983
2098
1828
2246
1861
1843
1645
1967
1878
1883
2006
2013
2264
1943
1948
1957
2141
1813
2041
2032
2101
2027
1843
2063
1921
2131
2033
2031
2076
2054
1899
2133
1754
2096
1993
1960
1871
2163
1878
1891
1977
1826
1942
1928
2066
1848
2170
2023
1917
1893
2035
2217
1704
1977
1943
1896
2132
2034
1974
1861
2171
2089
2024
1915
1872
1959
1965
1995
2014
1604
2032
2005
1845
2201
2254
1766
2057
1877
1983
1774
2082
2100
2390
2139
2209
2054
2348
2249
2009
2101
1785
2020
1991
2103
2035
2029
2002
2053
1956
2115
2082
2408
1948
2142
1939
2131
1771
2005
1876
2026
2251
2207
2293
2277
2348
1998
2157
2003
2319
2090
2052
2092
1908
2074
2086
2122
2219
2305
2233
2156
2076
2358
1899
2264
1893
1927
2082
2244
2065
2148
2145
1935
2170
1913
2049
2038
2283
2017
2134
2031
2044
2301
1787
1982
2029
2159
2187
1943
2204
2042
2251
2065
2111
1868
1886
1921
2045
2147
2329
2052
1967
2226
1994
2283
2323
2019
2132
2128
1887
2085
2286
2189
2187
2258
2143
2217
2275
2398
2092
2353
2062
1903
2035
1996
2135
1962
2216
2264
2100
2008
1994
2630
2065
2302
2175
2033
1924
2121
2283
1961
2229
2135
2401
2178
2145
2077
2086
2063
2204
2159
2207
2096
2143
2154
2005
2129
2163
2286
2174
2096
2112
tempo: 2