100 100
2130
1925
2322
2040
2107
2181
2358
2088
2063
2206
1950
2408
1824
2212
2123
2427
2271
2222
1977
2152
2336
1905
2066
2044
2184
2236
1994
2280
2130
2440
2125
2077
1928
1997
1839
2038
2151
2152
1812
2038
2379
1982
2178
2319
1877
2222
2126
2130
2028
2296
2259
2511
2141
2237
2322
2511
2294
2127
2388
2004
2197
2176
2352
2155
2017
2028
2288
2174
2143
2074
2443
2111
2359
2114
2057
1983
2131
2288
2081
2298
2206
2455
2382
2350
2131
2147
2082
2507
2328
2381
2271
2080
2460
2284
2265
2420
2569
2243
2183
2233
2395
1938
2236
2059
2110
2260
2361
2348
2190
2095
1930
2171
1933
2244
2181
2287
2158
2243
1983
2254
2383
1895
2173
2063
2348
2483
2219
2355
2297
2507
2074
2269
2022
2193
1961
2295
2248
2419
2144
2223
2359
2040
2345
2379
2149
2385
2277
2075
2181
2245
2105
2254
2137
2107
2207
2349
2332
2213
2370
1972
2067
1804
2172
2001
2128
2040
2189
1980
1939
1715
2392
1937
2350
1992
1880
1802
2115
2117
1980
2245
2198
2358
2200
2212
1992
2094
1825
2251
1959
2045
1988
2162
2278
2008
2271
2132
2224
2092
1979
1972
2228
1876
2132
1942
1977
2124
2184
2025
1965
2283
1820
2084
2050
2172
2198
2328
2105
2154
1864
2068
2351
1908
1940
2054
2103
2151
2124
2115
2021
2351
2010
2229
1935
2018
1861
2040
1951
2194
1888
1953
2283
2207
2259
2168
1990
2135
2338
2207
1948
2079
2315
2236
2105
2063
2066
2343
2347
2122
2547
1909
1940
1992
2123
2017
1897
2112
2209
2088
1946
1951
2315
1883
2159
1975
2122
1901
2253
2027
1975
1973
2062
2217
2072
2234
2054
2029
1886
2293
1973
2060
2158
1888
2192
1907
2046
2127
2155
1978
2077
1989
2321
2018
1984
1915
2065
2030
2312
1877
1974
2051
1842
2164
2031
2221
1991
2144
2002
2173
1873
2099
2361
1780
2134
1998
2200
2181
2015
2070
2002
2341
1993
2116
1881
2185
1801
1972
2137
2147
1909
1887
2318
2062
2521
2193
1911
2059
2213
2230
1902
2129
1994
1957
1871
1835
2007
2114
2139
1861
2244
1891
1738
1768
1846
2022
1833
2041
1989
1877
1932
1843
2198
1794
2127
1736
1722
1697
1976
1937
1753
2094
1881
2156
1939
1937
1838
1828
1778
2161
2025
1978
1857
1937
2085
1796
2015
2094
1969
2006
2002
1794
2053
1762
2047
1873
1959
1974
2025
1950
2000
2003
1800
2011
1842
2167
1897
2096
1897
1937
1899
2056
2157
1757
1939
1876
2008
2104
1849
2016
2012
2163
1843
2148
1891
1821
1691
2009
1950
2005
1594
1967
2027
1853
2143
2110
1828
1895
2094
1890
1839
1960
1966
2141
1867
2103
1853
2083
2008
1856
2058
1689
1723
1900
1977
1909
1825
1839
1900
1864
1736
1752
2097
1790
1959
1823
1762
1813
1805
1946
1656
2152
1784
2054
2050
2018
1936
1740
1711
2144
1826
1999
1977
1765
2156
1918
1969
2106
1950
2030
1924
1721
1991
1779
1946
1736
1827
1874
1879
1801
1719
1845
1674
1776
1947
1828
1956
1982
1903
1911
1849
1782
2167
1650
1905
1802
1939
2151
1746
1943
1824
2076
1877
1862
1814
1688
1667
1775
2020
1992
1664
2016
2071
1904
2052
2147
1739
1973
1875
1911
1947
2024
2153
2299
2262
2138
2157
2327
2414
2091
2375
1869
1853
2044
2147
2250
2091
2152
2096
2003
1921
2040
2432
1943
2296
2039
2066
1685
2208
2110
1891
2392
2270
2367
2110
2136
1993
2252
2003
2160
1992
2117
2104
2063
2267
2037
2104
2260
2424
2232
2256
2016
2318
1903
2117
2090
2055
2134
2170
2190
2115
2188
2051
2141
2036
2271
2221
2261
1980
2130
1926
2048
2496
1757
2034
2132
2102
2230
2011
2208
2080
2128
2153
2165
1889
2108
2020
2151
2034
2163
1977
2106
2287
2057
2447
2203
1966
2190
2243
2177
2030
2441
2301
2386
2089
2229
2282
2207
2418
1937
2259
1992
2194
2118
1986
2051
2164
2079
2175
1947
2040
2088
2401
1986
2221
2054
2095
1878
2146
2098
1899
2272
2156
2554
2320
2319
2156
2181
2183
2246
2112
2321
2184
1947
2373
2066
2249
2386
2343
2099
2430
2024
2366
1919
2305
1978
2023
2119
2359
2269
2197
2050
1914
2139
2158
2173
2128
2314
2120
2240
1956
2060
2362
1769
2112
2123
2242
2330
2149
2171
2023
2331
2144
2244
1910
2073
1981
1947
2145
2519
1972
2154
2368
2079
2521
2426
2212
2215
2227
2060
2304
2206
2384
2523
2520
2414
2343
2570
2578
2279
2569
2061
2169
2277
2204
2265
2219
2224
2415
2243
2283
2126
2882
2161
2548
2202
2169
1976
2375
2301
2241
2449
2294
2569
2462
2339
2109
2426
2187
2478
2131
2272
2165
2155
2433
2107
2287
2568
2454
2346
2411
2298
2384
2109
2465
2113
2068
2424
2613
2264
2165
2312
2190
2502
2254
2350
2368
2456
2195
2394
2135
2258
2595
2139
2277
2284
2435
2451
2286
2366
2232
2421
2319
2165
2305
2125
2082
2265
2356
2468
2140
2087
2671
2326
2486
2568
2162
2413
2402
2359
2261
2418
1903
1983
2000
1866
1883
2172
2009
1790
2071
1625
1773
1848
1906
1759
1740
1862
1855
1838
1802
1720
2146
1661
1842
1760
1680
1474
1866
1752
1609
1927
1920
1975
2022
1945
1825
1786
1700
2084
1807
1978
1706
1819
2085
1715
1920
1948
1999
1780
1829
1781
1906
1750
1912
1672
1841
1893
1913
1920
1726
1846
1674
1893
1886
2101
1761
1893
1732
2064
1744
1754
2102
1510
1934
1893
1922
2096
1845
1938
1889
2135
1803
2101
1721
1779
1603
1989
1683
1962
1649
1893
2051
1958
2092
1769
1791
2075
2074
1779
1712
1882
2164
2094
2022
1834
1971
2254
2151
2001
2201
1810
1815
1952
2122
1989
1833
1959
2118
1973
1844
1993
2397
1816
2090
1910
1904
1675
1983
2058
1762
2130
2092
2338
1974
2055
1800
1944
1692
2276
1985
1937
1957
1832
1917
2121
2083
2230
2210
1963
1919
1952
2206
1822
2036
1925
1982
2088
2198
2104
2000
1974
1827
2020
1903
2119
2063
2127
1794
2056
1954
2070
2160
1799
1949
1921
1940
2104
1946
2041
1965
2226
2027
2104
1999
1962
1822
2119
2115
2012
1865
1938
1944
1833
2368
2136
1916
2049
2114
2008
1904
2172
1824
1964
1811
1819
1754
2072
1982
1928
2119
1668
1856
1792
1986
1939
1887
1827
1852
1864
1740
1864
2215
1872
2031
1726
1833
1583
1857
1917
1780
1999
1880
2110
1946
2123
1821
1960
1713
2127
1847
1957
1960
1846
2134
1840
1916
2272
2129
1947
1986
1639
2116
1839
1959
1766
1802
1990
1917
1994
1895
1889
1653
1890
1857
2030
1958
2052
1839
2019
1742
2027
2070
1620
2060
1863
1876
2101
1742
1997
1971
1963
1881
2097
1915
1728
1852
2010
1973
2187
1724
1825
1911
1797
2306
2024
1858
2106
1925
1874
1787
1964
2270
2166
2123
2178
2223
2275
2287
2131
2380
1919
2173
2051
2212
2250
1970
2083
2149
2125
2049
2104
2477
2028
2147
2110
2009
1949
2147
2256
2013
2364
2082
2475
2237
2228
2146
2105
2036
2379
2147
2244
2295
2217
2332
2096
2276
2212
2362
2316
2152
2081
2479
2074
2181
1988
2164
2239
2266
2125
2254
2212
1908
2227
2025
2363
2079
2518
2142
2237
2136
2162
2418
1880
2274
1995
1952
2258
2081
2237
1993
2407
2188
2214
2040
2034
1953
2103
2197
2265
2054
2071
2259
2060
2384
2469
2005
2380
2033
2221
2001
2150
tempo: 2