100 100
2164
2249
2205
2149
1985
1986
2385
1791
2026
2098
2367
1953
2189
2017
1947
2165
2087
1802
2003
2184
2094
1997
2112
1986
2047
2207
1907
2010
1965
2130
2102
2319
2062
1906
1849
1951
1744
2050
1919
2082
1878
1890
1895
1965
2061
2065
1962
2460
2203
2234
2184
1834
2160
2022
1933
2096
2095
2039
1838
1994
2015
2463
2304
2107
2195
2332
2319
2027
1940
2177
1955
2040
2084
2468
2027
2238
2204
2138
2034
1994
1951
1801
1970
2202
2273
1998
2040
2156
2222
2157
2146
1945
1967
1967
1832
2029
2328
2086
2125
2218
2022
2330
2020
2075
1861
2252
2268
1801
2078
2102
2318
1791
1960
2002
1855
2055
2069
1795
2000
1872
2104
2170
2031
1911
1981
2112
1925
1881
1971
1976
2123
2082
2079
1916
1984
2123
1697
2066
1885
2145
2046
2037
2030
1914
1885
1932
1935
2258
1900
2231
2315
2182
2131
2269
2031
2248
2353
2142
1917
2271
2292
2295
2291
2109
2149
2327
2403
2071
2062
2307
2097
2174
2318
2388
2252
2484
2290
2124
2012
2032
2124
2031
2060
2192
2214
2113
2251
2295
2169
2276
2453
2142
2278
2154
2056
2246
2127
2198
1993
2289
2139
2356
2265
2133
2073
2078
2467
1813
2102
1987
2265
1791
2298
1907
1915
1985
1924
2186
2019
2063
2059
2140
1979
1995
2108
2237
2108
2015
1783
2275
2323
2127
2234
2036
1885
2132
1833
1992
2044
2244
2004
2102
2132
1977
2110
2131
1997
2481
2092
2330
2154
2058
2110
2236
2142
2525
2226
2273
2032
2274
2399
2544
2376
2372
2433
2517
2518
2086
2115
2383
2386
2304
2073
2529
2157
2522
2324
2202
2107
2125
2258
2167
2256
2397
2249
2299
2263
2369
2385
2235
2351
2343
2216
2167
1976
2364
2509
2314
2212
2462
2277
2587
2389
2346
2237
2237
2339
2107
2239
2182
2399
1914
2353
2255
2034
2298
2348
2017
2103
2250
2437
2219
2295
2318
2160
2239
1991
2037
1865
2277
2406
2353
2321
2226
2085
2103
2099
2277
2131
2236
2151
2178
2168
2176
2239
2247
2123
2300
2272
2302
2143
1820
1904
1942
1962
2123
2031
2022
1818
2241
2207
2424
2257
1836
1915
2092
2211
1856
1787
2085
2123
2080
1940
2218
1947
2257
2057
1937
2129
2010
2170
1892
1954
2129
2126
2173
2088
2038
2042
2122
2246
1985
2216
2124
1869
2101
2088
2098
2001
2184
2052
2177
2148
2022
1989
2049
2228
1698
2122
2060
2132
1630
2213
2036
1728
1788
1928
1942
2043
1952
2132
2041
1939
1960
2011
1965
1931
1810
1985
2137
2086
1996
2058
2101
1744
2185
1916
1984
1848
2010
1871
1893
1943
1945
2073
1925
1820
2202
2005
2299
2366
2200
1881
2309
2057
2107
2218
2119
1854
2309
2255
2480
2296
2241
2239
2187
2475
2013
1915
2131
2039
2095
2142
2630
2137
2512
2173
2228
2235
2041
2161
1944
2014
2191
2377
2366
2077
2018
2392
2223
2297
2116
2139
2132
1891
2035
2336
2327
2183
2376
2057
2109
2144
2195
2015
2175
2437
1931
2104
2087
2500
1953
2272
2118
1788
2210
2120
1964
2070
2156
2024
2216
2190
2150
1912
2087
2116
1871
1943
2078
2131
2350
2342
1978
1947
2076
1994
2230
1886
2300
1959
2078
2004
2060
2238
2115
2022
2484
2243
2370
2037
1900
1976
1985
1861
2024
2095
1963
1881
2017
1951
2216
2115
2056
2216
2266
2315
1956
1959
2078
1924
2103
2062
2270
1903
2460
2197
2074
2057
1756
2066
1968
2016
2193
2155
1954
2188
2007
2174
2081
2012
1804
2237
1806
1865
1999
2252
2074
2048
2073
2151
2210
2087
2137
2144
2118
2324
1724
1978
1881
2189
1590
2232
1938
1810
2031
1972
1940
2099
2041
2123
2051
2072
1918
1970
1933
1863
1838
1867
2025
2149
2138
2057
2097
1915
1987
1785
1983
1967
2072
1910
1897
1846
1930
2044
1930
1858
2065
2053
2214
2164
1767
1807
1971
1951
2056
1992
1926
1757
2075
1948
2247
1960
1947
2144
2062
2129
1835
1768
2051
2007
1995
2027
2255
1857
2188
2026
1905
1977
1891
2098
1774
2074
2042
2051
2198
2008
2007
2069
1982
2064
1853
2125
1843
1802
1985
2043
2011
1849
2098
2002
2107
2075
1977
1943
1978
2200
1695
1954
2015
2142
1641
2106
1914
1695
1983
1962
1809
1861
1793
1973
1948
1969
1929
1846
1900
1818
1858
1925
1932
2094
2005
2027
2076
1864
1967
1741
2092
1837
1847
1901
1857
1913
1928
2060
1902
1892
2231
1854
2102
2340
2068
2022
2137
2387
2153
2336
2158
2105
2361
2174
2619
2264
2356
2370
2332
2604
2158
1951
2328
2145
2210
2150
2396
2210
2481
2332
2009
1975
1949
2037
2065
2410
2257
2367
2184
2141
2211
2377
2266
2420
2281
2271
2231
1925
2162
2405
2209
2220
2490
2184
2465
2162
2257
2211
2121
2460
1880
2140
2061
2456
1946
2194
2160
1986
2129
2097
2020
2053
2223
2452
2374
2136
2191
1987
2175
1967
2102
1856
2288
2423
2336
2200
2157
1869
2140
1974
2264
2142
2226
2118
2237
2186
2225
2189
2343
2136
2493
2109
2317
2352
2063
2142
2120
2070
2338
2296
2077
2128
2377
2255
2609
2386
2183
2333
2424
2461
1982
2118
2250
2242
2363
2101
2451
2251
2495
2451
2025
2261
2072
2232
2078
2200
2267
2229
2250
2305
2182
2325
2267
2449
2181
2260
2130
2188
2171
2333
2305
2237
2375
2310
2311
2281
2467
2169
2159
2439
2050
2111
1971
2292
1877
2326
2137
2041
2122
2084
2084
2228
2341
2147
2276
2183
2265
2126
2177
2195
1960
2005
2339
2263
2224
2296
2274
1912
2143
2023
2322
2048
2247
2122
2231
2207
2091
2296
2193
2115
2476
2317
2402
2127
1975
2003
2009
1938
2300
2117
2074
1900
1934
2074
2393
2037
1961
2065
2155
2160
1934
1928
2169
1981
2103
1961
2192
1947
2046
2052
1858
1978
1889
2103
1971
2050
2155
2049
1891
1968
1987
2143
1997
2036
1894
2024
1930
1877
1804
2159
2078
2024
2171
2132
2209
2106
2200
1846
1978
2161
1731
2044
1949
2204
1797
2178
1910
1867
1824
2051
1877
1909
1896
2186
1998
1870
1901
1973
1863
1851
1815
1891
2228
2074
2029
2047
2138
1679
2149
1823
2115
1881
2002
1876
1872
1957
1941
1968
1948
1849
2147
1879
2225
2181
1899
1994
2106
1942
2180
2222
2035
1996
2041
2085
2483
2302
2061
2185
2073
2406
2213
1865
2220
1972
2003
2132
2303
2093
2409
2220
1883
2073
1836
2147
2131
2111
2183
2157
2239
2273
2113
2214
2069
1951
1923
2144
2044
1858
2021
2438
2269
2012
2224
2149
2282
2163
2163
2085
1989
2468
1845
2042
2164
2421
1993
2323
2134
1868
2077
2209
1873
2126
1974
2297
2277
2197
2060
2051
2017
1831
1965
1908
2132
2171
2244
2122
2085
1822
2099
1984
2035
2072
2171
2058
1919
1880
1992
2139
2096
1943
2290
2110
2338
2078
1764
1915
1996
1761
1907
1995
1961
1644
1962
1983
2135
1911
1836
1813
1897
2191
1795
1640
2059
1871
1992
1852
2110
1911
2339
2157
1749
1970
1648
2024
1754
1782
2038
2071
1939
1836
1935
1889
1966
1997
1826
1868
1863
1734
1720
2088
2054
1908
2127
2141
1953
1897
2053
1803
1957
2068
1726
1944
1824
2145
1735
1979
1923
1763
1759
1956
1815
1886
1990
2017
1865
1883
1937
1983
1798
1722
1754
1827
1908
2037
1918
1919
1795
1797
1814
1771
1837
1789
1933
1873
1822
1790
1896
2098
1949
1782
2130
1825
2059
tempo: 0.028151