100 100
2213
2659
2387
2311
2091
2356
2509
2061
2364
2240
2536
2308
2206
1989
2103
2276
2371
1930
1999
2070
1951
2002
2105
2241
2076
2352
2218
2011
1938
1919
2031
2005
1962
2133
2200
1966
2051
2094
2301
2051
2237
1991
2018
2081
1743
2104
2348
2077
2154
2162
1999
2229
2206
2125
1941
2101
2310
1898
2011
2064
2269
1838
2144
1959
1928
1991
1891
1894
2204
2040
2075
1965
2025
1892
1963
1972
1764
1930
1794
2130
2283
2057
2095
1869
1728
2052
1694
1876
1876
2135
1998
1879
1994
1877
1899
1990
1912
2304
2190
2162
2098
2064
1978
2237
2032
1942
2134
2075
1795
2262
2208
2286
2344
2058
2194
2151
2319
2107
1888
2144
1999
2047
2121
2322
2004
2521
2389
1968
1937
1876
2100
1943
2036
2124
2115
2114
2014
2234
2249
2050
2071
2080
2195
2019
1898
1938
2354
2313
2105
2130
2150
2231
2098
2143
1946
2007
2346
1773
2129
2074
2256
1857
2154
2124
1772
2175
2002
1812
1914
2152
2174
2120
2108
1983
2123
2054
2016
1919
1712
2133
2199
2257
2115
1875
1794
1993
1890
2077
1926
2226
2086
1970
2057
2121
2109
2139
1938
2273
2089
2218
2133
2054
2066
2071
1949
2156
2163
1951
1887
2240
2112
2338
2317
2144
2100
2178
2309
2021
1951
2046
2066
2193
2039
2462
2123
2424
2223
2098
1858
1804
2104
1966
2086
2339
2243
2246
2119
2138
2191
2066
2170
1915
2233
1943
1878
2072
2165
2142
2006
2198
2173
2029
2104
2072
1942
2049
2147
1828
2095
1920
2201
1819
2128
1897
1952
2212
2137
1855
2050
2132
2173
2105
1976
2109
2052
2059
1965
1783
1931
2050
2125
2169
2018
2053
1849
2085
1904
2209
2072
1964
1902
1989
1896
2038
2099
2095
1959
2346
2106
2272
2145
2129
2093
2071
1997
2274
2204
1939
1936
2176
2105
2380
2393
2029
2199
2386
2299
2107
1960
2214
2204
2266
2247
2274
2235
2613
2498
2075
2135
2098
2138
2024
2011
2233
2221
2035
2256
2045
2259
2130
2204
2045
2180
2038
1999
2227
2358
2254
2170
2200
2137
2335
2300
2079
2082
2103
2407
1842
2181
2108
2428
1881
2217
2116
2028
2068
2132
1997
2088
2067
2247
2037
2099
2164
2109
2214
1947
2056
2088
2155
2328
2293
2122
2112
1863
2111
1929
2162
2018
2281
2069
2027
1872
2128
2177
2149
2078
2366
2071
2304
2056
1782
2085
2033
1826
2109
2088
1761
2073
2159
2210
2455
2122
2174
2162
2235
2426
1984
2038
2273
1995
2284
1997
2480
2072
2519
2270
2138
1993
1871
2051
1956
2072
2199
2159
2179
2151
2112
2143
2060
2123
2002
2138
1867
1880
2086
2260
2211
2088
2263
2093
2441
2022
2027
2066
2271
2252
2059
2188
1832
2261
1851
2113
1887
1860
2168
1974
1890
2042
2021
2135
2053
2078
1989
2089
2078
2011
1962
1904
2192
2238
2245
2173
1956
1997
1945
1797
1978
1829
2041
2116
2008
2097
2013
2078
1971
1972
2198
2084
2083
2282
2182
2072
2285
2125
2236
2325
2216
1928
2363
2451
2469
2448
2129
2319
2302
2445
2269
2143
2123
2241
2280
2119
2567
2193
2565
2297
2173
2232
2060
2259
2240
2222
2360
2441
2259
2256
2239
2305
2201
2350
2217
2264
2169
1903
2203
2427
2384
2244
2434
2344
2554
2304
2182
2139
2309
2605
1878
2197
2194
2478
2032
2527
2124
2044
2393
2260
2132
2035
2193
2432
2363
2197
2323
2069
2265
2118
2112
2085
2371
2362
2424
2221
2118
1944
2165
2174
2429
2239
2324
2291
2123
2181
2380
2458
2259
2080
2603
2109
2396
1749
1633
1612
1724
1787
1925
1781
1474
1730
1992
1791
1940
1806
1768
1851
1905
1901
1682
1456
1753
1753
1674
1651
2017
1572
2198
1899
1749
1754
1575
1789
1625
1812
1701
1860
1813
1652
1709
1665
1698
1811
1624
1804
1621
1595
1680
1832
1828
1793
1825
1756
1904
1731
1924
1829
1642
1939
1401
1670
1423
1919
1472
1943
1677
1416
1721
1766
1589
1622
1687
1713
1763
1656
1780
1670
1694
1674
1584
1571
1864
1865
1850
1973
1621
1616
1744
1580
1675
1494
1755
1660
1702
1641
1634
1830
1688
1629
1766
1689
1819
2301
1960
2001
2088
1985
2426
2243
1996
2040
2191
2151
2427
2220
2245
2348
2184
2321
1945
2129
2249
2060
2208
2223
2267
2145
2423
2141
2273
2109
1832
2195
2104
2286
2280
2200
2146
2225
2058
2195
2115
2150
2059
2354
1979
1896
2204
2293
2176
2075
2360
2112
2308
2137
2239
2063
2137
2468
1865
2130
2118
2221
1939
2227
2079
1956
2054
2122
2133
2149
2049
2283
2126
2127
2203
2045
2066
2011
1963
2016
2201
2229
2417
2326
2168
1805
2125
1978
2206
2139
2209
2131
2081
2038
2008
2082
2178
1969
2346
2067
2358
2192
2017
2008
2108
2184
2060
2202
1925
2005
2106
2103
2550
2360
2137
2190
2349
2501
2093
2077
2189
2083
2088
1996
2527
1928
2491
2266
2116
1992
1902
2170
2029
2069
2095
2278
2127
2026
2113
2328
2176
2194
2011
2204
2138
1897
2161
2304
2246
2201
2291
2273
2324
2145
2189
2108
2247
2372
1909
2080
1968
2404
1774
2165
2180
1914
2232
2052
1899
2101
2118
2237
2344
2188
1996
1961
2166
1970
2026
1928
2163
2250
2231
2221
2030
1900
2015
1983
2117
2038
2053
2001
2070
2136
2014
2093
2105
1831
2274
2144
2273
2170
2061
1933
2116
2053
2055
2269
1958
2020
2148
2137
2528
2228
2056
2159
2208
2526
2069
2180
2200
1973
2034
2122
2275
2230
2461
2182
2080
2089
1928
2120
2026
2029
2311
2367
2136
2142
2060
2443
2090
2190
1930
2210
2043
1842
1987
2288
2304
1998
2150
2097
2287
2107
2106
2110
2229
2291
1752
2065
2012
2267
1916
2277
1912
1956
2127
2020
1906
2216
2140
2070
2186
2070
2006
2036
1985
1962
1871
1909
2227
2179
2143
2322
2016
1783
2189
1929
2095
2034
2076
1913
1865
1923
2074
2307
2134
1965
2246
2177
2282
2254
1951
2019
2137
1954
2060
2177
1989
1814
2213
2284
2595
2335
2080
2178
2214
2454
2101
2013
2277
1967
2266
2110
2523
2144
2404
2191
2059
2136
2002
2234
2082
2101
2289
2155
2415
2307
2123
2361
2147
2166
2117
2114
2059
1933
2041
2182
2166
2216
2246
2052
2337
2009
2197
1943
2114
2391
1937
2169
1936
2299
1994
2260
2095
1832
1979
2145
2010
2169
2038
2198
2211
2204
1866
2141
1976
2126
1904
1911
2120
2221
2103
2095
2068
1744
2123
1830
2096
2043
2172
2109
2041
1996
1979
2043
1932
1976
2314
2074
2291
2066
1877
1903
1801
1821
1967
1999
1831
1845
1994
2058
2307
1967
1799
2026
2133
2126
1828
1857
1977
1889
1978
1843
2172
1941
2118
2066
1793
1869
1745
1869
1852
1838
1888
1970
2077
1979
1837
2163
1854
2043
1904
2086
1881
1749
1835
1977
2132
1759
2064
2000
2068
1955
1870
1921
1789
2044
1789
1813
1830
2105
1651
1949
1898
1665
1735
1734
1806
1718
1962
2053
1932
1950
1731
1806
1895
1874
1673
1715
1985
2036
1975
2021
1885
1789
1728
1691
1892
1853
2034
1884
1872
2045
1856
2045
1890
1756
2049
1890
1973
2227
1878
2139
2011
2022
2279
2004
1894
1905
2153
2026
2261
2173
2000
2082
2263
2427
2028
1996
2194
1931
2134
2105
2329
1920
2415
2213
2070
1913
1926
2042
2024
2223
2285
2142
2000
1905
1951
2312
1992
2084
1829
2186
1992
1902
2128
2315
2154
2048
2265
tempo: 0.025304