100 100
2053
2263
2038
2077
1998
1944
2293
1855
1877
1894
2261
1865
2205
2036
1820
2140
2220
1958
1993
1924
2202
2120
2049
1994
2101
2062
2057
2027
1896
1974
2206
2176
2181
2042
1823
2014
1753
2127
1991
2030
1953
1992
1889
1932
1971
2110
2058
2278
1924
2301
2379
2016
2227
2248
2145
2276
2168
2231
2012
2307
2397
2582
2145
2172
2220
2301
2555
2189
2179
2224
2180
2278
2275
2722
2128
2420
2400
2082
2103
2110
2303
2279
2259
2291
2324
2460
2207
2197
2478
2230
2252
2155
2394
2132
2047
2153
2526
2432
2155
2493
2249
1916
1898
2061
2034
2112
2236
2020
1949
2090
2065
2255
2145
2138
2098
2116
2309
2133
1987
2102
2021
2053
1980
2350
1925
2275
2122
1995
1933
1781
2031
1922
2050
2061
2303
2163
2109
2035
2212
2024
2255
2073
2096
1876
1975
2003
2347
2030
2012
2170
2091
2253
1980
2152
1911
1997
2146
1883
1974
1969
2199
1823
2211
1998
1780
2068
1933
1833
1927
2054
2068
2030
1848
1971
1992
2043
1826
1908
1805
2017
2207
2156
2162
1951
1825
1930
1656
1990
1792
2066
1950
1893
2003
1998
2062
2023
1978
2140
2034
2022
2216
1904
1912
2225
1919
2196
2244
2135
1885
2157
2070
2435
2189
2127
2176
2302
2412
1996
1888
2273
2017
2255
2114
2235
2221
2356
2279
2041
2288
1989
2220
2142
2049
2250
2271
2228
2276
2153
2326
2289
2126
1915
2242
2021
2003
2111
2269
2229
2163
2357
2236
2470
2217
2165
2045
2174
2379
2066
2125
2070
2394
1851
2271
2038
2000
2163
2081
1958
2334
2124
2149
1998
2214
2001
2229
2020
1959
2057
1909
2160
2236
2044
2199
1979
1988
1958
1777
2050
1915
2056
2090
2005
1906
1952
2069
2124
1993
2433
2222
2335
2063
1712
1804
1908
1758
2042
2044
1736
1858
2039
2019
2103
1947
2049
2036
2245
2140
1813
1763
2151
1944
1894
2045
2086
1936
2129
2068
1854
1956
1777
1888
1783
1860
2033
2211
1972
2031
1992
2019
2005
2049
1871
2150
1971
1732
2012
1961
1958
1975
2002
1883
2221
1995
1851
1933
2002
2133
1711
1917
1963
2147
1761
2047
1727
1812
1769
1775
1935
1739
1855
1905
1854
1973
1880
1787
1991
1838
1806
1769
2071
2035
2014
1956
1888
1687
1991
1687
1843
1873
1943
1828
1811
1787
1965
2089
1918
1792
2123
1853
2039
2118
1877
2150
1999
1898
2276
2110
1874
1904
2115
2080
2467
2191
2197
2168
2243
2359
1861
2009
2348
2061
2213
2198
2254
2053
2331
2194
1964
1996
2009
2026
1982
2110
2317
2045
2155
2143
2086
2059
2139
2245
1925
2149
2056
1967
2083
2219
2236
1957
2243
1973
2431
2120
2137
2057
2105
2132
1982
2129
2051
2205
1642
2080
1917
1992
2035
1950
1930
2088
1971
2180
2070
1991
2031
1997
2071
2036
1994
1791
2169
2174
2056
2212
2003
1986
2040
1951
2090
1973
2111
2150
1889
2112
2074
2173
2105
1984
2224
2116
2201
2130
1954
2083
2074
1849
2153
1964
1927
1881
2271
2006
2377
2115
2014
2269
2218
2383
1976
1981
2170
2073
2075
2125
2396
2024
2485
2326
2070
1962
1987
2234
2016
1990
2150
2055
2153
2171
2048
1998
2049
2148
1982
2035
2001
1813
2176
2266
2281
2031
2222
2053
2323
2100
2124
2045
2145
2375
1802
1912
1935
2151
1764
2115
1920
1841
2205
2101
1849
2080
1977
2258
1996
2069
1934
1862
2157
1986
2064
1875
2112
2178
2166
2232
1975
2062
1926
1950
2113
2006
2230
2016
1918
1970
2062
2185
1984
2030
2169
2071
2174
2173
1839
2120
1974
1831
2210
2094
1939
1930
2087
2094
2203
2163
1840
2038
2042
2114
1814
1870
1980
1873
1975
2076
2188
1895
2220
2296
1823
1795
1801
1918
2057
1950
2019
2214
1970
2025
1995
2048
1891
2189
2012
1984
1850
1839
1849
2065
2138
1720
2078
1872
2167
2031
2004
1937
1896
2262
1713
1878
2083
2117
1910
1829
2002
1769
1894
1952
1853
2061
2035
2040
2097
2016
1937
1856
2076
1866
1912
1733
1910
2064
2074
1970
2015
1870
1899
1612
1985
1859
2079
1935
1881
2033
1994
1849
2004
1825
2154
2113
2119
2032
2023
2124
2106
1907
2200
2151
2085
1941
2189
2185
2500
2173
2144
2286
2254
2338
1979
1940
2148
2025
2141
2003
2451
2083
2357
2248
2058
2031
2014
2163
2025
2102
2332
2178
2106
2175
2104
2354
2109
2195
2119
1961
1984
2016
2045
2348
2284
2043
2102
2340
2068
2022
2137
2387
2153
2336
2158
2105
2361
2174
2619
2264
2356
2370
2332
2604
2158
1951
2328
2145
2210
2150
2396
2210
2481
2332
2009
1975
1949
2037
2065
2410
2257
2367
2184
2141
2211
2377
2266
2420
2281
2271
2231
1925
2162
2405
2209
2220
2490
2184
2465
2162
2257
2211
2121
2460
1880
2140
2061
2456
1946
2194
2160
1986
2129
2097
2020
2053
2223
2452
2374
2136
2191
1987
2175
1967
2102
1856
2288
2423
2336
2200
2157
1869
2140
1974
2264
2142
2226
2118
2237
2186
2225
2189
2343
2136
2493
2109
2317
2352
2063
2142
2120
2070
2338
2296
2077
2128
2377
2255
2609
2386
2183
2333
2424
2461
1982
2118
2250
2242
2363
2101
2451
2251
2495
2451
2025
2261
2072
2232
2078
2200
2267
2229
2250
2305
2182
2325
2267
2449
2181
2260
2130
2188
2171
2333
2305
2237
2375
2310
2311
2281
2467
2169
2159
2439
2050
2111
1971
2292
1877
2326
2137
2041
2122
2084
2084
2228
2341
2147
2276
2183
2265
2126
2177
2195
1960
2005
2339
2263
2224
2296
2274
1912
2143
2023
2322
2048
2247
2122
2231
2207
2091
2296
2193
2115
2476
2317
2402
2127
1975
2003
2009
1938
2300
2117
2074
1900
1934
2074
2393
2037
1961
2065
2155
2160
1934
1928
2169
1981
2103
1961
2192
1947
2046
2052
1858
1978
1889
2103
1971
2050
2155
2049
1891
1968
1987
2143
1997
2036
1894
2024
1930
1877
1804
2159
2078
2024
2171
2132
2209
2106
2200
1846
1978
2161
1731
2044
1949
2204
1797
2178
1910
1867
1824
2051
1877
1909
1896
2186
1998
1870
1901
1973
1863
1851
1815
1891
2228
2074
2029
2047
2138
1679
2149
1823
2115
1881
2002
1876
1872
1957
1941
1968
1948
1849
2147
1879
2225
2181
1899
1994
2106
1942
2180
2222
2035
1996
2041
2085
2483
2302
2061
2185
2073
2406
2213
1865
2220
1972
2003
2132
2303
2093
2409
2220
1883
2073
1836
2147
2131
2111
2183
2157
2239
2273
2113
2214
2069
1951
1923
2144
2044
1858
2021
2438
2269
2012
2224
2149
2282
2163
2163
2085
1989
2468
1845
2042
2164
2421
1993
2323
2134
1868
2077
2209
1873
2126
1974
2297
2277
2197
2060
2051
2017
1831
1965
1908
2132
2171
2244
2122
2085
1822
2099
1984
2035
2072
2171
2058
1919
1880
1992
2139
2096
1943
2290
2110
2338
2078
1764
1915
1996
1761
1907
1995
1961
1644
1962
1983
2135
1911
1836
1813
1897
2191
1795
1640
2059
1871
1992
1852
2110
1911
2339
2157
1749
1970
1648
2024
1754
1782
2038
2071
1939
1836
1935
1889
1966
1997
1826
1868
1863
1734
1720
2088
2054
1908
2127
2141
1953
1897
2053
1803
1957
2068
1726
1944
1824
2145
1735
1979
1923
1763
1759
1956
1815
1886
1990
2017
1865
1883
1937
1983
1798
1722
1754
1827
1908
2037
1918
1919
1795
1797
1814
1771
1837
1789
1933
1873
1822
1790
1896
2098
1949
1782
2130
1825
2059
tempo: 0.023691