100 100
2222
2521
2199
2192
2585
2299
2588
2151
2479
2393
2327
2368
2158
2298
2244
2225
2394
2204
2034
2069
2323
2423
2152
2127
2418
2592
2344
2124
2157
2278
2210
2448
2195
2266
2206
2475
2075
2043
2013
2350
2431
2133
2551
2335
2548
2448
2642
2350
1997
2293
2095
2730
2450
2319
2212
2482
2268
2304
2130
2230
2020
2788
2320
2431
2532
2601
2112
2055
2233
2268
2509
2211
2424
2274
2370
2151
2374
2315
2236
2126
2155
2217
2227
2225
2164
2365
2088
2302
2344
1949
2504
2287
2441
2317
2066
2130
2189
2548
2134
2117
1815
1970
2086
1881
1880
1821
1954
1730
2014
2003
1973
2054
1719
1949
1746
1973
2043
1902
1722
1631
1706
1950
1740
1854
2045
2007
1926
1749
1937
1958
1864
2050
1795
1965
1860
1930
1842
1799
1626
1850
1969
1907
2083
1935
2144
1905
2223
1953
1699
1897
1909
2371
1955
1831
1737
2134
1863
1996
1811
1664
1687
2172
1728
1962
2179
2042
1899
1675
1933
1917
1982
1992
1890
1873
2102
1827
1975
1891
1707
1754
2057
1852
1945
1845
1885
1954
1827
1858
1875
1676
1973
2028
1965
1998
1732
1815
1882
2139
1633
1616
2156
2624
2604
2204
2543
2349
2345
2072
2426
2224
2526
2367
2315
2503
2124
2329
2648
2381
2235
2344
2178
2519
2256
2369
2499
2460
2343
2204
2478
2423
2395
2518
2047
2346
2471
2320
2338
2212
2092
2547
2336
2192
2487
2499
2564
2378
2481
2476
2052
2093
2328
2733
2228
2264
2118
2493
2253
2450
2091
2186
2144
2738
2274
2585
2681
2499
2306
2146
2396
2317
2489
2394
2447
2130
2408
2380
2179
2327
2220
2071
2576
2391
2488
2265
2142
2505
1992
2320
2398
2089
2603
2331
2564
2250
2138
2320
2323
2625
2299
2045
2005
2539
2307
2155
2461
2331
2435
2215
2485
2213
2387
2256
2229
2139
2223
2273
2581
2383
2081
2178
2254
2454
2177
2270
2572
2696
2356
2147
2325
2486
2265
2533
2134
2213
2333
2466
2362
2091
1970
2437
2425
2217
2596
2190
2537
2249
2671
2325
2006
2375
2219
2635
2439
2398
2363
2499
2262
2325
2070
2159
2030
2721
2269
2378
2574
2563
2155
2129
2460
2328
2401
2125
2499
2162
2267
2170
2212
2247
2111
2030
2288
2237
2388
2226
1921
2321
2030
2217
2313
1964
2357
2313
2500
2275
2301
2167
2295
2477
2111
2038
2124
2312
2243
2164
2108
2186
2106
1934
2310
2142
2317
2329
2032
2123
2027
2083
2365
2144
2038
2160
1947
2481
2142
2086
2334
2336
2156
1977
2028
2205
2067
2435
2082
2187
2323
2322
2117
1817
1865
2182
2239
2171
2516
2256
2269
2378
2551
2235
1823
2257
2202
2588
2269
2203
1986
2310
2219
2284
2066
2051
1907
2391
2103
2349
2504
2299
2209
2045
2097
2193
2373
2137
2261
2038
2097
1989
2012
2171
2010
2115
2218
2286
2368
2021
2067
2240
2041
2219
2282
1936
2326
2283
2234
2233
1998
2140
2024
2399
2129
1801
2139
2469
2371
2173
2369
2201
2405
2234
2422
2296
2375
2321
2277
2222
2095
2133
2535
2385
2186
2032
1931
2431
2081
2254
2480
2507
2261
2091
2325
2427
2241
2461
2119
2251
2334
2370
2303
2071
1886
2299
2254
2150
2624
2278
2350
2301
2561
2336
2035
2097
2275
2451
2460
2215
2144
2438
2333
2421
2106
2103
1897
2845
2155
2385
2515
2475
2153
2127
2478
2344
2349
2242
2420
2133
2410
2057
2156
2197
2040
1972
2305
2500
2399
2059
2108
2239
2103
2274
2277
2005
2366
2403
2412
2507
2365
2216
2278
2395
2234
2107
1864
2005
1854
1640
2022
1727
2083
1865
1920
1767
2159
1959
1711
2014
1859
1695
1921
1923
1873
1867
1852
1888
1719
1879
1885
2162
1870
1713
1947
1923
1864
1916
1819
1748
1912
1879
1823
1628
1653
1940
1868
1821
2030
1973
2020
1903
2198
2093
1635
1911
1907
2048
1824
1729
1763
2072
1874
1962
1803
1754
1675
2161
1682
1967
2143
2046
1856
1634
1807
1864
2008
1937
1999
1795
1787
1656
1768
1793
1760
1731
1798
1851
1892
1865
1708
1942
1569
1802
1833
1693
1884
1918
2085
1861
1939
1797
1804
1848
1738
1740
1722
1988
1936
1774
2041
1827
1875
1815
1858
1746
1966
1959
1721
1832
1673
1886
2098
1745
1818
1814
1702
1910
1835
1964
2050
2112
1876
1828
1831
1878
1962
1940
1852
2007
2072
1954
1845
1787
1590
1968
1932
1692
1985
2040
1919
1842
2115
2028
1660
1830
1912
2188
1831
1807
1806
2158
1766
1954
1762
1728
1654
2190
1676
1981
2204
1946
1653
1602
1823
1778
1969
1898
2043
1816
2005
1767
1874
1737
1711
1658
1925
1735
1899
1945
1643
1848
1631
1663
1934
1564
1938
1914
2052
1923
1862
1817
1861
1926
1635
1567
1863
2046
2148
1817
2014
1731
1908
1780
2003
2006
1993
2137
1786
1835
1861
2070
2073
1972
1955
1808
1931
1984
1942
1867
2016
2021
1925
1814
1988
2040
1956
2079
1907
1844
1835
1996
1746
1783
1820
2027
1914
1961
2126
2039
2229
2040
2261
1999
1749
1954
1854
2356
2052
2006
1681
1941
1839
2088
1851
1849
1823
2093
2107
2063
2332
2080
1840
1721
1962
1733
2066
1936
2022
1762
1946
1918
1795
2101
1830
1797
1810
2030
1992
1875
1897
1837
1662
1849
2019
1749
2008
1806
2063
1968
1667
1948
1876
2044
1937
1902
1780
2034
2171
1901
2096
1887
2130
2011
1966
1932
2216
2084
1854
2035
1912
2172
2293
2036
1791
1649
1919
2219
1898
2006
2114
2178
1926
1800
2026
2055
2118
2255
1895
2131
2094
1955
1921
1741
1654
2133
2126
1886
2271
2130
2124
2005
2362
2155
1879
1983
1982
2386
2137
1941
1806
2147
1737
2063
1906
1958
1817
2303
1937
2067
2388
2179
1940
1888
1904
1853
1955
2005
2093
1915
1996
1938
1938
2148
2038
1819
2087
1941
2047
2016
1753
2126
1854
2041
1967
1836
2213
1986
2110
1908
1914
1887
1894
2211
1829
1646
1980
2134
2095
1956
2090
1920
1999
1864
2103
1897
2125
2267
1994
2065
1938
2181
2261
2113
1891
1959
1858
2116
1981
1862
2232
2410
1939
1856
1973
2067
2006
2290
1866
2042
1914
2070
2012
1755
1603
2149
2076
1952
2259
2064
2231
1910
2285
2057
1796
1893
2099
2308
2147
2023
1819
2063
2022
2200
1803
1917
1748
2386
1983
2157
2342
2246
1910
1898
2179
1995
1991
1951
2161
1846
1956
1887
2014
2107
2036
1967
2088
2035
2146
1810
1809
2080
1932
2127
2005
1967
2151
2085
2134
2043
2016
2087
2112
2217
2013
1792
1744
2051
2025
1841
2128
1854
2008
1966
2091
1930
2140
2019
1959
1980
2010
2060
2241
2131
1847
1928
1970
2117
1903
1974
2235
2044
1936
1878
2135
2009
1880
2079
1953
1906
2002
2080
1882
1807
1751
2109
1872
1806
2167
2015
2155
2021
2296
2126
1699
1957
2045
2195
2144
1989
1906
2105
2034
2096
1806
1864
1793
2354
1914
2165
2224
2233
1865
1793
1949
1864
2167
1882
2061
1961
1920
1942
1883
1937
1932
1725
1834
1996
1971
1956
1711
2013
1796
1900
2081
1720
2166
1973
2153
2034
1964
1939
1993
2070
1796
1884
1851
1970
2142
2011
2123
1914
2014
1684
1894
2044
2117
2186
1748
2035
1847
2005
2135
2001
1857
1722
1793
2101
1969
1818
2057
2064
1893
1844
1799
2043
2030
2236
1951
2005
1888
1924
1984
1784
1628
1981
2045
1826
2170
2169
2080
1906
2244
2092
1833
1844
tempo: 3