100 100
1653
2041
2008
1937
1967
2169
2065
2013
2154
2031
2105
2050
1915
1936
1963
1970
2151
1837
1968
1768
1969
2121
1952
1962
2071
2195
2135
1926
2059
2140
1995
2212
1819
1879
2161
1984
2113
1799
1774
2094
2046
1834
2206
1960
2050
1902
2319
2078
1845
2053
1886
2183
2046
1939
1972
2017
1824
1874
1804
1745
1759
2326
1970
2008
2314
2209
1839
1920
2115
2042
2085
2011
1925
1971
1932
1795
1942
1987
1808
1807
2041
2071
2082
1841
1811
2151
1810
2002
1988
1758
2096
2096
2105
2015
1907
1975
1972
2289
1847
1703
1878
2228
2298
2048
2215
2153
2295
2040
2171
2181
2304
2359
2104
2232
2044
1971
2301
2170
1948
1964
2048
2228
2230
2229
2139
2428
1873
1979
2158
2266
2132
2197
2102
2137
2161
2182
2051
1808
1919
2288
2074
2043
2406
2108
2329
2036
2424
2079
1870
2139
2013
2337
2220
2068
2064
2402
2192
2268
1960
2044
1863
2374
2048
2264
2474
2254
2082
1874
2220
2283
2340
2285
2124
2006
2207
2048
2022
2155
1986
1940
2042
2040
2258
2135
1884
2199
1806
2156
2114
1965
2136
2206
2283
2063
1976
2146
2106
2268
2222
1935
1835
2237
2083
2134
2122
2038
2174
1935
2155
2034
2089
2080
1878
1837
1986
1941
2153
2164
1904
1687
1941
2189
2044
2000
2249
2313
2074
1981
2009
2163
2107
2216
1925
1849
2122
2005
2030
2020
1725
2061
2082
1978
2130
1898
2046
2047
2322
1969
1755
2082
2078
2321
2124
1993
2025
2055
1895
1967
2011
1963
1811
2249
2030
2214
2391
2176
1733
1802
1970
2121
2093
2116
2089
2141
2132
1855
1992
2085
1863
1777
2019
1996
1994
1890
1902
2182
1931
1947
2063
1784
2140
2031
2232
2133
2007
1986
2082
2217
2046
1827
1570
1797
2028
1785
2148
1810
1916
1798
1838
1876
2020
1924
1639
1879
1845
1977
1953
1889
1886
1488
1695
1977
1755
1817
2071
1907
1732
1659
1938
1792
1939
1980
1729
1930
1878
1859
1732
1803
1683
1778
1832
1842
2044
2018
2163
1993
1998
1911
1668
1877
1607
2088
1842
1818
1930
1915
1949
1892
1685
1721
1616
2243
1909
1919
2245
2170
1731
1763
1834
1907
1863
1742
1880
1777
1901
1777
1894
2075
1747
1695
1961
1844
1823
1852
1666
1904
1569
1810
1769
1628
1975
1637
1949
1978
1847
1705
1881
2103
1798
1763
1754
2156
2096
1941
2124
1809
2047
1893
2013
1902
2064
2105
1998
1913
1931
1991
2101
1984
1948
1767
1852
2210
1871
1853
2054
2138
1971
1846
2048
2176
1928
2076
1977
1898
2075
2026
2005
1812
1792
2109
2009
1826
2185
1947
2167
1870
2245
1974
1714
1912
1945
2220
2044
1855
1855
2047
1961
2076
1903
1761
1722
2406
1885
1899
2131
2127
1891
1791
2120
1964
2005
1666
1984
1897
1947
1945
2011
1919
1812
1825
1870
2133
1996
1817
1678
1976
1733
1983
1973
1728
1988
1995
2139
1922
1909
1942
1971
2144
1813
1787
1896
2044
1972
1868
1955
2113
1966
1665
1937
1982
2055
2180
1713
1957
1832
2039
2164
2043
2020
1750
1726
2070
1916
1949
2062
2202
1817
1997
1988
2109
1990
2252
1887
1822
1968
1886
1946
1832
1767
2145
2045
1830
2082
2056
2047
1976
2239
1913
1670
1915
1869
2316
1889
1976
1817
2077
2034
1991
1803
1936
1822
2210
1899
2300
2054
2141
1918
1703
1956
2113
2005
2127
1971
2004
2094
1750
1929
1968
1909
1604
1936
1939
1870
1998
1986
2175
1922
2027
1957
1767
2022
1959
2058
2027
1895
1872
1888
2054
1876
1769
1629
1904
1923
1718
1886
1814
1835
1749
1828
1867
1762
1806
1627
1827
1682
1735
1799
1957
1623
1642
1742
1957
1658
1848
2011
1991
1742
1608
1653
1865
1691
2049
1789
1724
1782
1939
1761
1638
1546
1943
1817
1610
1959
1788
1978
1840
2096
1909
1748
1820
1833
2304
1933
1755
1714
2103
1866
1933
1666
1622
1622
1992
1654
1922
2109
1819
1754
1476
1724
1789
1756
1815
2012
1728
1709
1624
1751
1902
1733
1792
1846
1714
1848
1603
1651
2032
1669
1613
1881
1661
2047
1952
1940
1888
1643
1893
1968
2043
1639
1495
1904
2283
2232
1923
2044
2066
2016
2043
1998
2000
2150
2118
1933
2119
1959
2254
2137
2304
1901
1815
1897
2220
2022
2178
2167
2205
1853
1941
2198
2131
2038
2165
1841
2077
2205
1977
1827
1915
1737
2088
1773
1948
2201
2020
2236
2161
2348
2035
1868
1895
1978
2293
2169
2102
1875
2107
2164
2190
1860
1939
1837
2439
1980
2331
2441
2247
2010
1763
2040
2145
2149
2240
2055
1961
2048
1951
2002
2108
2026
1808
2196
2111
2163
1944
1964
2173
1815
2172
2146
1896
2300
1951
2202
2172
1936
1967
1967
2181
1984
1822
1683
1961
1766
1747
1821
1957
1829
1675
1907
1927
2014
1917
1684
1809
1782
1788
2058
1931
1463
1773
1681
1968
1772
1818
1863
2155
1773
1744
1744
1849
1808
1999
1812
1896
1948
1781
1799
1573
1504
1984
1732
1614
2217
1799
1981
1743
1970
1857
1641
1778
1726
2138
1951
1814
1718
2044
1783
1955
1690
1796
1617
2153
1820
1925
2170
1928
1684
1587
1863
1830
2075
1945
1914
1534
1852
1734
1760
1803
1700
1715
1812
1945
1826
1796
1839
1894
1763
1979
1843
1637
1901
1868
2032
1845
1731
1790
1729
1934
1673
1694
1794
1976
1974
1717
1997
1791
1921
1759
1858
2000
2026
1905
1841
1915
1793
1845
2033
1975
1723
1778
1888
2027
1788
1838
1839
2132
1904
1659
1729
1975
1821
2117
1848
1834
2038
1849
1826
1745
1458
1964
1840
1584
2242
2011
1888
1758
2075
2001
1825
1763
1809
2129
1981
1775
1799
1939
1787
1765
1737
1696
1645
2309
1723
2086
2114
1907
1825
1730
1974
1857
1917
1927
2008
1807
1734
1690
1782
1859
1838
1748
1814
1810
1969
1744
1653
2064
1894
1887
2034
1708
1991
1972
2132
1810
1761
1948
1880
1919
1768
1686
1755
2203
2194
1897
2143
1806
1963
1902
2073
1893
2133
2115
1952
2044
1909
1981
2175
2144
1946
1954
2027
2159
1936
2102
2205
2302
2071
1755
2081
2049
2112
2233
1906
1987
2205
2096
2053
1849
1610
2105
2085
1954
2201
2028
2073
1930
2285
2042
1785
1945
2011
2437
2086
2016
1921
2195
2006
2175
1840
1914
1771
2385
1895
2186
2376
2150
1858
1915
2117
1954
2050
1903
2069
1831
1956
1945
1947
2045
1902
1836
2009
2038
2014
1936
1780
1990
1839
1952
2034
1939
2163
2003
2230
2051
1898
2007
1936
2160
1918
1820
1793
2148
2118
2052
2150
2182
2166
1996
2221
2027
2188
2269
1997
2216
1965
2078
2289
2223
1945
2122
1919
2141
2044
2123
2100
2368
2098
2014
1984
2001
2114
2499
2042
2037
2085
2077
2179
1946
1754
2168
2033
1957
2335
2220
2346
2033
2497
2186
1855
2035
1969
2409
2126
2160
2070
2198
2122
2227
1878
1964
1853
2427
2048
2192
2313
2294
2052
1914
2043
2144
2108
2163
2181
2130
2004
1818
2013
2021
1928
1860
2071
2009
2246
2075
1853
2152
1791
2229
2100
1821
2097
2098
2301
2025
2015
1927
2091
2149
1907
2035
2050
2250
2398
2171
2275
2175
2291
2145
2327
2109
2353
2213
2241
2093
2202
2154
2443
2215
2142
2049
2151
2398
2305
2166
2318
2522
2305
2127
2145
2384
2221
2287
2026
2147
2288
2204
2131
2100
1993
2304
2337
1973
2389
2147
2311
2347
2391
2281
1882
2257
tempo: 3