100 100
2362
2512
2274
2230
2132
2359
2131
2324
2053
2141
1881
2621
2263
2333
2486
2256
2259
2054
2306
2306
2435
2147
2298
2337
2271
2087
2164
2357
1935
1910
2145
2223
2259
2220
2023
2294
2039
2222
2211
2081
2283
2202
2478
2328
2115
2221
2156
2432
2233
1879
1858
2193
2088
1969
2057
1959
2215
1902
2119
1995
2104
2075
2002
2215
2017
1984
2254
2164
1896
1962
1881
2175
2107
1990
2137
2329
2138
1893
2087
2044
2117
2184
2037
2009
2046
2101
2191
1809
1797
2090
2088
1972
2255
2106
2328
1959
2317
2102
1781
1944
2012
2437
2205
1943
1936
2224
2055
2166
1949
1772
1822
2434
1873
2055
2193
2147
2063
1787
2042
2013
2174
1922
2112
2042
1965
1858
2066
2068
1933
1834
1870
2025
2063
2083
1881
1992
1941
2149
2112
1880
1981
2130
2358
1996
2043
2048
2075
2132
1869
1948
1968
2317
2101
1999
2208
2178
2230
1988
2334
2075
2226
2250
1910
2189
2085
2069
2155
2022
1928
2175
2016
2355
2228
2048
2231
2408
2229
2104
2065
2068
2195
2345
2005
2150
2201
2241
2157
1982
1860
2219
2196
1945
2323
2070
2362
2200
2572
2211
1849
2076
2242
2563
2187
1977
2089
2319
2043
2011
2098
1869
1820
2541
2178
2272
2547
2241
2113
1826
2180
2082
2119
2124
2380
2009
2018
1947
2041
2261
1923
2029
2183
2101
2242
2092
2185
2320
1930
2119
2171
1862
2152
2189
2362
2122
2077
2213
2226
2313
1937
1793
1870
2174
2107
1919
2065
1879
2090
1924
2142
1918
2047
1992
1950
2001
1877
1891
2147
2141
1895
1854
1801
2122
1865
1935
2169
2193
1927
1807
2010
2123
2108
2182
1938
1717
2003
2085
1968
1946
1689
2257
2141
1743
2150
1949
1989
2013
2249
2043
1742
1934
1958
2204
1999
1820
1945
2081
1995
1855
1791
1815
1809
2449
1835
2193
2186
2280
1949
1804
2051
1931
1943
1904
2151
1969
2049
1819
1986
2013
1877
1771
1914
1973
2001
1970
1774
2144
1772
1909
1952
1735
2099
1952
2069
2029
2124
1998
2087
2146
1871
1787
1892
2264
2135
1984
2256
2161
2299
2061
2209
2071
2231
2070
2068
2048
2193
2080
2256
2027
2002
2049
2012
2287
2212
2121
2223
2324
2104
1918
2185
2077
2091
2274
2011
2149
2233
2144
2036
1891
1827
2087
2034
1935
2288
2049
2299
2056
2517
2105
1783
2126
2008
2328
2241
2032
2025
2283
2059
2130
1926
1926
1851
2428
2116
2242
2399
2409
2014
2069
2068
2165
2165
1998
2165
1999
2069
1921
2101
2142
2104
1892
2076
2270
2146
2029
1936
2070
1984
2122
2156
1866
2195
2147
2375
2219
2057
2014
1949
2305
1827
1969
2285
2437
2328
2163
2444
2214
2234
2077
2362
2271
2405
2200
2160
2151
2293
2252
2493
2170
2168
2166
2143
2418
2283
2143
2409
2649
2160
2194
2177
2326
2277
2419
2070
2171
2236
2250
2075
2134
2009
2411
2295
2065
2441
2507
2384
2179
2472
2441
2027
2253
2178
2635
2089
2157
2057
2324
2193
2310
2119
2084
2003
2679
2225
2389
2331
2463
2273
2205
2274
2288
2390
2133
2407
2229
2340
2048
2109
2319
2159
1846
2203
2248
2172
2257
2061
2351
2013
2338
2300
1961
2143
2100
2270
2168
2276
2078
2292
2246
2145
2045
1670
1879
1903
1773
1942
1778
1836
1730
1902
1895
2048
1929
1620
1863
1826
1727
1908
1844
1807
1725
1577
2014
1881
1716
1817
1852
1650
1817
1837
1842
1874
2039
1783
1678
1900
1768
1713
1620
1461
2009
1822
1723
2090
1851
1982
1745
2036
1814
1576
1821
1779
2085
1904
1835
1697
1977
1750
1952
1880
1786
1566
2135
1826
2127
2067
2043
1762
1616
1761
1733
1912
1838
1872
1772
1904
1715
1853
1907
1893
1675
1782
1755
1797
1847
1574
1907
1693
1786
1807
1583
1867
1909
2050
1791
1921
1969
1915
1974
1756
1627
1805
1907
1845
1754
2050
1870
1986
1933
2045
1820
2033
1938
1825
1912
1935
1881
2052
1905
1848
1759
1807
1993
1897
1815
2160
2120
2023
1741
2064
1960
1970
2055
1775
1856
1971
1921
1945
1758
1617
1975
1872
1925
2140
1883
2031
2033
2176
1950
1677
1989
1955
2074
2031
1916
1864
2019
1855
1917
1779
1711
1604
2364
1959
1934
2106
2087
1924
1808
2009
1907
2015
1879
1936
1998
1963
1734
1878
1876
1613
1652
1978
1963
2020
1880
1643
1899
1752
1849
1889
1652
2061
1931
2101
2081
2073
1915
2105
2076
1781
1781
1944
2098
2218
1859
2071
1933
2072
1970
2071
2095
2279
2081
1956
1998
2016
1959
2157
2103
1922
1813
2013
2146
1951
2074
2324
2203
2094
1929
2207
2288
2113
2241
1957
2048
2034
2022
2115
1861
1756
2235
1993
2099
2309
2187
2151
2055
2349
2140
1795
2216
1983
2373
1979
1946
2002
2232
1971
2062
2057
1743
1760
2553
1929
2118
2275
2217
2106
1927
2284
1970
2071
2000
2187
2046
2004
1930
1906
2101
1804
1804
2048
2018
2169
1964
1819
2035
2008
1856
2019
1868
2082
2077
2342
2132
2238
2092
2130
2240
1887
1895
1886
2105
1919
1971
2094
1780
1881
1674
1911
1745
2033
1885
1706
1768
1817
1792
2080
1837
1792
1710
1622
2168
1907
1684
2031
2183
1934
1907
1921
1772
1915
1969
1761
1987
1913
1841
1937
1872
1680
1950
1933
1749
1999
2009
1946
1827
2107
1974
1664
1741
1898
2267
1867
1775
1879
1989
1869
1971
1806
1798
1632
2243
1944
2191
2099
1911
1822
1633
1923
1970
1993
1882
1940
1831
1912
1866
1784
2024
1773
1611
1963
1862
1771
1666
1859
2045
1674
1877
1950
1587
1910
1952
1911
1950
1971
1891
2149
1990
1851
1656
1931
2008
2061
1963
2047
1920
2080
1851
2063
1894
2125
2141
1928
2193
2125
2149
2325
2038
1959
1829
1690
2126
1943
1844
2084
2195
1943
1809
1891
1924
1980
2162
2050
1903
1818
2050
1892
1812
1692
2090
2115
1943
2203
2042
2090
2068
2373
2204
1886
1982
2093
2169
2209
1827
1859
2198
2113
2142
1846
1948
1808
2409
2021
2013
2258
2208
1959
1746
1989
2010
2082
2050
2180
1994
2033
1770
1977
2019
1978
1734
2099
2054
2118
2011
1846
2171
1702
2003
2074
1792
2031
2087
2138
2106
1989
2159
2113
2024
1839
1770
2143
2303
2419
2247
2152
2225
2306
2058
2306
2292
2425
2302
2126
2193
2081
2038
2383
2320
2160
1933
2139
2306
2288
2202
2358
2352
2266
2030
2352
2427
2276
2317
1994
2112
2111
2235
2251
2039
1904
2227
2233
2330
2350
2208
2297
2249
2499
2049
1849
2160
2142
2508
2238
2219
2085
2285
2162
2302
2104
2105
2028
2600
2215
2472
2361
2404
2235
2076
2286
2248
2396
2217
2154
2150
2225
2042
1914
2202
2054
1895
2161
2333
2156
1995
2159
2101
2027
2161
2255
1884
2359
2271
2339
2415
2102
2304
2229
2497
2092
2023
2083
2290
2343
2104
2368
2142
2423
2192
2359
2133
2496
2261
2032
2127
2072
2226
2298
2213
2150
1986
2164
2355
2164
2262
2326
2575
2238
2003
2189
2194
2256
2295
2192
2271
2307
2230
2154
2023
1922
2226
2134
2052
2543
2234
2347
2295
2616
2270
2069
2227
2205
2649
2246
2091
2087
2289
2059
2144
2090
1999
1986
2540
2090
2394
2496
2310
2187
2089
2243
2156
2259
2180
2280
2135
2206
2089
2082
2356
1953
2006
2360
2184
2200
2045
2122
2258
2005
2168
2224
2005
2261
2247
2348
2345
2154
2142
2335
2417
2154
1913
tempo: 2