100 100
1984
2388
2049
2035
1979
2121
1909
2122
1765
1910
1913
2240
2130
2196
2206
2140
1952
1968
2153
1927
2315
2006
2252
1926
2100
1867
1792
2072
1940
1900
1947
2029
2034
2104
1861
2047
1796
2035
2043
1730
2149
2104
2167
2160
1963
2071
2139
2221
1947
1994
1805
1895
1830
1691
1691
1774
1849
1680
1807
1598
1809
1900
1661
1859
1631
1765
1939
1738
1450
1687
1648
1729
1706
1742
1934
2040
1772
1614
1666
1769
1780
1944
1714
1864
1788
1839
1727
1470
1547
1878
1652
1678
2032
1999
1961
1866
2044
1992
1600
1608
1682
2061
1863
1827
1680
1755
1811
1815
1520
1706
1475
2068
1700
1971
1957
1893
1714
1445
1843
1783
1875
1812
1902
1825
1852
1572
1745
1859
1747
1697
1813
1551
1824
1636
1690
1892
1618
1907
1756
1499
1844
1811
1839
1774
1817
1703
1720
1976
1702
1432
1997
2260
2213
1982
2382
2088
2226
2069
2088
2139
2191
2127
2131
1996
1899
1781
2153
2123
1872
1966
2109
2248
2117
1971
2292
2256
2186
1927
2116
2137
2307
2011
1778
1936
2032
2013
2087
1895
1814
2121
2088
2070
2229
2031
2225
1950
2280
2048
1812
2005
2047
2326
2124
2109
2025
2258
2054
2117
2101
1956
1769
2583
2096
2227
2331
2269
2120
2085
2229
2071
2102
1927
2149
2024
2068
1969
1960
2041
1943
1887
1792
1927
2173
1896
1805
2057
1994
2020
2160
1800
2082
2053
2274
1968
2034
2068
2034
2221
1907
1849
1886
1969
1896
1733
1880
1938
2012
1815
2028
1894
2069
1991
1781
1925
1813
2003
1970
1916
1651
1725
1888
1763
1833
1837
2018
2052
1960
1702
1883
1847
1925
2019
1784
1850
1973
1889
1900
1614
1675
2002
1798
1903
1973
1875
1963
1943
2203
2033
1702
1858
1957
2174
2043
1891
1736
1955
1713
1911
1799
1754
1719
2084
1799
1985
2133
1981
1913
1685
1906
1775
1952
2097
2066
1798
1839
1778
1908
1902
1935
1702
1900
1824
1922
1805
1859
2004
1835
1907
2003
1509
1981
1897
1890
1914
1808
1939
1910
2040
1777
1700
1864
2250
2086
1958
2075
1939
2127
1834
2044
1959
2059
2117
1930
2060
1779
1910
2267
1987
1925
2043
1764
2170
2005
2010
2073
2277
1944
1889
2104
2000
2080
2014
1859
2024
2085
2141
1963
1905
1747
2109
2011
1966
2151
1900
2142
1923
2349
2093
1685
1800
2117
2395
2184
1946
1873
2150
1898
2144
1899
1875
1862
2283
1909
2249
2379
2188
1942
1745
2032
1940
2185
1976
2131
1831
2099
2055
1866
1944
1862
1834
1989
2013
2011
1961
1901
1988
1833
1867
2096
1652
2116
2158
2170
2077
1943
1992
2126
2176
1950
1713
1937
2348
2318
2225
2226
2007
2314
2056
2347
2127
2386
2236
2124
2170
2102
2080
2420
2401
2102
2092
2084
2408
2150
2177
2281
2434
2261
2126
2254
2379
2226
2290
2092
2079
2179
2191
2137
1940
1790
2353
2184
2112
2416
1998
2362
2095
2489
2259
1876
2107
2143
2519
2284
2190
2108
2303
2092
2243
2085
2186
1962
2505
2123
2429
2426
2241
2071
1998
2317
2169
2496
2228
2196
2161
2281
2176
2159
2302
1986
1938
2201
2220
2251
2133
2120
2130
1910
2128
2195
1918
2193
2153
2323
2222
1973
2169
2213
2243
2074
1881
1705
1951
1944
1875
2004
1951
1985
1791
1945
1858
2175
2029
1953
2056
1799
1812
1925
1783
1773
1726
1737
2101
2146
1887
1978
2134
1869
1836
1820
2040
1845
2073
1770
1903
1985
1859
1902
1612
1585
1911
1843
1740
2239
1901
2003
1836
2168
1853
1731
2000
1883
2186
1831
1827
1733
2099
1903
1990
1749
1700
1664
2034
1853
1942
2122
1954
1822
1751
1915
2014
2000
2047
1829
1812
1930
1879
1705
2010
1604
1763
1980
1934
1956
1918
1685
1915
1663
1845
1883
1823
1796
1954
2164
1870
1772
1968
1909
2066
1872
1706
1889
2127
2150
1763
2007
1767
2060
1859
2153
1734
1993
2039
1819
2052
1778
1889
2035
1880
1800
1813
1859
2083
1810
1973
2040
2164
2011
1815
1949
1971
1870
1983
1791
2072
1848
2009
1858
1866
1628
1960
1950
1838
2173
2002
2021
2002
2248
1865
1890
1751
1902
2265
2065
1973
1720
2084
1812
2061
1811
1840
1751
2393
1926
2027
2038
2013
1834
1758
1984
1770
2059
1922
1996
1790
1885
1735
1738
1881
1684
1577
1837
1921
1872
1862
1745
1861
1806
1784
2172
1737
2030
1962
2155
1957
1840
1880
1809
2017
1800
1802
1995
2306
2148
2044
2270
2024
2260
2110
2240
2055
2334
2169
2010
2136
2074
2024
2285
2158
2170
2056
2013
2484
2247
2016
2318
2545
2097
2137
2182
2209
2232
2411
2003
2211
2287
2230
2144
1872
1933
2154
2132
2023
2500
2192
2408
2092
2423
2132
1852
2090
2172
2577
2247
1978
2051
2166
2035
2238
2171
1964
1783
2383
2114
2397
2388
2152
2167
2036
2257
2163
2309
2063
2261
2027
2043
1977
2002
2259
2068
1936
2041
2071
2215
2113
1993
2135
1901
2220
2078
1967
2245
2192
2263
2181
2117
2027
2051
2248
2058
1820
2164
2388
2311
2222
2322
2362
2335
2061
2215
2238
2383
2521
2257
2294
1927
2111
2312
2317
1980
1984
2278
2460
2181
2096
2389
2600
2260
2036
2060
2434
2304
2348
2190
2196
2159
2358
2328
2000
2049
2388
2322
2033
2645
2263
2462
2127
2499
2214
1954
2144
2162
2579
2267
2233
2229
2311
2143
2216
2134
1948
2016
2764
2114
2372
2369
2287
2081
2070
2390
2159
2356
2324
2244
2137
2195
2134
2156
2253
1950
2058
2167
2224
2280
2015
2135
2192
2091
2247
2240
1954
2232
2429
2451
2301
2092
2236
2290
2409
2110
1999
1783
2178
2066
1964
1952
1913
1889
1855
2105
1871
2003
2137
1903
2014
1800
1952
2051
1955
1781
1845
1830
2117
1955
1815
2017
2227
1947
1879
2025
2063
1999
1999
2000
2018
1896
2148
1982
1845
1654
1940
2038
1894
2268
1953
2169
1921
2354
2045
1826
1818
1923
2282
2070
1933
1860
1953
1850
2067
1794
1698
1694
2393
1872
2097
2194
2133
1691
1727
2049
1919
2111
2000
1975
2010
2061
1951
1849
1873
1835
1831
2076
2012
2052
1746
1865
1989
1705
2036
1979
1736
1949
2245
2225
1990
1864
1976
2065
2163
1901
1801
1685
2117
2010
1815
2088
1996
2021
1831
1899
1947
2157
2020
1757
1904
1793
1831
2163
2030
2003
1605
1690
2125
1952
1847
2044
2181
1824
1923
1945
2058
2112
2064
1828
1942
2045
1876
2047
1994
1700
2003
1933
1927
2124
1978
2007
1718
2064
1980
1696
1864
1825
2210
1892
1802
1823
2006
1826
2046
1901
1882
1675
2359
1946
2034
2257
2100
1841
1859
2041
1947
2043
2020
1926
1887
1906
1862
1822
2063
1774
1596
1979
1940
1878
1828
1824
1983
1728
1948
1975
1804
2043
1909
2153
1983
1926
1940
1962
2140
1849
1656
1795
1984
1953
1855
2019
2060
2071
1940
2164
1959
2162
1925
1854
1872
1927
1831
2121
2053
1866
1804
1783
2260
1988
1907
2039
2218
1927
1815
1940
2029
1881
2216
1891
1953
2115
2038
1902
1696
1631
1966
1992
1783
2335
1996
2085
2038
2261
1948
1772
2063
1856
2268
2084
1911
1911
2018
1928
1927
1828
1764
1645
2346
1889
2064
2249
2226
1973
1937
1814
1983
2022
1890
2036
2012
2054
1788
1910
2020
1820
1842
1971
1927
2146
2032
1794
2072
1785
1994
1931
1685
2074
2026
2216
2068
1968
2009
1890
2129
1837
1637
tempo: 2