200 200
4425
4269
4593
4764
4454
4224
4398
3838
4233
4160
4745
3896
4290
3972
4131
4654
4296
4506
4526
4281
3802
4168
4494
4189
4760
4578
4422
4384
4624
4036
4222
4900
4235
4538
4219
4462
4312
4422
4667
4087
4157
4484
3955
4347
4093
4069
4071
4157
4432
4431
4545
4304
4339
4449
4219
4137
4427
4403
3894
4146
4413
4427
4340
4635
4496
4851
4201
4363
4271
4484
4152
4180
4148
4237
4156
4234
4170
4480
4473
4366
4082
4652
4325
4571
4080
4318
4521
3973
3933
4428
4180
4510
4168
4180
4310
4526
4296
4412
4221
4297
4703
4559
4519
4785
4243
3798
4335
4471
4039
4049
4201
4630
3706
4295
4598
4562
4233
4615
4346
4809
4781
4252
4584
4630
4431
4251
4158
4203
4366
4071
4578
4521
4156
3903
4115
4191
4421
4240
3987
4376
4108
4043
4354
4143
4195
4529
4136
4213
4662
4136
4405
4346
4568
4337
4213
4467
4522
4169
4476
4460
4193
4358
4448
4333
4444
3983
4302
4372
4664
4368
3828
4251
4737
4529
4074
4324
4241
4609
4215
4309
4336
4920
4084
4385
4427
4207
4541
4367
4501
4303
4138
4187
4262
4719
4145
4677
4231
4015
3990
4299
4571
4202
4566
4537
4285
4293
4403
3834
4020
4321
4534
4135
4277
4195
4008
4447
4215
4563
4187
4405
3979
4510
4243
4402
4532
4353
4424
4162
4439
3917
4418
4658
4078
4411
4245
4450
4561
4229
4283
4103
4125
4258
3794
4372
3896
4153
4361
4357
4223
4254
4531
4242
4299
4359
4035
4160
4009
4300
4088
4079
4500
4153
4402
4543
4356
4714
4302
4334
4176
4348
4141
4211
4377
4302
4240
4181
4008
4519
4433
4242
4448
4618
4326
4290
4078
4294
4332
3916
3772
4116
4006
4378
4207
4209
4337
4020
4278
4226
4249
4268
4590
4333
4420
4500
4194
3874
4116
4363
3906
4069
4261
4259
3690
4118
4486
4575
4018
4672
3955
4643
4612
4109
4291
4309
4436
4083
4443
4098
4293
4048
4310
4036
4158
4085
4045
4231
4165
4153
3829
4429
4116
4260
4026
4075
4125
4319
4014
4109
4567
4000
4122
4266
4376
4164
4161
4342
4576
4024
4394
4239
4018
4238
4228
4169
3977
4081
4252
4225
4309
4234
3906
3964
4579
4434
3946
4119
4427
4341
4243
4315
4360
4678
4263
4486
4430
4247
4337
4228
4324
4199
4253
4041
3864
4456
3847
4520
4116
3908
4049
4085
4324
4267
4252
4348
4212
4105
4336
3923
3974
3945
4127
3721
3763
3951
3909
4138
4146
4165
4318
4245
3845
4424
4231
3950
4654
4436
4201
4440
4388
4009
4419
4386
4149
4270
3949
4154
4187
4084
4280
3744
3823
4289
3849
4188
3948
3951
3879
4007
4149
4108
4328
4153
4216
4092
4146
4130
4037
4090
3754
4154
4125
4049
4200
4303
4072
4630
4059
4051
3894
4131
4237
4294
3988
4047
4079
4046
4128
4240
4355
4087
3951
4394
4279
4131
4146
4234
4192
3676
4006
4117
4013
4162
4006
4327
4079
4183
4206
4209
4122
4011
4590
4292
4322
4488
4171
3810
4293
4109
3720
4141
4075
4279
3568
4049
4504
4336
3903
4350
4022
4256
4287
3952
4215
4216
4308
4035
4108
3812
4367
4056
4318
4307
3992
3692
3785
4045
4118
3826
3600
3803
3971
3969
3960
3942
4056
4069
3821
3925
4389
3891
4135
4440
4296
4229
4211
4297
4505
3884
4109
4465
4123
4024
4264
4213
3843
3886
4063
3807
4011
4269
3842
4176
4331
4376
3689
4068
4083
4543
3854
4189
4098
4681
3981
4267
4327
4142
4302
4123
4189
4080
4054
3884
4160
4284
4042
4175
4044
3876
3741
4106
4276
4144
4069
4265
3835
3974
3985
3861
3766
3838
4063
3639
3808
3881
3660
4338
4101
4032
4147
4184
3356
4245
4116
3921
4377
3997
4264
3816
4225
3898
3831
4434
4016
4034
3765
4119
4057
3644
4298
3803
3792
4153
3722
4167
3636
3863
3828
3913
3811
4012
4272
4017
3948
4177
3916
3887
3990
4075
3652
3927
4099
3968
3851
4090
3931
4564
3983
4049
3809
3868
4090
3785
4034
3948
3817
3886
3690
3983
4137
4038
3842
4214
4102
3897
3806
3970
4167
3552
3726
4134
3898
4183
3987
3902
3811
3625
3911
3910
4307
3925
4143
4076
4240
4198
3789
3576
4022
3787
3533
4017
3895
4218
3285
3987
4216
4129
3824
4254
3689
4284
4269
3613
4053
4234
4089
3480
3822
3897
4185
3910
4025
3977
3910
3668
3763
3802
3900
3746
3574
4008
3699
3853
4146
3971
3830
3976
3572
4145
4067
3764
3847
4187
4245
3988
3783
3956
4111
3829
3885
4172
3780
4010
3999
3574
3946
3688
3825
3879
3939
4310
3677
3913
4175
4269
3802
4174
3988
4117
3732
3944
3714
4515
3954
4096
4155
3691
3958
3969
4092
4136
3926
3586
3853
4030
3751
4260
3795
3797
3686
3905
4087
3788
3942
4264
3862
3895
3911
3556
3931
3909
3772
3469
3817
3794
3664
4075
3717
4061
4022
3794
3660
3933
3886
3922
4237
4195
4016
3709
4159
3844
3917
4319
3798
3875
3624
4082
4160
3795
4030
3698
3644
3752
3700
3995
3450
3672
3718
3859
3809
4083
4159
3987
3581
3896
3616
3730
3847
3977
3738
3513
4016
3908
3890
4140
3970
4285
3931
3656
3720
3888
3891
3796
3887
3974
3939
3966
3797
3992
4266
3730
3677
3964
4096
3925
3858
3690
3717
3520
3684
3915
3762
4069
3773
3795
4000
3845
3847
4066
3938
3730
4242
3968
3709
4243
3789
3441
3811
3986
3541
3721
3606
4128
3274
3679
3958
3980
3691
4266
3841
3968
3905
3771
3860
4031
4088
3530
3771
3616
3913
3782
3998
3819
3672
3594
3651
3773
3862
3710
3491
3918
3880
3683
3722
3651
3747
3879
3791
3757
3934
3625
3832
4069
4044
3728
3903
3764
3947
3682
3569
3913
3823
3831
3669
3843
3816
3648
3632
3678
3966
4023
3643
3720
4170
4058
3672
4012
3915
4040
3792
3906
3716
4188
3768
4109
3851
3951
3845
3861
3930
3733
3834
3388
3729
4186
3703
4007
3445
3523
3727
3767
4171
4034
4363
4334
4140
3858
4033
3820
3669
3860
3892
3608
3908
3743
3900
4193
3852
4200
3984
3942
3352
4183
3983
3808
4427
4020
4280
4001
4163
3864
4100
4529
3903
3870
3755
4165
4057
4054
4099
3803
3615
3934
3748
4123
3640
3816
4106
3992
3978
4127
4109
4054
4300
4272
4061
3784
3868
4327
3403
4008
4167
4183
3869
4219
3919
4421
3907
3906
3704
4091
3929
3771
4001
4068
4043
3889
3725
4317
4102
4160
3743
4415
3900
4143
4035
4237
4071
3588
3728
3805
3817
4038
4026
3965
3938
3856
4061
3908
4083
4075
4243
4165
4114
4196
4011
3440
3781
4192
3739
4006
3858
4064
3185
4020
4130
4427
3653
4168
3807
4405
4433
3826
3916
4220
3935
3586
3875
3855
4087
3619
4265
4101
3664
3725
3762
3925
3881
3888
3262
3951
3655
3996
3830
3904
3782
3981
3637
3838
4183
3813
3855
4047
4176
4060
3788
4015
3998
3799
4090
4198
3784
3868
4022
4052
3786
3790
3994
3909
3829
4164
3679
3737
4386
4104
3797
3822
4084
4111
3967
3858
4096
4659
4013
4152
4103
3843
4197
4074
4365
4091
3722
3688
3908
4064
3552
3940
4131
3883
3872
3734
4447
4028
4418
4534
4473
4296
4272
3993
4062
4041
4161
3569
4180
3788
3859
4263
4094
4282
4035
4141
3722
4363
4247
4082
4570
4451
4406
4296
4345
4085
4484
4527
4036
4111
3993
4368
4226
4268
4378
3766
3954
4343
3900
4336
3807
3909
3921
3937
4137
4227
4166
4294
4257
4307
4261
4098
4132
4037
3743
3957
4391
4037
4355
4144
4382
4501
3929
4433
4061
4179
4148
4088
3873
4046
4118
4156
4010
4248
4344
4013
4094
4532
4241
4326
3972
4212
3941
3942
3907
4231
3887
4338
4074
3972
4214
4003
4228
4170
4022
4255
4418
4256
4314
4497
4194
3800
4068
4317
3814
3914
4231
4419
3560
4245
4528
4106
4153
4530
3933
4278
4382
4036
4230
4425
4430
3729
4084
3883
4315
3950
4299
4078
4171
3845
3939
3990
4115
3886
3712
4009
3887
4182
3900
3962
4253
4095
3930
3811
4403
3869
3939
4281
4325
4200
4075
4430
4458
3752
4105
4313
3984
4271
4234
4125
3994
3612
4072
4056
4264
4003
4010
4039
4747
4571
4180
4112
3897
4218
4121
4285
4020
4813
3861
4310
4245
3994
4202
4144
4450
4089
3914
4062
4353
4482
3972
4602
3888
3907
3809
4317
4295
3994
4409
4502
4206
4283
4220
3804
4080
4062
4271
3603
4000
3911
3966
4415
4066
4112
4165
4076
3647
4475
4289
4107
4575
4046
4401
4349
4664
4074
4251
4489
4074
4384
4052
4294
4242
4264
4385
3794
3898
4205
3904
4333
4070
4268
4034
3976
4207
4040
4199
4206
4288
4389
4280
3893
4233
4155
3824
4035
4329
4073
4148
4190
4385
4593
4094
4056
3970
4321
4117
4294
4045
4171
3894
4115
4107
4169
4452
4182
3936
4497
4248
4097
4027
4444
4453
4006
3891
4012
3909
4242
4224
3997
4119
4041
4109
4144
4209
4139
4538
4245
4555
4299
4292
3878
4276
4133
4001
4225
4228
4607
3526
4236
4338
4289
4065
4306
3996
4451
4549
3978
4292
4555
4396
3897
4250
4169
4395
4074
4340
3927
4091
3922
3853
4144
4032
3983
3956
4104
3917
4214
4136
3894
4086
4166
3973
4174
4391
4124
3978
4341
4425
4159
4152
4268
4524
3858
4096
4325
4190
4185
4087
4190
3938
3851
4033
4093
4299
3960
3918
4185
4414
4580
3951
4066
4203
4282
4078
4183
4262
4716
4184
4311
4500
4238
4256
4325
4576
3994
3842
4027
4145
4422
3875
4359
3852
3783
3972
4144
4091
3584
3960
4320
3815
3742
4051
3627
3531
3578
3767
3384
3746
3479
3549
3983
3527
3718
3791
3549
3324
3868
3935
3888
4093
3995
4028
3530
3989
3667
3859
4269
3604
3789
3677
3936
3996
3803
3949
3515
3654
3929
3587
4004
3447
3795
3711
3635
3882
3751
3874
3851
3809
3794
3607
3668
3686
3619
3384
3657
3874
3834
3654
3924
3799
4135
3617
3636
3502
3691
3905
3934
3520
3793
3665
3803
3661
3589
4179
3802
3653
3757
3766
3863
3516
3774
3696
3333
3414
3775
3661
3843
3480
3810
3720
3810
3636
3826
3731
3662
3939
3910
4027
3974
3890
3239
3954
3703
3464
3605
3599
4008
2938
3674
3881
4176
3804
3744
3596
4063
4201
3617
3718
4037
3969
3412
3452
3618
3828
3550
3885
3858
3704
3476
3742
3696
3829
3602
3402
3572
3236
3703
3624
3449
3653
3825
3584
3813
3946
3693
3567
3798
4049
3827
3721
3798
4063
3531
3744
3967
3626
3749
3728
3639
3916
3581
3579
3687
3872
3899
3521
3593
4108
3881
3783
3808
3631
3785
3672
3728
3687
4383
3727
3844
3860
3636
4085
3606
3974
3821
3494
3715
3655
4000
3472
4279
3455
3685
3402
3844
4445
4257
4435
4967
4276
4350
4245
4015
4106
4303
4367
3985
4306
4134
3942
4530
4507
4239
4577
4330
3858
4556
4274
4096
4684
4584
4363
4202
4609
4261
4537
4717
4145
4237
4073
4753
4559
4354
4525
3916
4118
4599
4054
4557
4111
4235
4371
4076
4370
4354
4463
4397
4193
4474
3826
4313
4271
4247
3978
4201
4611
4194
4155
4441
4464
4891
4297
4314
4035
4307
4579
4503
4110
4344
4101
4351
4217
4345
4708
4103
4203
4650
4480
4510
4173
4444
4134
3921
4025
4299
4105
4545
4354
4183
4331
4135
4254
4221
4013
4572
4734
4406
4504
4492
4324
3827
4440
4154
4090
4297
4430
4545
3840
4391
4506
4695
4131
4550
4030
4563
4715
4177
4558
4523
4577
4006
4367
4051
4519
4047
4478
4429
4316
3884
4028
4276
4184
3967
3804
4397
3820
4169
4321
4125
4404
4277
4103
4223
4462
3991
4352
4266
4561
4292
4143
4468
4440
4028
4321
4518
4011
4304
4229
4192
4326
3917
4303
4105
4224
4151
3903
4210
4726
4600
4355
4228
4451
4402
4174
4431
4428
4852
4084
4600
4332
4035
4201
4368
4477
4210
4149
4175
4362
4696
4174
4741
4102
4130
3939
4379
4249
4141
4390
4437
4430
4213
4298
3756
3972
3898
4256
3596
3805
4033
3844
4292
4074
4336
4080
3953
3557
4320
4090
4197
4408
4269
4227
4148
4531
3951
4246
4664
3884
4040
3976
4391
4177
4267
4362
3875
3963
4233
3960
4117
3733
3913
4063
4086
4136
4106
4276
4275
4075
4294
4284
3977
4062
4117
3697
3963
4268
4016
4188
4272
4217
4578
3973
4083
3968
4181
4028
4136
4110
3984
4098
3933
4142
4177
4308
4218
4210
4356
4078
4255
3905
4216
4095
3664
3653
4021
4050
4228
3975
4022
3945
4000
4029
3936
4141
3977
4505
3991
4315
4395
3970
3623
4077
4269
3854
4088
4153
4187
3559
3884
4366
4217
4024
4367
3993
4334
4324
3990
4302
4486
4239
3942
3813
3647
4295
4007
4213
3993
3798
3698
3867
4081
4041
4025
3614
4139
3786
4212
3928
3767
4243
4013
3935
3820
4218
3843
4014
4286
4311
4251
3801
4319
4388
3867
3949
4219
4048
4130
4151
4326
4037
3845
3890
3739
3988
4184
3630
3952
4645
4210
3862
4181
4127
4172
3966
3998
4203
4583
3992
4163
4107
4073
4262
4131
4422
3986
4117
3780
3851
4396
3993
4270
3894
3950
3855
3847
4167
4114
4242
4387
4112
4091
4311
3977
3734
4076
4164
3800
3798
3745
3739
4432
3977
4253
4226
3972
3572
4426
4139
4048
4537
4031
3974
4261
4349
4024
3884
4265
3827
3972
3996
4361
4236
4121
4314
3838
3984
4125
3942
4450
3704
4017
3768
4176
4074
4196
4255
4085
4102
4413
3914
3714
3947
4115
3877
4054
4281
4028
3978
4446
4049
4402
4085
4048
3912
4020
4288
4004
4020
4349
3835
3953
3920
4148
4334
3945
3877
4207
3999
4183
4090
4220
4160
3465
3829
4092
4021
4235
3967
4129
4314
4041
4069
3992
3963
4042
4354
4092
4203
4552
4303
3569
4065
3920
3701
3883
3876
4178
3634
4112
4220
4521
3765
4265
3982
4519
4273
3882
4262
4140
4316
4121
4001
3899
3927
4011
3882
4350
3716
3726
3779
3920
4003
4023
3676
4176
3685
3885
3847
3895
3832
4119
3767
4075
4185
3837
4042
4327
4110
3895
3849
4072
4160
3976
4108
4383
3786
4073
3859
3984
3941
3854
3891
3793
4000
4046
3610
3917
4480
4387
3984
4082
4085
4184
4057
4090
3848
4741
4169
4234
4287
3889
4390
3999
4174
4018
3873
3860
3955
4284
3689
4386
4064
3807
3778
3650
3933
3872
4084
4399
4022
3901
3904
3458
3768
3744
4114
3703
3747
3557
3798
4281
3858
3860
3777
3963
3341
4081
3743
3955
4174
4125
4203
3680
4176
3726
3986
4314
3851
3978
3811
4080
4133
4136
3750
3668
3620
4025
3799
3999
3619
3506
3718
3837
4018
3926
4156
3818
3943
3746
3677
3937
3570
3936
3666
3621
4032
3950
3977
3942
3821
4055
3938
3911
3754
3944
3879
4094
3775
3689
3736
3821
3889
3794
4105
3730
3739
4114
4079
3856
3689
3948
3946
3706
3536
3828
3688
3933
3568
3516
3755
3897
3714
3682
3907
3824
4268
3827
3909
4226
3758
3319
3847
4040
3812
3624
3601
3976
3265
3644
4090
4080
3823
4167
3593
3918
4161
3764
4031
4090
3942
3546
4001
3774
4099
3536
4000
3759
3823
3659
3683
3833
3766
3764
3260
3996
3553
3785
3546
3474
3809
3564
3571
3460
3921
3541
3822
4064
3984
3853
3685
3910
3939
3613
3749
4065
3783
3751
3776
3976
3814
3748
3766
3717
3879
4027
3459
3751
4107
3881
3710
3645
3600
3981
3696
3782
3883
4304
3516
3837
4111
3882
4074
3900
4084
3800
3895
3733
3744
4030
3926
3938
3677
3686
3658
3489
4424
4217
4394
4603
4312
4233
4301
4017
4328
4127
4277
3830
4118
4007
4234
4425
4250
4184
4275
4440
3647
4385
4307
4041
4651
4403
4537
4226
4540
4106
4540
4616
4067
4425
4214
4355
4378
4383
4565
4075
3870
4287
4176
4403
3744
4407
4007
3987
4245
4351
4289
4198
4504
4286
4165
4324
4106
4314
3865
4149
4634
4110
4464
4493
4368
4496
4067
4326
4260
4489
4247
4161
3961
4394
4266
4398
4344
4414
4480
4294
4118
4603
4225
4333
4200
4394
4348
3716
3904
4024
4145
4443
4143
4222
4235
4185
3998
4268
4382
4145
4444
4350
4268
4614
4299
3741
4194
4555
4187
4288
3960
4680
3512
4025
4325
4350
4224
4579
4044
4612
4518
4185
4434
4451
4477
4002
4256
4057
4145
3977
4272
4170
4063
3974
4281
4282
4052
4119
3803
4174
3883
4151
4003
3901
4213
4287
3737
4220
4445
3995
4118
4451
4210
4295
4309
4288
4603
4137
4416
4353
4071
4224
4264
4404
4119
3907
4112
4143
4136
4276
4080
4170
4537
4394
3974
4062
4207
4260
4260
4363
4442
4801
4142
4430
4419
4340
4299
4253
4413
4411
4124
3914
4207
4477
3957
4475
3972
3901
4055
4031
4487
4072
4327
4505
4140
4249
4211
3912
4443
4102
4264
3571
4133
3909
3990
4216
4117
4224
3948
4267
3530
4412
4175
3853
4687
4386
4393
4358
4556
4053
4410
4475
4136
4114
3753
4018
4301
4028
4340
4016
3727
4029
3876
4308
3760
4124
3937
3984
4128
4210
4213
4235
4363
4138
3960
3966
3775
4354
3874
3985
4252
3997
4119
4266
4254
4479
4330
4267
3921
4419
4154
4147
3961
3865
3926
4208
4090
4029
4489
4263
4164
4299
4164
4278
4095
4235
4242
3827
4002
4330
3913
4163
3839
3947
3994
4114
3886
4290
4122
4208
4494
4244
4242
4559
4087
3609
4165
4069
3824
4291
3895
4383
3555
3941
4487
4429
3945
4523
4016
4407
4494
3883
4059
4056
4436
3890
3948
3795
4195
3998
4354
4090
3873
3865
4012
3953
4159
3908
3686
4262
3896
4125
3958
3868
4041
4350
3930
4132
4503
4091
4134
4228
4090
4213
3911
4199
4386
3934
4105
4471
4076
3954
4113
4164
3969
3738
4032
4070
4099
4101
3823
3985
4656
4524
3879
4028
3907
4221
3979
4476
4002
4713
3844
4479
4203
3959
4361
4286
4395
3925
4017
3839
3913
4367
3789
4181
4106
4025
3810
4011
4273
4208
4117
4515
4171
4191
4266
3758
3934
4224
4186
3564
3876
3753
3918
4228
4069
4197
4245
3961
3506
4062
4023
3943
4495
4311
4146
4148
4311
4075
4340
4512
4115
4268
3825
4088
4174
4153
4165
3657
3769
4150
3849
4325
3944
4148
3901
3915
4189
4171
4187
4358
4161
4293
3807
4034
4025
4027
3751
3980
4199
3930
3908
4333
4415
4498
4183
3978
3824
4098
4037
4131
3858
3738
4024
4299
3868
3964
4447
3897
4097
4365
4215
4033
3864
4117
4265
3856
3808
3916
4004
4067
3924
4071
4245
3882
4032
3992
4076
3971
4432
4215
4105
4226
4192
3518
3944
4225
3974
4065
4250
4374
3478
3844
4533
4358
3999
4363
3752
4409
4416
3911
4006
4350
4164
3883
3853
3857
4147
3772
4476
3887
3911
3440
3700
3896
4135
4164
3888
3982
3977
4209
4114
3822
3978
4067
3785
3956
4171
4024
3797
4217
4217
4151
3990
4191
4114
3769
4084
4151
3904
3950
4138
4016
3887
3873
3991
3966
4067
3901
3686
3870
4333
4420
3910
3981
4006
4193
3860
4168
4016
4564
4116
4035
4174
3986
4277
3921
4121
4157
4041
4012
4131
4170
3736
4275
3655
3773
3839
3977
4280
4077
4453
4437
4403
4042
4220
3855
4005
4135
4255
4111
3937
3926
3724
4538
4308
4158
4083
4152
3598
4508
4186
3964
4602
4418
4266
4466
4531
4018
4328
4702
3933
4258
4132
4208
4400
4341
4372
3812
3962
4322
4041
4145
3854
4070
4031
4121
4074
4147
4391
4302
4178
4252
4117
4160
4078
4139
3995
3999
4388
4204
4278
4362
4307
4476
4200
4206
3608
4295
4297
4123
3984
4156
4239
4200
3997
4353
4300
4282
4260
4358
4189
4069
4079
4335
4380
3931
3679
4088
3726
4226
4100
3814
4058
4000
4094
4443
4187
4215
4442
4237
4300
4484
4172
3743
4214
4249
3944
4237
4067
4390
3406
3929
4566
4462
4232
4549
4122
4512
4297
4056
4425
4586
4245
3916
3993
4115
4383
3768
4174
4226
3813
3805
4190
4086
4099
4247
3623
4135
3833
4228
3978
3880
4137
4042
4093
4042
4438
3902
4169
4451
4166
4393
4137
4302
4436
3919
4166
4380
3898
4280
4086
4138
4079
3771
3971
3881
4099
4254
3878
4092
4411
4209
3835
3997
3992
4556
3989
4374
4177
4773
4058
4428
4307
3988
4403
4200
4385
4037
3979
3787
4217
4400
3928
4341
4077
3945
3817
3954
4686
4255
4404
4658
4709
4306
4318
3849
4095
4023
4201
3744
4205
3969
3993
4465
4186
4357
4272
4297
3713
4364
4321
3998
4685
4517
4499
4385
4424
4274
4404
4832
4179
4337
4116
4376
4548
4212
4534
3984
4208
4154
4103
4511
3854
3997
4202
4179
4273
4366
4369
4157
4391
4498
4333
3991
4408
4553
3870
4083
4627
4243
4378
4181
4142
4853
4245
4219
4070
4291
4132
4127
3987
4035
4028
4059
4086
4409
4483
4218
4208
4532
4395
4472
4180
4368
4220
3666
3890
4263
4153
4409
4102
4065
4191
4320
4311
4393
4348
4020
4611
4429
4302
4544
4012
3802
4162
4156
4072
4152
4232
4381
3572
4207
4536
4412
4053
4482
4105
4304
4489
4280
4113
4472
4150
3985
4129
3880
4556
4161
4417
4168
4046
3971
4273
4168
4327
4029
3790
4154
4139
4277
4347
4016
4081
4369
4067
4140
4322
3788
4192
4286
4380
4416
4168
4101
4464
4031
4212
4502
3935
4141
4230
4405
4158
4008
4204
4190
4426
4432
3913
4026
4697
4288
4024
4268
4181
4484
4177
4330
4299
4822
4132
4661
4167
4213
4243
4127
4448
4022
4207
3741
4142
4529
4115
4387
3907
3617
4145
3919
4666
4248
4542
4579
4218
4424
4589
3696
4237
4122
4488
3742
4301
3950
4315
4705
4434
4185
4217
4424
3863
4288
4235
4108
4712
4531
4438
4442
4563
3945
4345
4662
3978
4178
4122
4574
4570
4387
4440
4226
4012
4508
3969
4326
3781
4155
4082
3959
4380
4296
4665
4119
4258
4514
4158
4095
4329
4278
3852
4310
4580
4196
4368
4534
4432
4682
4239
4330
4104
4318
4482
4103
3950
4194
4253
3982
4307
4535
4709
4317
4164
4599
4649
4245
4129
4403
4417
3912
3804
4345
4263
4571
4272
4313
4293
4058
4298
4251
4214
4446
4712
4223
4352
4511
4367
3721
4198
4387
4018
4329
4057
4457
3754
4320
4421
4573
4154
4563
4061
4560
4523
3999
4540
4548
4496
4059
4233
4077
4572
3931
4295
4404
3904
4046
3950
4312
4124
4075
3738
4187
3719
4312
4054
4197
4092
4001
4003
4316
4210
4088
4155
4436
4441
4388
3974
4535
4454
4109
4459
4507
3982
4386
4322
4066
4126
4046
4075
4241
4381
4439
4119
4041
4679
4419
4144
4250
4302
4247
4202
4270
4026
4743
4125
4342
4278
4186
4438
4493
4442
4365
4228
4092
4287
4521
4057
4354
3880
3946
3985
4198
4054
3850
4133
4073
3934
3993
3986
3391
3562
3650
3863
3645
3650
3725
3534
4091
3966
3926
3704
3689
3186
3980
3758
3691
4085
4003
4083
4062
4183
3770
4189
4132
3659
3927
3786
4195
4140
4017
3806
3590
3472
3880
3659
3726
3533
3794
3737
3808
3942
3857
3962
3875
3877
4020
3765
3692
3757
3831
3572
3780
3821
3800
4075
4133
4097
4137
3513
3893
3621
3947
3793
3751
3801
4014
3639
3746
3844
3677
3976
4012
3826
4013
4007
4033
3855
4086
3935
3400
3793
3859
3771
3994
3765
3847
3930
3736
3898
3886
3938
4079
4002
3875
3973
4350
3818
3380
3766
3785
3794
3595
3819
3918
3238
3829
3978
4007
3818
4260
3871
4316
4073
3547
4011
4097
3709
3573
3638
3796
4171
3582
3896
4039
3637
3582
3802
3713
3762
3584
3434
3664
3519
3853
3468
3523
3845
3919
3380
3785
3811
3650
3797
3757
4082
3900
3773
4026
3938
3523
3989
4212
3624
3944
3686
3562
3793
3622
3906
3643
3830
3931
3563
3541
4115
3931
3787
3939
3909
3974
3639
3861
3989
4350
3622
4019
3948
3930
3885
3790
3846
4060
3793
3637
3694
4293
3599
4146
3634
3597
3456
3746
4221
3762
4176
4245
4194
3931
3901
3600
3782
3871
4172
3693
3956
3632
3724
3858
3918
4003
3947
3955
3482
4271
3941
3805
4315
4043
4137
3842
4343
3709
3994
4291
3894
3820
3796
4219
3943
4037
4155
3574
3675
3997
3800
4204
3717
3825
3834
3722
3732
3763
4037
3976
4020
3814
3802
3877
3898
3818
3573
3809
4183
3817
3909
4039
3886
4295
3994
3888
3567
4065
3997
3911
3609
3823
3671
3821
3885
4160
4209
3840
3947
4126
3990
4018
4093
3793
3736
3515
3647
3660
3603
3832
3924
3756
3837
3698
4094
3890
3956
3640
4168
3832
3830
4264
3808
3690
3988
3981
3792
3752
4081
4114
3417
3823
4137
4190
3687
3987
3670
4082
4043
3816
4025
4382
4060
3735
3771
3686
3877
3772
4060
4006
3802
3378
3674
3900
3876
3738
3298
3809
3547
3875
3543
3934
3725
3854
3542
3673
4176
3717
4064
4095
4094
3870
3826
4164
3988
3692
3708
4234
3765
3586
3873
3919
3765
3693
3987
3731
3909
3810
3523
4024
4059
4122
3886
3805
3585
4185
3966
3952
3697
4577
3658
3990
4272
3755
3936
3970
4287
3701
3688
3865
3891
4024
3673
4067
3611
3611
3702
3686
4342
4271
4619
4704
4399
4514
4603
3932
4187
4390
4340
3884
4260
4002
4000
4554
4308
4189
4351
4325
3983
4454
4523
4064
4909
4569
4560
4574
4649
4396
4470
4754
4085
4261
4189
4665
4508
4527
4481
3923
3917
4481
4097
4248
4096
4275
4271
4137
4342
4566
4688
4464
4462
4434
4227
3982
4503
4349
3928
4279
4723
4460
4375
4407
4427
4863
4287
4182
3952
4399
4308
4487
4285
4484
4285
4253
4099
4407
4726
4419
4228
4587
4299
4320
4205
4306
4402
3944
4040
4310
4157
4227
4261
4133
4259
4191
4475
4311
4625
4399
4762
4407
4551
4724
4311
3884
4558
4348
4057
4470
4332
4444
3639
4329
4383
4400
4056
4598
4141
4836
4806
4176
4407
4550
4355
4164
4080
4326
4503
4113
4783
4498
4202
3866
4123
3960
4154
4135
3920
4298
4012
4216
4168
4135
4198
4178
4025
4077
4418
4132
4130
4321
4462
4364
4438
4220
4550
3886
4186
4587
3934
4256
4329
4320
4126
4139
4130
4257
4378
4165
4078
4202
4771
4474
4291
4211
4256
4526
4147
4584
4447
4951
4342
4414
4407
4323
4353
4210
4520
4220
4300
4141
4467
4554
4137
4523
4176
3994
3778
4131
3831
3878
4071
3916
3856
3833
4159
3650
3602
3737
3985
3421
3772
3736
3505
4170
3949
3757
3826
4000
3536
3947
4151
3627
4029
4019
4025
3783
4193
3672
4112
4470
3391
3843
3742
4048
3965
4035
3832
3348
3684
4113
3585
3896
3542
3680
3768
3727
3822
3819
4189
3974
3733
3698
3624
3704
3876
3755
3645
3612
4010
3564
3952
4063
4006
4179
3818
3743
3623
3720
3890
4020
3880
3852
3796
3784
3646
3749
3961
3767
3726
3953
4093
4089
3581
3942
3970
3434
3664
3750
3566
3971
3611
3528
3665
3708
3740
3845
3837
4000
4225
3481
3932
4030
3786
3310
3942
3599
3518
3549
3796
3961
3054
3782
4193
4022
3688
4022
3815
4105
4156
3634
3866
3879
3964
3574
3566
3631
4016
3552
4016
4029
3885
3296
3599
3813
3578
3525
3596
3814
3607
3848
3400
3477
3753
3810
3722
3791
3770
3577
3778
3975
4060
3699
3782
3822
4140
3654
3611
4176
3680
3848
3751
3699
3891
3711
3705
3651
3868
3838
3644
3988
4375
3812
3840
3985
3731
3912
3735
4076
3733
4204
3664
3794
3916
3950
3794
3838
4047
4123
3835
3693
3596
4341
3909
4028
3741
3692
3611
3910
4296
4375
4668
4656
4480
4316
4397
3957
4507
4286
4289
3889
4194
4062
3995
4458
3962
4296
4323
4497
3737
4560
4161
3959
4545
4430
4375
4128
4524
4134
4338
4888
4100
4540
4056
4399
4368
4283
4705
3942
3966
4488
4046
4231
3934
4228
4134
4248
4512
4474
4271
4566
4446
4357
4111
4064
4295
4137
3933
4082
4557
4251
4472
4617
4329
4638
4235
4140
4170
4334
4234
4075
4289
4309
4208
4406
4116
4110
4532
4300
4083
4677
4397
4336
3963
4347
4383
3564
4008
4233
4027
4389
4017
4215
4338
4167
4229
4412
4099
3973
4904
4394
4410
4732
4288
3893
4317
4524
3880
4172
4232
4471
3732
4302
4512
4601
4099
4649
4078
4297
4521
4162
4162
4456
4351
4279
4277
3989
4410
4033
4300
4247
4108
3885
4169
4158
4113
3962
3700
4076
4171
4394
4311
4338
4096
4321
3977
4384
4217
4101
3912
4471
4398
4478
3976
4129
4629
4062
4530
4323
3972
4222
4275
4292
4182
4093
4148
4098
4339
4196
4041
4277
4757
4325
4017
4375
4364
4442
4396
4152
4502
4627
4150
4333
4221
3979
4610
4086
4341
4227
4104
3798
4092
4344
4101
4364
3989
4200
4139
4111
3957
3762
4034
4050
3920
3876
4002
3407
3668
3871
3919
3620
3742
3649
3789
4071
3902
3903
3882
3816
3490
4164
3836
3648
4120
4030
3803
4009
3898
3792
4064
4464
3905
3741
3434
3923
4126
3834
3807
3533
3530
3811
3688
3745
3765
3714
3591
3736
3881
3824
3985
3765
3956
4003
3720
3618
3702
3875
3472
3707
3861
3790
3636
4048
3775
4280
3871
3496
3372
3768
3984
3773
3630
3884
3783
3766
3565
3840
4102
3780
3770
4172
4165
4058
3830
4031
3709
3463
3584
3668
3602
3613
3558
3548
3711
3604
3771
3811
3741
4075
4372
3814
3801
4146
3701
3514
3643
3806
3462
3702
4144
3881
3168
3743
3994
3790
3670
3890
3709
4124
4064
3792
4151
3914
3657
3309
3631
3568
3850
3664
4001
3876
3756
3515
3653
3651
3975
3479
3286
3775
3525
3795
3648
3439
3667
3629
3499
3589
4100
3494
3748
4015
3936
3823
3655
3603
3779
3670
3758
3930
3526
3676
3772
3589
3781
3662
3781
3625
3732
3617
3446
3523
3998
3993
3750
3721
3655
3914
3685
3913
3922
4324
3631
4080
3946
3762
3820
3930
3954
3559
3641
3706
3912
4044
3569
3908
3642
3571
3416
3679
tempo: 16