100 100
2007
2045
1985
1882
2229
1730
2090
1881
2003
1869
2252
1983
1803
1827
1867
2009
2154
1991
1773
1798
1911
2106
1978
1849
1989
2334
1952
1830
1812
1987
1878
2066
1900
1924
1860
1951
1842
1708
1702
1911
1858
1802
2200
1989
2141
1927
2148
2027
1748
1929
1937
2225
1991
1823
1794
2057
1906
2148
1693
1793
1798
2176
1890
1983
2224
2131
1899
1877
1795
1843
2103
1903
2046
1894
2038
1796
1929
2053
1751
1709
2011
1883
1897
1910
1781
1855
1516
1942
1940
1701
2007
1919
2016
1990
1738
2061
2069
2101
1786
1632
1743
2078
1983
1752
1728
1840
1852
1703
2071
1860
1880
1923
1789
1960
1776
1788
2046
1853
1655
1787
1718
1946
1813
1796
1986
2216
1917
1688
1708
1958
1880
2014
1693
1842
1851
1946
1864
1666
1633
1922
1960
1829
2174
1900
2016
1816
2047
2020
1655
1855
1782
2128
1903
1798
1741
1929
1847
1996
1840
1792
1647
2213
1787
1934
2047
1788
1727
1684
1988
1848
2074
1774
1980
1745
1938
1674
1895
1743
1623
1555
1840
1893
1932
1778
1654
1779
1682
1831
1878
1620
1843
1829
2021
1818
1778
1889
1892
1902
1685
1600
1755
2063
1947
1815
1894
1853
1900
1773
1776
1766
1935
1855
1701
1779
1690
1886
2014
1928
1605
1795
1770
1986
1790
1706
1958
2198
1843
1627
1728
1939
1973
2015
1812
1895
1958
1922
1793
1695
1538
1992
1950
1765
2089
1785
2021
1772
2218
1898
1681
1726
1767
2241
1826
1986
1684
1913
1681
1933
1682
1854
1647
2136
1850
1955
2078
1964
1653
1690
1822
1719
1948
1960
1858
1835
1903
1653
1767
1850
1883
1694
1859
1702
1822
1892
1736
1897
1640
1894
1832
1592
1913
1840
1891
1835
1695
1823
1787
1931
1658
1665
2100
2342
2324
2108
2261
2051
2294
2012
2401
2225
2450
2260
2166
2340
2138
2082
2363
2139
1950
1940
2065
2257
2105
2058
2347
2474
2167
2090
2159
2317
2319
2253
1952
2090
2054
2200
2048
1884
1737
2320
2199
2052
2555
2265
2354
2292
2535
2259
1936
2139
2181
2504
2213
2259
1986
2460
2279
2254
2089
2149
1824
2727
2132
2309
2343
2254
2019
1984
2261
2195
2242
2236
2353
2192
2402
1962
2135
2182
2043
1897
2151
2310
2160
2325
2053
2192
2108
2027
2306
1799
2291
2217
2347
2178
2235
2080
2249
2277
2075
2074
1789
2099
1984
1809
2132
1970
1978
1856
1977
1833
1986
2065
1845
1941
1715
1892
2064
1895
1893
1812
1746
2064
1764
1966
2126
2183
1765
1732
1867
2020
1978
2160
1819
1885
1940
1919
1877
1807
1559
2104
2129
1795
2202
2068
2109
1998
2129
2023
1792
1935
1725
2219
1943
1721
1805
2085
1946
1996
1872
1920
1798
2314
1776
1974
2144
2093
1780
1785
2042
1995
2022
1924
2013
1730
1999
1888
1928
1901
1715
1724
1998
2065
1941
1838
1834
2002
1711
1863
1878
1752
2080
1938
1970
1804
1854
1982
1905
1991
1925
1741
1928
2364
2241
1976
2184
2121
2269
2039
2297
2188
2151
2312
2084
2244
2154
2124
2264
2041
1820
2100
2088
2209
2079
2062
2160
2542
2146
2011
2191
2319
2143
2224
2071
2206
2234
2183
2116
1961
1874
2296
2104
2092
2477
2197
2377
2054
2447
2150
1805
2182
2061
2616
2098
2155
1965
2211
1963
2173
2030
1978
1926
2506
2192
2288
2444
2323
2025
1923
2223
2103
2220
2009
2264
2033
2266
2133
2064
2109
1952
2113
2042
2042
2255
2123
1797
2152
2032
2150
2276
1848
2146
2204
2499
2225
1990
2024
2230
2431
1979
2001
1826
2160
2091
1862
2073
1951
2048
1735
1977
1970
2014
2072
1835
2074
1815
1977
2291
1961
1868
2009
1814
2163
2086
1917
2061
2276
1936
1956
1992
1970
1926
2140
1951
2071
2228
1995
2041
1864
1696
2042
2031
1819
2170
1919
2116
1884
2202
2182
1799
1982
2055
2262
2067
1880
1805
2115
2130
2180
1831
1761
1680
2288
2071
2027
2335
2181
1946
1813
2021
2076
2054
2053
1987
1896
1974
1947
1847
1963
1890
1948
2002
1968
2061
1952
1948
2095
1698
2129
1985
1840
2002
2086
2254
1979
1927
2089
2143
2076
1839
1732
1790
2190
2063
1953
1942
1974
2005
1941
2164
1986
2055
1960
1930
1895
1961
2016
2165
2086
1685
1932
1790
2016
1945
1998
1996
2354
2054
1850
1960
2122
1995
2060
1830
1977
1937
1887
1963
1729
1726
2136
2017
1959
2281
2036
2017
1969
2202
2055
1816
1934
1978
2225
1916
1984
1825
2041
1864
1967
1810
1870
1765
2170
1898
2011
2260
2112
2010
1739
2012
1964
2060
2043
2067
1822
1940
1822
1740
2072
1827
1710
2176
1996
2063
2020
1792
2052
1710
1931
2022
1879
2009
1908
2215
1918
1944
1946
2078
2127
1949
1759
1698
2097
1963
1924
1807
1922
1912
1803
1922
1931
2039
1920
1683
1855
1684
1799
1899
1986
1873
1778
1757
2078
1851
1847
2037
2038
1875
1865
1919
2041
2051
2046
1778
1794
2069
1942
2054
1737
1621
1986
1934
1904
2193
1884
2055
2013
2200
1866
1566
1949
1928
2234
1906
1977
1653
1946
1761
1945
1924
1895
1733
2068
1939
2120
2203
1968
1800
1669
1892
1890
1971
1961
1959
1905
2002
1866
1854
1798
1710
1752
1968
1986
2008
1766
1813
1969
1749
1854
1901
1714
2089
1925
2189
2017
1845
1901
1865
2112
1771
1606
2017
2209
2532
2086
2274
2139
2296
2012
2375
2304
2411
2349
2174
2200
2108
2309
2363
2301
1997
2007
2196
2398
2209
2254
2426
2392
2209
1988
2250
2407
2166
2399
2109
2317
2286
2324
2303
1894
1916
2154
2153
2038
2561
2291
2300
2123
2591
2268
2042
2295
2192
2490
2274
2264
2085
2385
2325
2240
2069
2021
1876
2629
2110
2280
2523
2458
2228
2213
2304
2235
2202
2151
2222
2064
2199
2077
2232
2311
2127
1991
2264
2180
2233
2273
2025
2160
2147
2130
2212
1961
2289
2129
2425
2149
2146
2043
2197
2449
2003
1778
1714
1939
1712
1658
1771
1898
1747
1850
1964
1707
1958
1943
1735
1742
1566
1592
1820
1821
1580
1748
1657
1754
1737
1752
1797
2004
1844
1597
1645
1867
1666
1905
1586
1494
1788
2015
1768
1662
1514
1911
1823
1670
1982
1812
1802
1733
2065
1894
1509
1775
1820
2035
1801
1816
1556
1929
1624
1863
1645
1621
1490
2163
1631
1745
1868
1987
1776
1470
1750
1660
1923
1818
1884
1643
1767
1613
1660
1678
1556
1499
1789
1900
1735
1584
1684
1773
1746
1724
1927
1553
1877
1831
1864
1921
1739
1629
1786
1932
1701
1665
2020
2169
2232
2019
2094
1830
1966
1863
2069
1922
2059
2071
1806
1983
1935
2106
2173
2062
1915
1718
1874
2143
1863
1807
2162
2330
2218
1886
1984
1980
2159
2124
1927
1989
2017
2128
2020
2005
1790
2158
2165
2008
2080
2111
2116
1940
2252
2063
1863
1926
2112
2519
2008
1886
1911
2061
1978
2059
1915
1781
1846
2383
1908
2026
2313
2123
1946
1785
2021
1818
2048
1964
2140
2071
2014
1823
2092
2068
1931
1851
2045
1971
2016
1971
1958
2028
1863
2052
1997
1727
2116
2019
1997
2041
2015
2029
2105
2102
1752
1710
1908
2264
1964
1875
2090
2008
2097
1851
2232
2107
2120
2069
1920
1970
2037
1982
2295
1847
2015
2019
1949
2027
2065
1848
2163
2398
2017
1952
2074
2191
1990
2268
2036
2056
2149
2148
2038
1814
1762
2149
1947
2024
2379
1962
2193
2083
2510
2095
1660
2076
tempo: 3