200 200
4082
4056
3714
3808
4533
4391
4178
4023
4060
4212
4331
4448
4024
4040
4322
3912
4408
4021
4149
4054
4347
4336
4149
3782
4175
3983
4452
4562
4025
3925
3961
4065
3830
4459
4143
4058
4240
4151
4387
3788
3775
4081
4317
4529
4270
4075
4121
3929
4292
4115
4318
4204
4244
3975
4331
4022
4368
4463
4311
4315
4241
3936
4191
4845
4640
3820
3957
3932
4237
4187
4316
4266
4426
4168
4538
4034
4435
4286
3934
3860
4208
4091
4223
4260
4302
3926
4420
4103
4129
4142
4252
3879
4277
4120
3889
4451
4190
4001
4477
4102
3872
4019
3783
4500
3684
4188
4264
3667
4538
4439
4196
4228
4234
4253
3957
4512
3854
4174
4136
3719
4300
4400
3956
4022
4199
3833
4062
4398
4036
4051
3971
4054
4766
4008
3962
4213
4440
3864
3931
4102
4211
4497
4039
4040
4196
3923
3967
4361
3936
3902
4145
3846
3857
4077
4181
3944
4132
4475
4346
4177
4101
4147
3989
4101
4065
4304
4287
4216
3993
4236
4357
4012
3902
4008
3962
4240
4148
4435
3896
3774
3974
4096
4437
4415
4217
4162
4278
4050
3849
4166
4334
4507
4048
4308
4320
4475
4309
3850
4271
3998
3726
3644
3513
3416
3917
4020
3669
3515
3626
3730
3828
3954
3670
3731
3960
3587
4191
3626
3892
3424
3550
4000
3841
3637
3957
3656
3747
4028
3530
3586
3492
3620
3474
4140
3800
3674
3735
3417
3917
3496
3726
3563
3883
4078
3758
3681
3732
3690
3847
3898
4175
3975
3761
3636
4031
3548
3939
4018
3964
3812
4047
3431
4018
4270
4234
3584
3670
3822
3942
3615
3907
3965
4195
3807
4026
3488
4161
3846
3673
3734
4060
3983
3919
3861
3893
3433
3797
3771
3877
3843
3878
3656
3986
3902
3328
4140
3867
3934
4062
3902
3686
3595
3445
4088
3394
3933
3737
3578
4012
3983
3695
3805
3738
3546
3928
4005
3369
3809
3728
3518
3712
4059
3783
3567
3969
3381
3938
3895
3785
3697
3800
3427
4189
3774
3574
3797
3715
3461
3549
3806
3708
3942
3617
3872
4089
3651
3748
4109
3628
3751
3912
3506
3404
3739
3830
3751
3772
3856
3905
3963
3715
3754
3795
3790
3555
3805
3827
4036
3672
3790
4049
3629
3595
3665
3597
3523
3716
4111
3578
3345
3643
3787
4176
4035
3643
3704
4066
3806
3578
3813
4047
4077
3740
3815
3854
3747
3912
3314
3715
3455
3952
4134
4154
3867
4403
4412
4108
4056
4026
4206
4303
4471
4200
4214
4474
3992
4730
3928
4103
3986
4076
4214
4008
3930
4338
4093
4073
4665
3885
3957
3964
4118
4058
4208
4309
3884
4124
3870
4209
3966
3745
4068
4231
4142
4093
3912
4022
4110
4196
4147
4449
4294
4190
3897
4337
3712
4407
4311
4298
4189
4206
3926
4213
4654
4479
3809
3993
3703
4372
4168
4487
4141
4454
4098
4330
4096
4539
4311
4053
4151
4303
4115
3986
4154
4301
4032
4133
3999
4106
4229
3954
3974
4371
4333
3843
4335
4284
3970
4227
4085
4050
3990
3926
4603
4184
4387
4343
3743
4617
4390
4268
4179
4267
4132
4208
4444
3655
4193
4171
3977
4268
4481
4042
4006
4226
3800
4154
4222
4106
4038
4207
3971
4525
4015
4172
4111
4169
4015
3809
4188
4343
4314
4117
4072
4135
4106
4016
4160
3878
4032
4330
4280
3906
4220
4253
3951
4190
4686
4453
4049
4234
4144
4190
4159
3997
4419
4445
4253
4077
4250
4478
3985
3840
3888
4024
4006
4144
4312
3933
3724
4109
4123
4444
4393
4426
4394
4383
3890
3937
3911
4353
4395
4251
4345
4281
4053
4266
4005
4164
4163
3905
4021
3754
3650
4185
4339
3678
3779
4072
4075
4176
4163
3953
3928
4222
3704
4146
3765
3922
4142
4018
4012
4136
3780
4133
3872
4112
4278
3882
3907
3598
4117
3650
4399
4135
4030
4128
3704
4120
3755
3682
3914
4093
4223
4014
4050
4060
3704
4251
4105
4239
4024
3987
3732
4340
3541
4188
4275
4458
3921
4143
3712
3897
4561
4348
3765
3750
3685
4085
4014
4030
4292
4278
3957
4309
3945
4314
4064
3706
3833
4056
3980
3892
4048
4129
3696
4230
4037
3941
3803
3866
3787
4074
4334
3707
4068
4224
3929
4305
4010
3848
3580
3922
4429
3897
4019
4223
3584
4154
4444
3988
4153
4109
4038
4041
4146
3598
3949
4065
3676
4101
4209
3834
3706
4027
3725
4043
4029
4064
4029
3917
3788
4600
3920
3670
4030
3954
3597
3666
4154
3915
4261
3892
3940
4087
3980
3567
3984
3761
3925
4035
4189
3945
3807
3978
3732
4076
4098
4036
4014
3768
4030
3733
3902
4074
3970
4094
4142
3789
3727
4125
3686
3857
3979
3897
4014
3911
4129
3733
3564
4056
3918
4350
4434
3805
4237
4072
3932
3840
3836
4391
4319
3969
3835
4179
4009
4056
3569
3871
3662
3497
3848
3556
3695
4053
4150
3708
3576
3896
3682
4209
4046
3946
3788
4108
3695
4125
3763
3745
3496
3859
4105
4020
3828
4113
3892
3663
4323
3680
3692
3549
3947
3683
4168
4006
3593
3922
3900
3896
3617
3575
3719
3967
4015
3966
3924
3844
3776
3841
3732
3963
3877
3836
3925
3933
3426
3955
4064
4085
3888
3969
3857
3854
4483
4218
3490
3526
3749
3997
3694
3986
3942
4152
3938
3963
3885
4270
4033
3808
3748
4190
3986
3733
3952
4066
3798
3986
3910
4093
3906
3872
3676
4133
3988
3506
4013
4034
3897
4140
3761
3740
3677
3640
4493
3546
4079
4014
4026
4195
3902
3894
3784
3954
4243
3944
4119
3400
3884
3643
3640
3910
3962
3853
3908
3888
3584
3915
3958
4141
3796
3870
3812
4206
3748
3788
3937
3930
3498
3851
3760
3947
4140
3987
4064
3990
3715
3671
4052
3664
3908
4099
3885
3609
3882
3821
3693
4098
4094
4125
3744
3855
3723
4002
3887
3845
4113
3958
3798
3643
3996
4042
3619
3892
3722
3688
3670
3851
4105
3667
3262
3889
3886
4316
4256
4051
4104
4037
3528
3597
3829
4024
4185
3787
4131
4124
3874
3910
3544
3896
3619
3624
3708
3578
3553
3992
3910
3779
3672
3756
3536
4100
4139
3876
3656
3950
3695
4224
3741
3755
3657
3941
3942
3600
3940
4007
3874
3861
4215
3677
3726
3671
3878
3727
3931
3812
3618
3992
3711
3879
3528
3681
3787
4087
4069
4005
3788
3850
3776
3958
3781
4013
3871
4049
3733
3985
3717
4045
4143
3969
3758
3676
3769
3784
4538
4187
3704
3650
3485
3953
3845
4272
4174
4217
3884
4177
4077
4236
3728
3694
4064
4018
3875
3632
3763
3898
3406
3784
3862
3927
3686
3705
3874
4070
3925
3247
4061
4069
3728
4292
3728
3826
3681
3669
4345
3726
3944
4002
3534
3988
3927
3864
3687
3982
3853
3931
4176
3422
3795
3898
3528
3804
3963
3662
3717
3915
3489
3804
3832
3995
3719
3669
3677
4270
3847
3849
4025
4046
3604
3477
3898
3867
3800
3815
3709
3915
3862
3654
3867
3535
3824
3935
3781
3560
3699
3901
3494
3859
3801
3893
3829
3743
3817
3962
4074
3820
4146
4042
3969
3829
3794
4139
3718
3550
3771
3535
3706
4090
3884
3703
3593
3648
3960
4109
4217
3830
3854
3849
3795
3610
3915
4035
4149
3715
3727
4196
3860
3852
3271
4133
3758
4002
4428
3961
3888
4531
4499
4018
3947
3886
4049
4302
4527
4163
4231
4418
4018
4374
4219
4286
4314
4021
4343
4237
3744
4366
3977
4349
4624
4316
4094
3908
4079
4054
4428
4192
3790
4196
4013
4533
3764
4012
4084
4252
4433
4117
4166
4245
4142
4314
4225
4472
4396
4182
3880
4488
3814
4075
4547
4430
4101
4408
3770
4278
4887
4597
3896
3878
4210
4577
4189
4482
4250
4409
4114
4637
4085
4735
4251
4088
4197
4254
4283
4073
4395
4433
3999
4308
4268
4354
4118
4026
4219
4502
4523
3969
4457
4257
4174
4256
4352
4101
4057
3976
4694
4069
4349
4345
4071
4487
4195
4246
4449
4641
4123
4494
4539
4000
3757
4334
3927
4163
4263
3943
4194
4332
4028
3947
4533
4263
4208
4135
3732
4795
4119
4179
4286
4427
3873
4079
4272
4330
4299
4230
4091
3973
4021
4077
4257
3870
4079
4357
4135
4098
4112
4172
3931
4428
4535
4344
4092
4267
4163
4179
4230
3983
4209
4429
4391
4135
4088
4321
4055
3988
4207
3871
3844
4179
4424
3864
3534
4070
4240
4558
4444
4150
4390
4378
4246
4180
3874
4500
4548
4407
4158
4277
4205
4071
3806
4115
4022
3588
4171
3884
4002
4396
4273
3826
3890
3995
4107
4020
4350
4167
3844
4139
3822
4419
4008
4023
3806
3990
4239
4081
3847
4234
4090
4059
4590
3793
3831
3740
3852
3779
4397
4069
3911
3997
4037
4143
4040
3700
3903
4178
3970
4270
3978
3923
4060
4062
4033
4140
4206
4069
3752
4184
3752
4097
4464
4136
4104
4327
3849
4404
4703
4504
3576
3658
3961
4101
4001
3910
4220
4247
4258
4391
4037
4502
4037
3800
3720
4071
4322
3832
4119
4408
4013
4202
4297
3873
4239
3997
3926
4287
4339
3599
4356
4238
3900
4329
3969
3550
3836
3884
4414
3802
4416
4325
3890
4195
4317
4047
3964
4218
4093
4282
4366
3849
4061
4085
3751
3988
4329
3992
4054
3882
3952
4098
4185
4183
3879
4017
3798
4565
4004
3905
3989
4110
3812
3878
4420
4134
4472
3938
4173
4304
3757
3909
4042
3924
4003
4238
3798
3875
3880
3961
3745
4153
4142
4190
4001
4136
4049
4090
3972
3796
4333
4247
4133
4129
4074
4348
3867
3970
4030
3746
3784
3945
4150
3987
3558
4086
4268
4390
4202
4019
4242
4122
3826
3814
4033
4302
4301
3971
4242
4293
4048
3837
3698
4171
4015
3750
4112
3928
3785
4148
4229
3686
3850
3954
3917
4223
4176
3887
4030
4405
3954
4039
3847
4010
3722
4072
4257
3916
3909
4352
4142
4250
4496
3919
3705
3881
3853
3828
4259
3845
3824
4118
3862
4138
3970
3929
3866
4100
4096
3984
3915
3968
3970
4130
3974
4216
4096
4111
3707
4454
3647
4091
4269
4070
3928
4027
3905
4308
4572
4310
3840
3705
4052
4140
3919
4224
4197
4354
4054
4210
3890
4506
3991
3729
3769
4198
4088
3755
4246
4406
3777
4089
3849
3895
4120
3980
4036
4135
4276
3698
4282
4226
3889
4488
4215
3858
3985
3810
4433
4005
4140
4216
3702
4238
4360
3995
3969
3993
4139
3960
4313
3473
3931
3909
3847
4086
4294
3866
3972
4166
3830
4067
4132
4114
4099
3965
3780
4567
4089
3807
4082
4194
3623
3859
4074
3966
4404
3955
4128
4118
3702
3766
3979
3740
3759
4278
3997
3624
3786
3899
3933
4002
4293
4152
4186
3901
3976
4060
3996
4285
4065
4182
4064
3691
4008
4246
3675
3698
3840
3777
3973
3861
4340
3826
3764
3936
4184
4442
4379
4048
4045
4210
3905
3755
3594
4262
4316
4125
4336
4240
3940
3895
3700
4092
3785
4207
4121
3958
3769
4533
4540
4046
4106
4203
4086
4438
4639
4286
4045
4600
4018
4646
4222
4088
4075
4001
4420
4043
4038
4575
4174
4421
4489
4071
4138
4063
4207
4033
4598
4417
3971
4408
4076
4601
4100
4076
4175
4423
4463
4121
4324
4274
4181
4394
4217
4535
4445
4349
3946
4378
3881
4250
4397
4573
4109
4179
4014
4104
4690
4742
4068
3797
4056
4379
4031
4361
4703
4753
4051
4427
4129
4757
4083
4083
4009
4359
4304
4189
4363
4424
3999
4261
4235
4093
4314
4133
4168
4353
4402
3968
4607
4542
4105
4423
4250
4231
4096
4077
4775
4191
4332
4505
4002
4503
4534
4313
4438
4199
4272
4448
4429
4168
4213
4283
3803
4314
4410
4291
4253
4494
4027
4151
4495
4403
4022
4255
3941
4482
4388
4143
4416
4479
3974
3998
4378
4301
4595
4181
4267
4273
3946
4104
4263
4069
4379
4534
3932
4238
4107
4216
4009
4522
4345
4350
4213
4266
4140
4239
4309
4094
4430
4562
4273
4098
4149
4523
4107
4044
4193
4031
4151
4173
4584
4348
3879
3982
4248
4753
4743
4313
4300
4440
4185
4016
4178
4499
4512
4203
4233
4315
4231
4219
3977
4076
4087
3329
3799
3435
3405
3908
3982
3274
3802
3432
3540
3954
3885
3842
3670
3570
3405
4008
3453
3552
3613
3590
3800
3569
3409
3764
3696
3989
3994
3478
3429
3257
3706
3351
3916
3683
3454
3760
3466
3695
3403
3415
3578
3832
3550
3731
3472
3558
3680
3618
3632
3951
3673
3585
3231
3912
3346
3574
3807
3858
3402
3890
3369
3687
4230
4063
3421
3308
3296
3954
3713
3793
3688
3833
3717
3791
3569
4043
3888
3474
3506
3699
3822
3417
3789
3775
3417
3793
3576
3537
3503
3439
3577
4074
3917
3415
3728
3778
3675
3775
3707
3543
3517
3413
4028
3874
3714
4008
3480
3883
3741
3798
3697
3676
3577
3626
3897
3324
3632
3891
3730
3840
3886
3435
3615
3723
3390
3453
3773
3607
3611
3599
3464
4106
3742
3536
3686
3808
3366
3740
3662
3572
4054
3946
3779
3798
3708
3485
3579
3524
3575
3822
3695
3677
3361
3525
3513
3905
3751
3748
3679
3512
3715
3611
3705
3550
3623
3883
3756
3559
3535
3821
3513
3485
3676
3594
3470
3597
3876
3557
3318
3611
3680
3775
3719
3498
3793
3811
3746
3314
3664
3978
3894
3612
3485
3999
3514
3498
3301
3655
3695
3770
3976
4003
3847
4215
4273
3906
3844
4082
3997
4378
4311
4106
4026
4302
4168
4332
3876
4094
3713
4067
4245
4081
3797
4315
4167
4209
4414
3824
3565
3711
3849
3879
4676
4159
3929
4183
3811
4139
3984
3889
3965
4166
4227
4149
4090
4081
3907
4087
4019
4520
4268
4146
3893
4327
3506
4168
4375
4318
3890
4177
3827
4041
4561
4501
3673
3843
3819
4433
3934
4360
4389
4565
4127
4297
4008
4512
3995
3894
4119
4231
3970
3891
4297
4420
3706
4133
3793
4268
3991
4030
4204
4208
4255
3794
4159
4214
4146
4307
3994
4209
4046
3786
4341
4162
4132
4267
3922
4360
4444
4026
4168
4262
4037
4366
4178
3696
4387
3970
4074
4217
4259
3895
4084
4278
3606
4148
4210
4186
3977
4070
3929
4721
3898
4048
4221
4423
3652
3809
4135
4233
4414
3917
4354
4002
3867
3963
4157
3863
3921
4338
4330
3768
3849
3994
4007
4234
4416
4147
4044
4097
4204
3831
4007
4005
4080
4230
4020
3954
4102
4365
4111
4003
3770
3928
3979
4121
4433
3853
3460
4016
4082
4333
4214
4048
4364
4350
4051
3722
3715
4389
4439
3947
4350
4418
4000
3880
3873
4169
3804
3879
4265
4015
3888
4240
4556
3925
4268
3963
4358
4495
4402
4511
3899
4472
4079
4531
4126
4260
4074
3952
4221
4278
4013
4183
4164
4339
4701
4201
4084
3904
4143
4047
4632
4187
4036
4420
4270
4570
4162
3891
3998
4213
4260
4353
4235
4247
4030
4234
4003
4297
4258
4181
3861
4326
3769
4454
4569
4456
4007
4225
4193
4311
4691
4754
3966
3703
4039
4559
4287
4262
4499
4382
4327
4610
4000
4552
4374
3931
4210
4098
4035
4009
4401
4301
3792
4571
4242
4273
4167
3992
4172
4238
4273
3728
4514
4441
4147
4262
4194
3928
4068
3737
4646
3884
4292
4399
3826
4419
4279
4370
4481
4561
4075
4436
4558
3853
4340
4193
3815
4257
4174
3864
4072
3999
3760
4090
4316
4285
4088
4259
4050
4754
4366
4145
4374
4420
3988
4075
4285
4279
4360
4278
4130
4287
3915
4127
4275
3928
4162
4390
4129
4084
3949
4114
3855
4197
4463
4542
4211
4069
4208
4199
4236
4060
4388
4352
4254
4132
4130
4435
3835
3872
3936
3861
4072
4368
4612
3893
3845
4151
4297
4460
4657
4334
4362
4456
4156
4048
4019
4460
4529
4267
4293
4653
4165
4258
3860
4332
4136
3464
3625
3563
3512
4002
3971
3777
3827
3873
3923
3964
4186
3817
3855
3783
3663
4119
4004
3890
3807
3594
3950
3620
3564
3874
3484
3927
4391
3517
3689
3386
3689
3528
4037
3870
3589
3816
3532
4006
3700
3610
3664
3931
3799
3571
3751
3660
3706
4040
3696
4092
3717
3961
3596
3938
3464
4016
4064
3971
3651
3905
3577
4103
4441
4355
3505
3579
3664
3945
3822
4022
4015
4068
3725
3856
3719
3993
3898
3796
3657
3817
3833
3688
3990
3914
3740
3780
3752
3626
3625
3757
3767
3873
4023
3632
3955
3995
3826
4101
3858
3679
3653
3516
4058
3565
3973
3806
3637
3900
4025
3829
3644
3961
3726
3806
3983
3697
3615
3801
3678
3931
4175
3627
3708
4086
3686
3623
3962
3872
3642
3833
3640
4350
3780
3707
3848
3814
3484
3679
3989
4009
3825
3811
3848
3758
3326
3782
3739
3531
3816
3858
3709
3691
3539
3643
3587
3902
4199
3821
3731
3942
3627
3720
3890
3660
4225
3998
3861
3769
3938
4058
3741
3634
3654
3589
3624
3876
4092
3837
3352
3439
4048
3909
4079
3837
3934
3843
3683
3615
3562
3987
4142
3837
3917
3990
3820
3772
3557
3721
3684
3516
4005
3764
3966
4148
4252
3916
3974
4014
3805
3989
4368
4062
4038
3965
3926
4320
3786
4010
3721
3886
4011
3861
3734
3798
3987
3956
4231
3731
3623
3705
3627
3625
4357
4054
3582
3777
3782
4266
3732
3618
3770
3929
4190
4053
4028
3741
3838
3991
4106
4409
4099
3961
3613
3964
3539
4002
4135
4051
3872
4101
3768
4092
4580
4445
3598
3413
3811
4022
3914
3977
4089
4289
3804
4215
3671
4366
4023
3758
3705
3965
3936
3829
4183
4168
3715
4084
3819
3902
3779
3849
3858
3907
4177
3281
4226
3902
4034
4098
3916
3870
3797
3645
4272
3801
4206
3950
3550
4035
4040
4175
3783
4071
4240
3933
4262
3649
4064
3982
3389
4005
4204
3846
3891
3676
3555
3725
4274
4108
3792
4050
3897
4500
3993
3881
4010
4083
3738
3962
4128
3874
4365
3773
4014
4060
3926
3859
3957
3805
3896
4080
3607
3779
3855
4000
3715
3808
4026
4099
3900
3992
4016
3875
3870
3851
4085
4007
3882
3773
3903
4122
3952
3744
3724
3674
3933
4162
3931
3851
3678
4045
4141
4388
4282
3996
4149
4085
3865
3787
3875
4015
4191
4021
4025
4467
3816
3840
3616
3938
3746
3869
4028
3666
3841
4097
4318
3983
3918
4004
4011
4135
4250
3862
3929
4047
3760
4417
3880
4124
3896
3906
4103
4111
3844
4093
3906
4006
4362
3833
3849
3948
4091
4106
4401
4119
3853
4111
3891
4210
3828
3792
4110
4169
4132
4185
4075
3727
3743
4197
3980
4281
4143
4007
3800
4247
3347
4212
4322
4291
4133
4095
3901
4275
4719
4552
3707
3690
3936
4245
4069
4189
4031
4471
4047
4334
3910
4563
3785
3958
3912
4009
4030
3889
4274
4141
3876
4056
3951
3873
4019
3913
3869
4173
4459
3749
4271
3887
4179
4351
3981
3985
3751
4072
4387
3714
4217
4130
3878
4208
4093
4201
4079
4317
4172
4205
4446
3586
4056
3961
3776
4063
4163
3933
3837
3869
3699
3800
3958
3826
3982
4073
3874
4561
3888
3925
4168
4148
3862
3905
3941
4085
4269
4067
4046
3992
4103
3900
4281
3865
4072
4092
4066
3831
4022
4123
3751
4175
4532
4335
3749
4102
3996
4048
3995
4011
4190
4256
4211
3858
3966
4326
3619
3843
3840
3810
3741
3888
4356
3960
3658
3957
4087
4296
4306
3985
4290
4211
3831
3725
3889
4438
4220
4123
4167
4136
3913
4135
3533
4202
3944
4096
4212
3844
3560
4343
4403
4028
3839
3920
4115
4358
4328
4103
3935
4249
3865
4237
4064
4040
4079
3932
4397
3916
3891
4047
4217
4461
4367
4190
4029
4137
3908
3904
4449
3983
4016
4153
3954
4208
3883
3691
4028
4071
4404
4034
3885
4222
3899
4044
4071
4265
4042
3904
3773
4163
3794
4370
4340
4301
3978
4167
3790
4241
4706
4513
3739
3798
3887
4282
3922
4180
4410
4474
4111
4430
3780
4345
4100
3859
3871
4379
4102
4009
4309
4549
3886
4195
3931
4070
4133
4150
4183
4344
4366
3574
4391
4208
3860
4628
4192
3865
4121
3624
4294
4140
3978
4302
3801
4339
4496
4210
4155
4210
3893
4075
4412
3695
4001
4108
3805
4340
4285
3948
4036
4220
3684
4036
4445
4313
4000
4134
3781
4815
3981
3710
4080
4138
3678
4106
4063
4116
4222
4129
4079
4053
3863
3983
4136
3888
4064
4332
3870
4081
4096
4185
4106
4207
4183
4235
4272
3810
4190
4128
4175
4007
4116
4428
4402
3943
4006
4394
3871
3857
3979
4029
4121
4275
4426
3878
3970
4119
4133
4414
4426
4033
3997
4279
4075
3708
3918
4284
4375
4052
4131
4198
3919
4354
3745
4088
4055
3913
4212
3797
3983
4435
4316
3899
3990
3946
4201
4102
4281
4222
4086
4457
3892
4344
4166
4163
3959
4166
4355
4192
3770
4211
4050
4209
4605
4023
3997
3905
4079
4076
4609
4236
3942
4026
3882
4218
3992
3767
3961
4194
4314
4072
4006
4014
3792
4343
3753
4291
4351
4159
3861
4318
3530
4073
4358
4309
4146
4176
3839
4154
4782
4353
3687
3794
4029
4518
4172
4119
4088
4357
4087
4401
3951
4575
4162
4122
4015
4217
4124
4005
4428
4210
3902
4166
4102
4035
4271
3926
3931
4317
4328
3846
4329
4296
4205
4248
4332
4054
3885
3971
4614
3990
4169
4278
3991
4234
4629
4118
4206
4521
3977
4377
4429
3826
4128
4007
3838
4239
4259
3837
4079
4205
3724
4053
4331
4193
4125
4053
3999
4630
4037
3932
4235
4139
3843
3912
4049
4376
4313
4013
4135
4187
3847
4122
4189
3755
4097
4067
4120
3843
3865
4085
3837
3946
4362
4238
4118
4005
4276
4151
4154
3946
4269
4212
4197
4041
3953
4541
3948
3901
3827
3929
4145
4003
4542
3927
3526
3910
4359
4529
4188
4107
4368
4086
3893
3978
3906
4383
4366
4060
4155
4427
4167
4210
3890
4030
4075
3593
3894
3675
3683
4161
4218
3833
3755
4012
3979
4195
4368
4046
4046
4286
3980
4335
3923
4153
4021
3895
4416
4089
3855
4141
3929
4191
4208
3942
3956
3628
3759
3774
4419
3980
3645
4104
4046
4048
3786
3669
3926
4069
4040
4054
3994
3807
3974
4242
3782
4217
4216
3890
3954
4139
3589
4257
4378
4311
4182
3900
3923
4045
4757
4211
3720
3697
3978
4234
4042
4198
4200
4184
3959
4340
3929
4515
4140
3830
4014
4147
4017
3869
4194
4275
3731
4306
4091
4084
3901
3874
4069
4046
4120
3725
4250
4084
4051
4096
4080
3897
3975
3866
4592
3637
4109
3997
3769
4123
4235
4046
4032
4236
4131
3936
4307
3742
3902
3960
3798
4032
4032
3732
4143
3906
3861
3820
4308
4215
4040
4067
3681
4510
4003
3932
4140
4090
3937
3834
4016
4057
4024
3996
3854
3883
4103
3799
4056
3932
4001
4098
3962
3750
3894
4022
3871
4068
4178
4307
4104
4048
4064
4005
3865
3637
4058
4070
4187
3933
4110
4164
3740
3649
3820
3652
3694
3993
4148
3708
3556
3744
4092
4541
4329
4164
4256
4102
4017
3920
3845
4191
4391
4078
4089
4496
4260
4084
3476
4198
4002
4223
4153
4213
3732
4237
4645
4119
4245
4153
4425
4513
4702
4497
4417
4535
4001
4720
4057
4238
4331
4276
4451
4255
4025
4457
4489
4403
4579
4006
4348
3848
4308
4138
4589
4343
4202
4603
4158
4530
4048
4002
4212
4424
4449
4191
4244
4315
4049
4305
4209
4190
4223
4402
4058
4562
4140
4696
4501
4445
4498
4429
4312
4323
4871
4566
4230
4059
4069
4599
4322
4663
4653
4656
4396
4421
4235
4404
4646
4123
4208
4256
4260
4090
4435
4410
4022
4238
4155
4387
4221
4169
4181
4447
4498
3833
4369
4603
4146
4358
4115
4065
4238
3881
4761
4070
4301
4519
3686
4631
4424
4141
4420
4617
4144
4459
4655
3951
4043
4429
4035
4573
4465
4259
4176
4463
3827
4215
4598
4398
4404
4324
4018
4700
4212
3945
4454
4359
4150
3895
4418
4322
4172
4144
4209
4213
3821
4094
4102
4177
4057
4409
4238
4033
4106
4519
4132
4239
4545
4345
4336
4386
4372
4165
4610
4166
4329
4398
4458
4083
4168
4499
4069
4085
4123
3877
4212
4107
4410
4241
4013
4190
4255
4463
4633
4407
4180
4439
4320
4217
4087
4554
4638
4228
4310
4366
4325
4294
3998
4374
4284
3980
4239
3759
3832
4491
4244
4202
3946
4294
4246
4315
4649
4210
4326
4485
3988
4554
4093
3902
4122
3860
4410
4434
4041
4334
4084
4334
4439
3949
4321
3940
4309
3833
4549
4243
4151
4325
4007
4238
4042
3812
4098
4316
4252
4178
4146
3787
3946
4375
4248
4378
4352
4473
3944
4488
3737
4241
4403
4484
4220
4128
3976
4328
4724
4593
3823
3903
3936
4436
4331
4258
4630
4437
3994
4166
4207
4506
4214
4107
4234
4172
4291
4123
4114
4179
4073
4361
4209
4108
4287
4145
4152
4212
4626
3849
4269
4382
3988
4516
4265
4061
4055
4113
4378
4256
4311
4628
3945
4537
4632
4178
4116
4540
4258
4304
4323
3865
4079
4112
4125
4206
4318
4073
4176
4255
3907
4095
4302
4251
4104
4030
3946
4831
4130
3884
4525
4295
3954
4123
4323
4366
4350
4336
4270
4279
3752
4017
4198
4037
4262
4229
4033
4201
4033
4107
3962
4239
4383
4336
4353
4113
4150
4213
4296
3780
4250
4396
4200
4011
4295
4391
3967
3942
4178
3908
3982
4148
4410
4011
3713
4096
4384
4683
4459
4273
4294
4334
4055
4109
4141
4374
4482
4077
4289
4308
4176
4040
4088
4195
4430
3716
3844
3555
3675
4184
4169
3843
3683
3919
3717
4000
4006
4031
3932
4131
3601
4139
3738
3574
3697
3642
3994
3817
3681
4044
3866
3987
4112
3739
3823
3860
3823
3816
3941
4037
3634
4026
3610
4019
3770
3614
3846
3968
3999
3692
3707
3947
3647
3992
3830
3996
3843
3917
3648
4065
3402
3920
4107
4136
3757
3691
3681
3813
4418
4216
3637
3687
3627
4141
3728
4013
4123
4288
3861
4084
3926
4202
3761
3674
3946
4044
3834
3756
3972
4004
3611
3988
3595
3823
4150
3836
3857
4093
3815
3415
4184
3889
3856
4021
4007
3780
3701
3685
4444
3656
3695
4232
3594
4073
4031
4093
3998
3783
4020
4060
4019
3584
3638
3740
3388
3883
3990
3703
3700
3995
3526
3809
4084
4010
3668
3635
3621
4289
3905
3645
3893
3750
3555
3637
3815
4037
3946
3918
3973
3791
3901
3591
3751
3639
3971
3981
3743
3705
3843
3791
3765
3991
4077
3983
3953
3972
3958
3845
4013
3720
3826
4220
3834
3558
3652
4027
3697
3734
3892
3520
3749
3821
4094
3942
3471
3803
3915
4179
4219
4048
4056
4067
3596
3829
3899
4013
4090
3866
3932
4241
3753
3996
3718
3726
3644
4010
4318
4134
4083
4697
4729
4289
4217
4341
4333
4579
4847
4375
4246
4501
4436
4661
4409
4533
4077
4477
4770
4553
4327
4628
4412
4311
4811
4386
4172
4283
4200
4219
4909
4321
4415
4363
4361
4564
4258
4210
4228
4284
4458
4455
4351
4375
4458
4567
4442
4604
4452
4428
3944
4559
3872
4445
4652
4602
4389
4547
4249
4278
5022
4971
3932
4048
4237
4584
4427
4703
4450
4673
4450
4574
4425
4798
4435
4431
4600
4769
4484
4135
4410
4751
4314
4446
4351
4464
4417
4472
4532
4772
4658
4000
4732
4506
4481
4521
4441
4230
4395
4181
4840
4365
4616
4391
4102
4481
4498
4478
4470
4595
4499
4612
4529
3980
4600
4552
4228
4360
4783
4210
4509
4359
4244
4524
4639
4569
4493
4650
4262
4790
4379
4500
4610
4621
4324
4178
4515
4724
4678
4512
4586
4246
4363
4087
4194
4270
4480
4717
4405
4172
4457
4459
4214
4509
4728
4597
4331
4406
4688
4545
4540
4333
4568
4860
4725
4277
4479
4535
4162
4381
4282
4350
4365
4320
4750
4042
4043
4183
4579
4699
4632
4412
4745
4601
4227
3859
4402
4730
4681
4397
4739
4559
4190
4261
3890
4612
4239
4032
4243
3957
3904
4259
4324
3877
4058
4151
4040
4269
4455
4225
3978
4387
3747
4417
4130
4047
4180
3994
4426
4231
3898
4461
3961
4272
4582
4095
3924
3958
4158
3807
4493
4183
4013
4374
4079
4478
3864
3899
4206
4058
4191
4155
4178
3908
4076
4527
3980
4262
4335
4198
4076
4445
3818
4152
4388
4397
3990
4158
4025
4021
4542
4619
3757
3884
3922
4248
4110
4272
4239
4372
4311
4428
4053
4663
4107
4022
3904
4206
4282
3905
4368
4295
4010
4562
4169
4225
4159
4129
3984
4191
4285
3804
4487
4184
4078
4183
4156
3997
3831
3927
4580
4028
4109
4425
4065
4270
4289
4246
4140
4352
4169
4315
4332
3929
4084
4044
3846
4157
4468
4017
4190
4335
4107
4102
4348
4426
4187
3996
3865
4720
4045
4099
4180
4565
3773
4032
4237
4447
4473
4096
4170
3934
3802
4131
4216
3882
4269
4463
4120
4166
3974
3968
3886
4093
4533
4442
4180
4192
4235
4100
3999
4093
4337
4323
4293
4016
4231
4458
4015
4071
4026
3810
4107
4129
4214
3964
3948
3927
4172
4388
4450
4279
4331
4595
4015
4015
4059
4424
4415
4210
4126
4446
4210
3986
3931
4221
3854
3483
3803
3599
3595
4242
4090
3751
3603
3855
3631
3996
4240
3900
3667
3970
3557
4208
3808
3984
3850
3898
3983
3976
3739
4024
3791
3636
4290
3549
3818
3812
3867
3499
4183
3898
3700
3852
3704
4245
3911
3791
3770
3853
3976
3992
3835
3841
3843
3997
3819
4011
3882
3843
3676
3950
3671
4014
4127
3965
3771
3764
3821
3887
4450
4219
3145
3595
3710
3862
3841
3981
4051
3957
3927
4182
3761
4232
3898
3700
3758
4055
3789
3786
3764
4225
3696
4116
3844
3824
4016
3814
3566
4044
4027
3137
4017
3926
3729
3977
3740
3575
3791
3468
4279
3464
3816
4067
3544
3913
3923
3940
3719
4065
3881
3912
4099
3379
3690
3583
3682
3999
4054
3730
3865
3777
3827
3978
4084
3873
3785
3813
3548
4285
3697
3743
3846
3998
3619
3595
3970
4131
3937
3769
3849
3656
3619
3751
3784
3772
3853
4057
3634
3667
3700
3793
3567
3799
4161
4000
3841
4054
3810
4043
3846
3739
4035
3821
4009
3766
3941
4135
3952
3573
3691
3517
3617
3704
3803
3702
3476
3646
3955
4027
4067
3946
3836
4181
3562
3796
3894
4071
4109
3817
3798
4193
4037
3909
3537
4004
3893
tempo: 0.287756