200 200
3715
3665
3925
3583
4116
4088
3881
4007
3866
4145
4226
4135
4225
3849
4136
3867
4458
3758
4024
3818
3886
4244
3950
3715
4261
3931
4142
4293
3809
3536
3681
3998
3925
4330
4068
3824
4144
3819
4278
3704
3586
3881
3846
4085
4186
3928
3915
4005
4171
3764
4213
4188
3986
3713
4238
3409
4143
4159
4221
4053
4053
3853
3981
4488
4494
3832
3667
3707
4208
3679
3972
4177
4317
4109
4205
3880
4248
3990
3826
4140
4125
4048
3788
4000
3873
3764
4197
3727
3985
4201
3872
3831
4156
4246
3566
4343
4204
4053
4201
4075
3693
3866
3795
4216
3886
4133
4200
3761
4259
4226
4039
4053
4052
4199
4055
4237
3444
4071
4057
3853
4018
4201
3657
3897
3805
3699
3958
4301
4146
4068
4022
3874
4325
4031
3844
3816
4101
3917
3816
3985
4348
4091
3702
4113
4163
3927
3953
4232
3849
4117
3965
3863
3757
3663
4020
4033
4166
4175
3976
3994
3977
4112
3946
3990
4270
4086
4233
4010
3837
4051
4150
3927
3898
3717
3849
3770
3903
4276
3704
3741
3933
3998
4368
4427
4036
4064
4144
3986
3488
3811
4304
4190
4011
4216
4387
3864
3905
3696
4162
3699
4309
4305
4008
4012
4630
4436
4368
4401
4383
4267
4517
4573
4304
4296
4606
3898
4856
4284
4278
4296
3976
4663
4503
3981
4577
4282
4228
4682
4149
4293
4063
4289
3936
4888
4445
4253
4531
4348
4570
4212
4075
4452
4419
4497
4294
4205
4241
4254
4504
4290
4504
4524
4313
4248
4621
4028
4340
4529
4524
4254
4221
3922
4403
4904
4841
3792
4089
4100
4482
4062
4435
4674
4691
4311
4537
4276
4797
4390
4228
4378
4433
4379
4121
4492
4724
4139
4424
4280
4212
4520
4168
4227
4384
4672
4034
4487
4518
4415
4575
4199
4173
4011
4071
4451
4034
4464
4672
4104
4542
4628
4234
4268
4517
4378
4441
4703
3931
4518
4079
4226
4516
4487
4403
4341
4173
3942
4310
4628
4602
4116
4360
3997
4750
4530
4094
4385
4580
4051
4272
4415
4595
4595
4208
4582
4318
3910
4141
4214
4073
4273
4633
4372
4095
4193
4301
4099
4402
4507
4562
4460
4401
4197
4388
4282
4076
4542
4388
4386
4120
4479
4678
4194
4158
4097
4299
4238
4103
4430
4279
4159
4131
4399
4673
4214
3954
3951
4290
4094
3653
3797
4311
4239
4056
4163
4166
3875
4042
3668
3883
3605
3897
4073
3740
3659
4293
4325
3884
3810
3865
3769
4188
4207
4054
4030
4184
3743
4556
3725
4051
4056
3984
4199
4285
3733
4002
4131
3986
4337
3880
3887
3644
3946
3705
4509
4265
4063
4129
3594
4029
3973
3777
3783
4074
4315
4304
4099
3836
3839
4145
4087
4370
4185
3871
3731
4405
3737
4058
4222
4259
4034
4253
3776
4168
4526
4430
3477
3784
3701
4194
3921
4254
4178
4328
3939
4228
3797
4374
4059
3950
4077
4222
3943
3898
4092
4169
3750
4158
4085
4110
3862
3995
3993
4381
4417
3402
4172
4110
4047
4065
3957
3802
4016
3829
4359
4081
4139
4147
3944
4213
4164
4021
3870
4225
3932
4331
4193
3701
3947
4026
3866
4052
4345
4064
3980
3840
3618
3749
4195
4069
4092
4066
3989
4466
3865
3958
4184
4217
3696
3832
4055
4201
4372
4053
3924
4252
3842
3931
4176
3896
3993
4140
3951
3878
3835
4106
3815
3932
4294
4288
4101
4111
4121
4101
4054
3944
4311
4220
4117
4022
3810
4399
3781
3829
3769
3975
3895
3814
4271
3855
3771
3882
4218
4273
4308
4058
4268
4341
3776
3894
3908
4405
4401
3936
4105
4264
4081
3899
3681
4083
3877
3705
3790
3681
3867
3941
4046
3818
3767
3853
3911
4224
4358
3949
3635
4209
3586
4373
3714
4022
3808
3888
4235
4078
3776
3990
3858
3925
4300
3539
3635
3625
3765
3515
4239
4072
3704
4000
3704
3890
3681
3591
3567
4079
3934
4053
3853
3771
3777
3871
3807
4226
3917
3962
3683
3826
3676
3851
4153
4033
4119
4064
3783
3813
4326
4269
3561
3481
3715
3968
4020
3822
4038
4213
4110
4176
3843
4323
3790
3827
3802
4026
4088
3918
3959
4115
3738
4082
3967
3735
3870
3741
3989
3886
4005
3571
4159
4141
3754
4016
3847
3662
3902
3702
4495
3787
4070
4276
3632
4039
3926
3908
3844
4065
4034
4005
4188
3716
4036
3792
3459
3975
4209
3834
3706
4027
3725
4043
4029
4064
4029
3917
3788
4600
3920
3670
4030
3954
3597
3666
4154
3915
4261
3892
3940
4087
3980
3567
3984
3761
3925
4035
4189
3945
3807
3978
3732
4076
4098
4036
4014
3768
4030
3733
3902
4074
3970
4094
4142
3789
3727
4125
3686
3857
3979
3897
4014
3911
4129
3930
3762
3762
4186
4470
4299
4251
4215
4090
4159
3776
3999
4279
4269
4142
4044
4491
4155
4110
3452
3969
4120
4188
4077
4033
3916
4442
4582
4080
4239
4067
4093
4536
4449
4281
4090
4345
4113
4500
4169
4340
4093
4153
4679
4327
4069
4515
4243
4199
4722
4089
4297
4319
3923
3820
4863
4235
4023
4321
4075
4414
4141
3936
4278
4389
4351
4409
4306
4410
4219
4391
4110
4371
4362
4132
4199
4366
3766
4558
4715
4739
4111
4175
4007
4269
4873
4697
3782
3925
3876
4509
4366
4314
4481
4513
4302
4559
4130
4687
4288
4257
4326
4545
4296
4092
4288
4506
4154
4368
4337
4378
4269
4111
4339
4440
4565
3900
4432
4334
4455
4464
4274
4277
4227
3911
4717
3934
4390
4286
4015
4476
4450
4347
4280
4297
4258
4300
4502
4053
4292
4168
3998
4418
4415
4245
4179
4330
3804
4319
4322
4279
4282
4122
4107
4732
4386
4044
4511
4418
3888
4060
4119
4485
4436
4076
4364
4249
4229
4201
4260
4241
4502
4533
4238
4055
4002
4349
4077
4521
4400
4254
4312
4318
4171
4295
4318
4167
4418
4317
4445
4176
4392
4664
4183
4172
3998
4111
4067
4334
4528
4090
3849
4214
4319
4680
4449
4278
4378
4502
4294
3965
4177
4390
4586
4313
4238
4589
4333
4370
3770
4614
4243
3487
3900
3453
3399
3987
4026
3541
3606
3585
3828
3886
4050
3926
3960
4015
3522
3805
3562
3724
3646
3714
4091
3994
3669
3829
3625
3911
3988
3595
3413
3508
3574
3551
4000
3783
3636
3800
3724
3986
3534
3511
3471
3891
3755
3756
3617
3803
3666
3880
3714
3658
3888
3711
3444
3970
3556
3688
3901
3945
3738
3739
3557
3704
4149
3994
3368
3431
3748
3844
3699
3598
3968
3954
3767
3969
3743
4109
3855
3536
3615
3974
3784
3824
3884
4115
3818
3799
3792
3877
3783
3655
3672
3985
4094
3399
3998
3878
3683
3893
3757
3770
3669
3630
4136
3622
3820
3920
3699
3784
4015
3647
3795
3894
3887
3735
4018
3373
3646
3600
3457
3779
3874
3725
3586
3628
3572
3813
3899
3867
3888
3647
3327
4013
3967
3574
3970
3669
3473
3817
3743
3989
3953
3712
3768
3692
3670
3725
3907
3562
3722
3906
3553
3590
3530
3539
3503
3838
3990
3931
3743
3675
3546
3766
3794
3714
3911
3844
3853
3669
3693
3733
3522
3638
3519
3567
3575
3625
4075
3541
3326
3511
3735
4070
4151
3809
3983
4020
3644
3647
3692
4112
3842
3655
3859
4005
3719
3624
3592
3741
3311
3887
4154
3674
3856
4330
4422
4089
4102
3974
4178
4393
4434
4159
4129
4469
4010
4647
4242
4123
4055
4237
4411
4397
3987
4382
4070
4305
4708
4134
4145
4097
4114
3786
4643
4329
3998
4194
4093
4329
4005
3787
4179
4444
4263
4233
4128
4214
3989
4408
3969
4262
4005
4248
4037
4388
3756
4294
4434
4277
4182
4418
4079
4359
4760
4589
3668
3956
4017
4232
4119
4197
4459
4219
4205
4365
3990
4696
4247
4323
4083
4541
4192
4167
4203
4384
4324
4303
4223
4204
4375
4045
3904
4378
4539
3813
4426
4386
4248
4327
3746
4054
3906
3875
4513
4249
4329
4352
4044
4305
4413
4224
4212
4483
4160
4259
4420
3919
3992
4096
3897
4438
4321
4037
4151
4219
4044
4200
4144
4413
4254
4068
4034
4758
3939
4190
4314
4389
3911
4036
4211
4261
4564
4409
4288
4022
3890
4266
4238
4014
4188
4541
4073
3996
4077
4142
4161
4444
4450
4482
4108
4222
4189
3994
4026
4118
4191
4389
4507
4136
4202
4503
4040
3965
4100
4221
3988
4146
4512
3907
3687
3900
4299
4478
4233
4184
4536
4458
3992
3978
4056
4314
4523
4014
4232
4332
4241
4164
3963
4360
4177
4145
4196
3865
3907
4668
4367
4050
4048
4089
4077
4705
4504
4189
4175
4407
3885
4602
4196
4395
4169
4258
4478
4280
3989
4520
4429
4244
4761
4204
4193
4016
4152
3898
4668
4213
4158
4258
4240
4360
4044
4002
4144
4291
4336
4516
4082
4120
3919
4517
4160
4147
4550
4088
4091
4516
3948
4436
4889
4394
4441
4289
4170
4292
4760
4652
3906
3973
4267
4379
4343
4534
4478
4455
4489
4316
4296
4516
4234
4200
4284
4361
4597
4223
4252
4328
4027
4529
4332
4078
4396
4316
4294
4572
4432
3911
4664
4470
4248
4408
4391
4157
4295
4107
4546
3839
4308
4268
3948
4284
4268
4275
4131
4543
3995
4519
4564
4043
4084
4330
4122
4332
4459
4117
4234
4552
4088
4248
4264
4296
4360
4174
4050
4865
4157
3994
4311
4515
3932
4296
4375
4581
4449
4229
4088
4188
3918
4198
4533
3980
4354
4369
4194
4015
3951
4178
4067
4283
4549
4480
4411
4412
4276
4414
4062
4044
4364
4467
4423
4342
4209
4650
3894
4259
4162
4103
4037
4325
4692
3984
3920
4041
4416
4563
4510
4199
4196
4407
4187
4123
4185
4468
4707
4262
4426
4459
4313
4143
3807
4416
4233
3554
3677
3411
3501
3785
3883
3761
3607
3666
3677
3905
3894
4004
3710
3876
3419
3907
3361
3750
3612
3768
3946
3666
3636
3995
3603
4043
3942
3822
3490
3519
3578
3457
4057
3756
3547
3735
3625
3964
3489
3759
3963
3904
3666
3821
3623
3486
3474
3959
3621
4029
3753
3691
3549
3974
3293
3877
4080
3799
3620
3932
3597
3817
4189
4022
3354
3573
3690
4122
3625
3728
3887
4031
3823
3636
3690
4040
3796
3702
3644
4223
3710
3659
3795
3957
3629
3933
3641
3773
4193
3849
3660
3905
3854
3540
3976
3868
3739
3946
3794
3729
3433
3521
3965
3623
3778
4012
3509
3659
4151
3767
4106
3915
3853
3695
3842
3520
3787
3881
3533
3742
3914
3634
3688
3634
3612
3787
4010
3975
3797
3730
3486
4191
3771
3677
3901
3659
3353
3568
3633
3946
4024
3909
3770
3781
3564
3626
3861
3672
3533
4121
3836
3637
3557
3905
3844
3787
4110
4017
3927
4011
3785
3853
3820
3714
3882
3925
3832
3718
3740
4090
3837
3518
3650
3599
3593
3628
4156
3503
3215
3515
3726
4336
4128
3669
3631
4023
3624
3553
3544
4003
3895
3977
3907
4048
3700
3587
3474
3862
3621
3685
4167
3957
3925
4361
4585
3974
4069
4226
4076
4362
4413
4333
4078
4508
4182
4335
4221
3958
4152
4247
4399
4159
4091
4232
4086
4296
4609
3955
4129
3948
4098
4031
4589
4295
4199
4242
4062
4396
4311
3938
3934
4256
4247
4332
4175
4019
4069
4242
4230
4434
4228
4089
3891
4347
3841
4381
4579
4432
4244
4108
4213
4315
4806
4548
3800
4061
4151
4352
4340
4343
4434
4511
4310
4441
4170
4578
4157
3966
4115
4348
4344
4010
4510
4486
4014
4424
4126
3982
4474
4314
4110
4496
4204
3804
4483
4355
4081
4428
4250
3896
4432
4033
4783
3899
4176
4425
3868
4399
4595
4143
4064
4269
4405
4284
4559
3995
4282
3917
3857
4285
4530
4052
4225
4147
4022
4231
4351
4188
4055
3956
3879
4601
4261
3962
4329
4271
4055
4133
4359
4386
4489
4227
4385
4156
3943
3803
4271
3989
4346
4461
4047
4124
4107
4216
4009
4522
4345
4350
4213
4266
4140
4239
4309
4094
4430
4562
4273
4098
4149
4523
4107
4044
4193
4031
4151
4173
4584
4348
3879
3982
4248
4753
4743
4313
4300
4440
4185
4016
4178
4499
4512
4203
4233
4315
4231
4219
3977
4076
4087
3329
3799
3435
3405
3908
3982
3274
3802
3432
3540
3954
3885
3842
3670
3570
3405
4008
3453
3552
3613
3590
3800
3569
3409
3764
3696
3989
3994
3478
3706
3683
3709
3616
4188
3578
3714
3880
3842
4086
3613
3670
3653
3972
4075
3779
3817
3955
3711
3826
3710
3928
4005
3802
3742
4154
3479
3697
4174
3917
3825
3840
3761
4053
4373
4246
3523
3575
3877
3800
3883
3845
4150
4113
4058
3883
3834
4166
3891
3764
3945
4025
3880
3827
4049
4109
3724
3957
3795
3684
4048
3770
3757
3931
4022
3484
4255
3944
3947
4104
3813
3697
3622
3386
4210
3471
4008
3942
3551
4121
4047
3799
3813
4191
3780
3974
4247
3551
3760
3667
3491
3983
3866
3864
3989
3894
3470
4041
3842
3949
3733
3740
3590
4214
3662
3638
3990
3994
3642
3759
4216
3844
4195
3603
4082
3723
3556
3782
3840
3677
3927
3980
3917
3553
3670
3829
3754
4080
3981
4054
3767
3825
3892
3941
4006
3523
3941
3898
3856
3834
3817
3888
3669
3974
3693
3828
3779
3771
4022
3673
3356
3684
3977
4269
4021
3830
4005
3920
3730
3722
3873
3974
4287
3712
4166
3892
3884
3838
3652
3930
3618
4133
4261
3916
3930
4459
4599
3871
3834
4213
4026
4141
4572
4250
4123
4361
3879
4309
4027
4197
4277
4028
4288
4024
3920
4340
4233
4211
4458
3934
3908
3928
4040
3658
4587
4327
4167
4228
4097
4351
3977
3864
4239
4204
4287
4081
4306
3928
4057
4061
4251
4405
4406
4038
3962
4525
3776
4242
4277
4321
4248
4172
3965
4382
4975
4665
3950
3743
4033
4265
4195
4688
4363
4686
4158
4255
4155
4527
4202
3926
4142
4249
4010
4037
4259
4419
4156
4392
4145
3992
3977
4394
4098
4101
4333
3595
4315
4105
4048
4396
4154
3934
4201
3862
4501
3961
4361
4299
3857
4221
4362
4193
4071
4085
4077
4338
4403
4092
3853
4194
3843
4136
4493
4311
4024
4265
3900
4200
4217
4218
4094
4086
3776
4880
4366
4205
4447
4384
3732
4052
4155
4195
4321
4130
4045
4423
3955
3836
4187
3932
4094
4235
4069
3884
4023
4242
3989
4010
4151
4277
4364
4374
4114
4151
4217
3960
4175
4258
4157
4247
4325
4341
3895
3884
4060
3816
3891
3994
4268
3816
3779
4005
4346
4578
4242
4405
4358
4457
4191
3868
4016
4764
4410
4133
4132
4296
4323
4019
3613
4145
3886
3639
4046
3688
3575
4420
4227
4006
3968
3732
3701
4002
4290
4194
3886
4251
3597
4422
3840
3958
3687
3837
3963
3876
3558
4116
3861
3870
4419
3748
3910
3618
3701
3791
4368
4036
3805
4037
3847
3979
3792
3547
3849
4006
4150
4151
3863
3808
3926
4060
3757
4091
4186
3984
3764
4114
3635
4061
4054
4098
3883
4062
3734
4049
4395
4315
3595
3675
3951
4180
3987
4190
4173
4378
3981
4057
3641
4264
4010
3745
3856
4073
3845
3654
4081
4177
3601
4001
4085
4077
3850
4065
3900
4188
4284
3564
4261
3853
3972
4199
3964
3735
3759
3770
4317
3763
4110
4227
3742
4177
4203
3913
4042
4187
3714
4216
4322
3842
3922
4006
3633
3805
4172
3707
3899
3962
3680
3725
3946
4079
3806
3989
3678
4477
3910
3820
3981
4029
3776
3685
4056
3852
4099
4138
3867
4086
3785
4011
4156
3736
4052
3959
3905
3916
3988
3987
3768
4106
4313
4149
3991
3851
3991
4016
3926
3771
4101
4185
4113
3738
3872
4419
3723
3717
3920
3684
3968
4100
4208
3844
3295
3851
3874
4139
4073
3983
4164
4074
3832
3737
3864
4296
4360
3981
4103
4158
3839
3883
3559
4131
3998
3822
4104
3853
3666
4307
4506
4096
4002
3999
4179
4407
4549
4360
4026
4400
3872
4182
4247
4178
4208
4192
4241
4174
3807
4328
4198
4258
4664
3935
3853
3830
3916
3775
4397
4175
4020
4239
3937
4325
4013
3940
3927
4252
4150
4153
3978
4238
3988
4189
4296
4475
4079
4081
3871
4360
3861
3972
4417
4471
4093
4176
4063
4389
4722
4693
3873
3793
3898
4217
4086
4280
4365
4579
4188
4358
4132
4458
4236
4066
4042
4022
4100
3993
4474
4317
4144
4442
4182
4005
4092
4091
3999
4394
4391
3810
4353
4216
4049
4268
4172
4019
3982
3792
4525
3907
4283
4221
3636
4391
4159
4342
4159
4163
4216
4377
4558
3999
3907
4403
3606
4262
4143
4169
4015
4033
3843
4088
4308
4234
4097
3992
3986
4568
4121
4053
4216
4293
4041
4018
4217
4399
4226
4165
4226
4399
4140
4034
4015
3886
4171
4259
4052
4078
3887
4053
3954
4286
4242
4194
4151
4020
4153
4005
4107
4082
4202
4437
4164
4193
4254
4321
4065
4139
3926
4078
3759
4143
4395
3967
4118
4040
4431
4615
4469
4040
4298
4372
4266
3855
4179
4536
4338
4126
4333
4054
4213
4194
3752
4100
4090
4075
4280
3964
4010
4641
4501
4173
4295
4242
4262
4332
4591
4280
4270
4603
4046
4615
4164
4134
4196
4106
4580
4433
4065
4545
4238
4477
4901
4195
4007
4092
4093
4032
4647
4396
3950
4519
4100
4489
4124
3973
4181
4510
4520
4269
4292
4225
4163
4362
4185
4632
4374
4256
4070
4636
3834
4287
4610
4668
4182
4431
4113
4231
4790
4824
3994
3803
4087
4377
4256
4360
4277
4691
4460
4682
4155
4838
4480
4220
3975
4267
4427
4240
4665
4485
4149
4516
4226
4233
4295
4087
4157
4565
4465
3869
4513
4497
4054
4485
4293
4161
4031
4250
4856
4242
4440
4661
4304
4595
4662
4256
4206
4514
4531
4489
4516
3919
4287
4357
3883
4445
4632
4208
4230
4399
4092
4088
4452
4480
4246
4311
4231
4846
4333
4355
4314
4402
4077
4082
4242
4380
4734
4216
4139
4562
4251
4263
4195
4303
4300
4587
4192
4171
4202
4104
4049
4554
4507
4551
4368
4275
4248
4393
4207
4144
4451
4742
4437
4029
4266
4760
4075
3987
4215
4235
4265
4245
4436
4209
4044
4252
4466
4800
4589
4396
4561
4650
4040
4179
4210
4485
4804
4313
4532
4434
4321
4248
3864
4311
4190
3885
3817
3349
3522
4008
4194
4021
3721
3686
3741
4018
4295
3892
3811
4151
3594
4256
3712
4079
3707
3981
4086
4030
3605
4110
3795
4079
4244
3805
3521
3666
3574
3658
4178
3811
3745
3923
3802
3926
3637
3667
3494
3985
3959
3780
3850
3643
3865
4129
3780
4058
4105
3857
3697
3892
3473
4106
4222
4025
3998
4093
3673
4009
4126
4290
3430
3691
3841
4123
3610
3907
3877
4087
3725
4141
3694
4305
3675
3720
3685
4042
3559
3885
3999
4019
3751
3983
3737
3960
3840
3559
3886
4166
4120
3633
4028
4107
3939
4047
3965
3828
3663
3449
4277
3972
3850
4095
3461
3934
4019
3884
3908
3923
3570
3848
4123
3644
3796
3833
3490
3952
4124
3789
3828
3927
3725
3845
4044
3931
3748
3915
3698
4321
3641
3688
4019
3686
3703
3591
3865
4030
3992
3923
3797
3945
3605
3842
3808
3655
3711
3845
3830
3778
3740
4066
3745
3992
4151
3915
3932
3715
3999
3980
3914
3582
3827
3950
4092
3734
3793
4028
3787
3645
3757
3688
3719
3851
3940
3983
3480
3645
3766
4187
3916
3653
3750
4002
3722
3711
3893
4087
4043
3858
4033
4028
3868
3952
3687
4000
3896
3671
3955
3750
3800
4018
4204
3802
3933
3976
4017
4206
4249
4013
3772
3991
3616
4143
3680
4006
3864
3782
3844
3804
3731
3936
3808
3949
4450
3581
3597
3749
3890
3721
4256
3913
4052
4122
3873
3906
3896
3777
3969
3960
3965
4099
3768
3942
3757
4158
3733
3969
4021
3939
3647
3989
3475
4246
4400
4267
4016
4253
3933
4050
4308
4323
3606
3835
3629
4192
3952
3987
4203
4253
4019
4128
4084
4231
4073
3721
3823
4090
3872
3601
4172
4401
3744
4205
3817
3706
4088
3761
3787
3933
4212
3484
4180
4067
3767
4027
3955
3664
3856
3566
4298
3890
4094
4032
3722
4049
4247
4025
3974
4101
3919
4014
4211
3804
4081
3800
3834
3904
4281
3786
3822
4115
3756
4117
4087
3814
3755
3780
3737
4463
3909
3726
4042
3960
3654
3702
3971
3849
4212
3903
3964
3982
3554
3851
3975
3782
3970
4168
3908
3792
3681
3830
3909
4147
4388
4200
3872
3875
4008
3881
3974
3651
3836
4359
3970
3807
3949
4120
3679
3852
3669
3804
3854
3830
4051
3873
3673
4064
3935
4016
4028
4019
3865
4102
3482
3539
3705
4162
4292
3983
4293
4238
3925
4175
3881
4004
3925
3775
4104
3742
3758
4386
4374
3943
4065
3895
4083
4053
4212
4173
3850
4291
3745
4316
3691
4103
3912
3670
4101
4018
3706
3921
3813
4162
4112
3869
3906
3644
3844
3767
4257
3784
3756
4068
3966
4302
3685
3685
3994
4035
3940
3827
3907
3723
3709
3784
3883
3932
4236
3893
3897
4194
3632
3826
4197
4178
4046
3963
3817
4083
4588
4257
3554
3828
3730
4211
3941
4114
4135
4155
3891
4311
3890
4507
3970
3767
4032
3997
3926
4044
3966
4335
3934
4085
3923
4045
4213
3978
3849
4041
4200
3713
4146
3978
3932
4144
4240
3592
3895
3705
4507
3907
4106
4168
3704
4207
4289
3938
4006
4168
3779
4050
4079
3659
3696
4024
3749
4099
4120
3853
3834
4027
3602
4029
4213
4127
3812
3643
3614
4695
4019
3902
4107
4010
3569
3930
3812
4105
4128
3920
3996
3971
3595
3931
4062
3680
3843
3959
3836
3742
3900
4145
3853
4008
4251
4196
4183
4073
4082
3874
4097
3713
4143
3955
4207
4066
3898
4075
3915
3579
3892
3762
3686
3877
4217
3577
3418
3657
3952
4294
4149
4192
4087
4175
3898
3743
3723
4223
4096
4002
4024
3964
4050
4061
3750
3895
4068
3658
3933
3589
3380
4087
4186
3815
3754
3871
3910
4032
4104
4070
3852
3907
3569
4040
3629
3668
3645
3718
3942
4148
3619
3965
3730
4014
4253
3776
3797
3724
3764
3637
4161
3787
3691
4027
3567
3924
3827
3548
4028
3982
4047
3851
3837
3800
3465
3718
3709
3906
3724
3965
3774
4021
3535
3910
3884
4055
3833
3739
3526
4141
4452
4115
3616
3413
3770
4172
3702
4045
4036
4177
4139
4142
3791
4367
3954
3686
3773
4129
3700
3676
3997
4011
3792
3944
3906
4018
3874
3720
3721
4292
4226
3632
3979
3943
3874
4126
3903
3970
3992
3862
4315
3629
3847
4141
3769
3909
4312
3937
4006
3925
3858
3921
3901
3718
3780
3677
3618
3824
3933
3762
3765
3860
3404
3683
3962
3965
3865
3960
3555
4543
3899
3888
4092
4041
3285
3827
3910
3862
4242
3946
3887
4037
3850
3752
3840
3924
4041
4185
3792
3825
3528
3611
3680
3938
4053
3842
3806
3869
3685
3661
3818
3948
3920
3872
3915
3864
4043
4138
3603
3656
3763
3665
3687
3746
4203
3797
3514
3713
4020
4124
4121
3797
3903
4167
3837
3591
3670
4106
4016
3803
3807
4184
3635
3664
3618
3895
3970
3244
3586
3232
3514
3933
3726
3691
3494
3359
3255
3594
3868
3774
3506
3674
3423
4065
3537
3662
3505
3534
3803
3627
3263
3670
3552
3710
4110
3583
3458
3590
3455
3341
3894
3522
3419
3836
3597
3812
3446
3597
3491
3540
3888
3626
3568
3564
3427
3393
3774
3942
3636
3806
3461
3815
3416
3697
3721
3639
3560
3710
3438
3799
4128
4052
3281
3129
3423
3712
3539
3806
3788
3845
3724
3843
3525
3662
3602
3795
3548
3821
3798
3380
3385
3788
3365
3614
3647
3647
3776
3617
3668
3729
3938
3045
3880
3720
3648
3801
3601
3288
3474
3359
3901
3425
3872
3704
3501
3791
3624
3769
3562
3949
3586
3724
3750
3328
3714
3672
3422
3520
3986
3480
3499
3561
3269
3455
3896
3506
3493
3680
3763
3802
3623
3579
3628
3888
3484
3456
3608
3625
3865
3569
3789
3742
3302
3642
3495
3509
3389
3860
3431
3358
3379
3503
3408
3485
3836
3919
3826
3712
3580
3896
3863
3502
4039
3828
3539
3570
3667
3899
3424
3244
3418
3429
3460
3592
3808
3343
3249
3358
3763
3824
3663
3539
3614
3866
3400
3355
3670
3795
3748
3548
3760
3706
3497
3647
3104
3903
3431
3965
3798
3740
3680
4153
4221
3724
3692
3829
3944
4403
4258
4085
4137
4181
3658
4520
3848
3985
3931
3834
4203
4169
3842
4180
3987
4174
4211
4001
3859
3870
3909
3611
4267
3882
3807
4021
3854
4235
4010
3777
3952
4041
4057
4085
4201
3748
3830
4074
4260
4191
4140
3866
3756
4296
3873
4371
4343
4176
3833
4158
3917
4146
4506
4462
3867
3805
3868
4243
3897
4163
4299
4213
4130
4260
3802
4504
3888
4018
3923
4319
4163
4056
4129
4266
3757
4086
3871
3967
3986
3736
3939
4257
4204
3478
4160
4133
4170
4230
4174
4091
4004
3690
4234
3891
4059
4098
3769
4332
4252
4024
3882
3978
4020
4117
4273
3767
4090
3996
3625
4171
4266
3985
3890
4034
3759
3931
4145
4183
3841
4292
3909
4327
3882
3819
4073
4393
3804
3768
3899
4025
4243
4009
4021
4236
3881
3867
4178
3798
4215
4305
3824
3815
3882
4052
3781
4102
4348
4249
4149
3912
4038
4008
3824
3909
4169
4285
4180
3880
3981
4212
3692
3641
4019
3683
3964
4083
4188
3930
3700
3935
3963
4372
4444
3999
4133
4345
3984
3645
3982
4086
4275
4084
4160
4176
4001
3852
3680
4131
3737
3949
4147
3742
3893
4455
4639
4043
3942
3840
4190
4385
4566
4199
4280
4553
4332
4415
4161
4144
3976
3937
4448
4020
4018
4323
3892
4357
4555
4156
4098
3961
4092
4038
4482
4296
4000
4282
3943
4508
3930
3965
4031
4373
4396
4153
4119
4213
4197
4184
4268
4360
4164
4196
4098
4747
3676
4400
4266
4510
4333
4165
3856
4229
4963
4533
3818
3953
4055
4599
4227
4574
4263
4565
4130
4442
4060
4451
4237
4304
4030
4491
4016
4057
4350
4205
4065
4296
4258
4338
4281
4168
4079
4372
4487
3898
4303
4321
4359
4466
4196
4264
4016
3880
4509
3949
4446
4419
4032
4446
4467
4195
4349
4399
4185
4339
4352
4083
4138
4330
3872
4150
4345
4108
4052
4447
4033
4008
4443
4471
4218
4197
3921
4770
4028
4116
4386
4331
3860
3991
4230
4148
4286
4287
4306
4183
3868
3998
4282
4061
4096
4339
4246
4135
4079
4209
4069
4374
4570
4383
4194
4273
4055
4180
4203
3988
4365
4612
4116
4116
4037
4499
4200
4204
4312
4035
3930
3958
4464
3882
3690
4111
4146
4457
4363
4447
4475
4494
3900
4082
4065
4583
4448
4189
4219
4149
4206
4058
3954
4176
3928
4348
4378
4106
3981
4513
4668
4225
4337
4302
4252
4470
4548
4314
4247
4645
4425
4484
4349
4264
4086
4291
4503
4367
4132
4559
4249
4688
4829
4263
4137
4175
4349
4098
4757
4445
4142
4429
4319
4667
4055
4130
3994
4583
4657
4498
4396
4586
4351
4447
4351
4684
4503
4447
4150
4620
3944
4662
4786
4588
4310
4267
4168
4428
5007
4818
4100
4187
4112
4460
4420
4564
4646
4779
4365
4550
4256
4872
4230
4206
4151
4480
4312
4254
4426
4596
4120
4481
4353
4586
4488
4373
4467
4495
4664
3892
4639
4479
4284
4541
4340
4200
4457
4098
4884
4202
4450
4516
4067
4775
4791
4593
4554
4489
4410
4573
4719
3933
4332
4401
3818
4611
4596
4302
4097
4373
3916
4304
4432
4517
4309
4323
4126
4825
4336
4249
4563
4430
4057
4074
4300
4487
4684
4346
4322
4401
4279
4353
4515
4183
4307
4510
4162
4101
4260
4349
4156
4395
4785
4739
4329
4284
4227
4320
4484
4238
4576
4546
4335
4148
4467
4546
4224
4076
4049
4025
4366
4298
4709
4185
4114
4315
4484
4911
4645
4441
4419
4507
4235
4190
4061
4817
4832
4357
4526
4578
4417
4455
4007
4593
4198
3599
3930
3785
3899
4191
4329
3846
4044
4035
3777
4251
4277
4005
3996
3940
4129
4220
3839
4141
4080
3891
4170
3968
3694
4214
3946
4167
4423
3790
3903
3966
3830
4051
4307
3993
3847
4110
3917
4157
3858
3866
3842
4047
4185
4131
3885
3922
3979
4298
4131
4142
4119
3979
3759
4187
3440
4315
4388
4289
3997
4039
3723
4122
4532
4635
3776
3776
3864
4350
3957
4226
4357
4426
4129
4224
3935
4473
4038
3899
4008
4169
4154
3767
4070
4072
3813
4159
3877
4013
4242
3995
4034
4282
4326
3394
4303
3988
4236
4262
4030
3852
4102
3849
4470
3936
4132
4010
3633
4137
4067
4100
4119
4279
3879
4202
4308
3743
3695
4035
3716
3982
4404
4017
4018
4170
3788
3846
4258
4000
3882
4036
3571
4354
3866
3792
4208
4205
3942
3774
4042
3856
4224
4053
4009
3868
3791
3946
3945
3851
4129
4456
3805
3929
4045
3991
3954
4238
4434
4360
3795
4112
3999
3967
4207
3758
4157
4291
4202
3849
3902
4146
3744
3629
4092
3805
3772
4087
3992
3895
3806
3911
3986
4204
4185
3983
4098
4215
3987
3973
4021
4072
4437
4085
4201
4594
3891
4084
3634
4168
3801
3814
4063
3802
3691
4148
4234
3765
3776
3912
4054
4357
4500
4153
4081
4133
3759
4359
3956
4170
4079
3963
4164
4224
3842
4276
3871
4270
4278
3827
3687
3717
4176
3586
4543
4145
3947
4267
4006
3991
3819
3783
3972
4153
4154
3996
4275
3922
3854
4045
4027
3943
4330
4015
3824
4300
3663
4231
4317
4044
4064
4090
3938
4185
4518
4277
3861
3759
3899
4102
3859
4038
4293
4341
4168
4139
4179
4521
3974
3915
3847
4095
4007
3981
4067
4112
3971
4131
3858
3937
4062
3792
3700
4287
4290
3550
4123
4000
3945
4277
3989
3796
3843
3649
4323
3897
4206
4337
3889
4229
4256
3826
4100
4307
3882
4147
4370
3773
3926
3796
3802
4174
4097
3944
3755
3915
3712
3945
4157
4167
3880
3973
3791
4720
4048
3807
4083
4095
3641
3848
3943
4212
4239
3927
4174
4020
3609
4024
4051
3758
4068
3926
3956
3666
3658
3993
3873
4066
4154
4147
4122
3936
4152
4036
3958
3894
4207
4095
3880
3949
3882
4236
3681
3953
3921
3760
3848
3833
4248
3885
3589
3773
3995
4360
4076
4050
4005
4220
3823
3731
3967
4262
4260
4014
4044
4352
3877
3890
3750
4034
3840
tempo: 0.219906