100 100
1757
2299
2129
2272
2047
2051
2098
2155
2310
2384
2064
1851
1849
1970
2036
1762
2105
2024
2144
2058
1927
2206
1920
2276
2191
2200
2470
1945
2258
1983
1924
2478
2444
2108
2257
2178
2057
2112
2056
2166
1921
1980
2156
1994
2251
2115
2147
2191
2221
2018
2346
2311
2153
2095
1883
2010
2081
1743
1865
2210
1958
2226
2079
1894
1991
2063
2262
2128
1965
2263
2196
2099
2136
2244
2141
2341
2353
2225
1981
2143
2220
1994
1910
2030
2142
2242
2344
2214
2074
2060
2137
2040
2199
2116
2013
2181
2084
2006
2130
2234
1838
2317
2151
2085
2070
1982
1886
2181
2185
2373
1757
1901
1958
2096
1990
1864
1913
2012
2093
1927
1867
2150
1921
2170
2138
2307
2323
2000
2222
1809
1890
2446
2264
2045
2086
2074
1952
2146
1881
1934
1885
1907
2029
2114
2423
2207
2128
2106
2111
2173
2431
2121
2042
2090
2005
2191
2007
1758
1773
2103
2018
1985
2172
1775
1984
1946
2161
2121
1941
2273
2157
1974
2289
2139
2223
2235
2108
2114
2004
2069
2095
1874
1803
1894
2193
2269
2393
2153
2175
1938
2141
2080
1979
2156
1965
2108
2153
1902
1844
2088
1811
2255
2073
2054
2050
2055
2294
2217
2179
2331
1939
1874
2073
2020
2051
1866
2009
2046
2115
1959
1992
2227
1920
2188
2266
2250
2234
1885
2299
2046
2197
2330
2373
2190
2322
2101
2187
2011
2156
2150
1943
1841
2138
2366
2199
1911
1980
2300
2031
2211
2525
2224
1995
2094
2061
2091
1960
1955
1793
2221
2005
2223
2249
1828
1973
1883
2245
2106
1947
2290
2256
2084
2098
2141
2177
2280
2162
2277
1971
2129
2179
2045
2014
1873
2329
2366
2298
2092
2066
2002
2260
2112
2296
2173
2263
2222
2164
1956
1898
2137
1844
2120
1986
2103
1793
1817
1774
2055
2295
2303
1745
1836
1721
1747
1815
1742
1912
1914
1943
1810
1815
2112
1893
1993
2014
2006
2208
1668
2082
1928
1790
2263
2186
1829
1993
1877
1943
1852
1771
1901
1870
1746
1872
1972
1993
1695
1925
1908
1851
1699
2106
2116
2032
1983
1933
1832
1884
1625
1584
2004
1816
2121
2107
1648
1693
1916
2301
1913
1593
2105
1964
1942
2001
1980
1982
2111
1848
2005
1881
2099
1937
1857
1587
1780
1934
2125
2223
1812
2014
1939
1896
1768
1905
1839
1863
2240
1895
1855
1813
1743
1747
2360
2016
2177
2045
1985
1849
2162
2115
2272
1759
1933
1907
2089
2014
1869
2004
1982
2028
1916
1710
2072
2036
2157
2090
2091
2131
2065
2218
1943
2074
2210
2376
2139
2223
1947
1997
1928
2015
1965
1917
1962
2103
2106
2189
1933
2062
2090
2020
2076
2348
2088
2026
2095
2054
2072
1903
1796
1590
1830
1974
2065
2139
1725
1866
1871
2097
2091
1806
2095
2199
1977
1984
2105
2271
2116
1831
1973
2136
1915
2052
1856
1841
1717
2096
2034
2379
1976
1941
1890
2185
1969
1942
1917
1859
2082
2033
1911
1906
1938
1946
2414
2203
2435
2131
2024
1944
2301
2374
2346
1884
2060
2082
2016
2005
2009
2149
2054
2227
2128
2003
2204
2126
2257
2238
2277
2353
1882
2330
2134
1887
2413
2546
2117
2082
2095
2338
2056
2175
2166
1968
2028
2155
2088
2271
2022
2201
2032
2070
2105
2468
2129
2289
2029
2055
2139
2102
2051
1876
2136
2126
2151
2402
1955
2038
1923
2305
2092
1941
2224
2163
2045
2268
2252
2148
2216
2035
2236
1996
2215
2080
2011
1861
1828
2230
2218
2351
2033
2291
1921
2233
2098
2062
1935
1991
2208
2214
2071
1934
2228
1761
2336
1922
2075
1907
1995
1862
2087
2137
2338
1984
1858
1890
2079
2074
1793
1852
2049
2002
1958
1738
2175
1949
2084
1992
2083
2071
1786
2049
1991
2133
2420
2439
2109
2146
2097
2123
2041
2063
1951
1827
2023
2056
2146
2277
1836
2023
2053
2031
2171
2219
2208
2169
2109
2071
1950
1842
1849
1719
2083
2024
2005
2250
1724
1816
2005
2174
2039
1797
2255
2124
2038
2140
2188
2027
2226
2062
2049
1876
2146
1979
1816
1915
1821
1876
2119
2191
2109
2062
2041
2198
1964
1971
2057
2041
2124
2056
1825
2006
1967
1767
2347
2217
2261
2015
2032
1911
2120
2291
2381
1815
2145
2135
2211
2191
1978
2057
1975
2064
2162
1709
2245
2100
2088
2235
2245
2203
1968
2324
2204
2122
2304
2394
2183
2205
2093
2038
1977
2219
2085
2053
1946
2128
2141
2271
2060
2170
2265
2090
2097
2254
2185
1994
2153
2023
2157
1974
1765
1703
2224
1996
2036
2144
1905
2099
1922
2223
2023
1952
2280
2333
2016
2095
2148
2255
2209
2148
2187
2109
2169
2224
1858
1883
1843
2040
2157
2386
2117
2179
1911
2287
1954
1979
2110
1915
2197
2125
1924
1867
2041
1628
2113
1855
2136
1846
1825
1686
2058
2200
2069
1560
1658
1742
1749
1952
1789
1988
1854
2148
1840
1694
1982
1800
1815
1961
2106
2296
1698
2109
2008
1688
2214
2388
2005
2023
2010
1960
1827
1961
1895
2013
1706
1889
1865
2007
1918
2018
2070
2214
1960
2129
2139
1916
1956
1906
1840
1946
1643
1737
1907
2007
2027
1989
1674
1860
2022
2135
1967
1660
2121
2129
1947
2095
1969
2039
2144
1940
2038
1640
2021
2083
1833
1932
1881
1849
2086
2077
1971
2199
1978
2076
1869
1836
1954
1955
1809
2108
1791
1901
1927
1686
1974
1762
1842
1626
1692
1578
1869
1972
2009
1511
1708
1693
1714
1736
1690
1757
1811
1768
1806
1696
1951
1724
1770
1978
2008
1939
1718
2088
1764
1738
2041
1949
1871
2002
1899
1713
1694
1750
1696
1775
1610
1844
1725
1913
1678
1765
1882
1864
1853
1939
1900
1724
1805
1751
1865
1843
1501
1564
1661
1738
1955
1883
1657
1641
1726
1991
1717
1654
1848
1795
1689
1823
1755
1958
1950
1848
1731
1866
1968
1915
1649
1631
1722
1790
1980
1894
1721
1833
1731
1844
1660
1777
1762
1773
1748
1964
1698
1786
1613
1883
2291
1954
2302
2049
1938
1886
2122
2192
2376
1957
2076
1912
2047
2025
1810
1950
2122
2195
1945
1852
2057
1960
2308
2194
2139
2150
1938
2295
2068
2037
2472
2237
1977
2264
2105
2026
1994
1960
1998
1844
2165
2218
2042
2220
2101
2170
2142
2092
2182
2336
2164
2001
2171
2011
2179
1932
1754
1724
1962
2192
2010
2330
1798
1930
2110
2288
2096
2011
2264
2109
2072
2108
2234
2169
2263
2156
2149
2070
2110
2068
1832
1944
1736
2185
2122
2371
2199
2087
2094
2115
2077
2098
1932
2077
2171
1966
1945
1966
2016
1851
2192
1962
2086
1929
1973
1901
2024
2300
2234
1859
1885
1984
1792
1986
1780
1908
1855
2171
1916
1729
2226
2000
2098
2126
2100
2127
1935
2187
2090
2087
2296
2145
2044
2132
2019
2008
2045
1953
1952
1884
1911
1872
2061
2138
1951
2043
2176
2117
2187
2244
2240
1977
2180
1998
2146
1865
1603
1644
2126
2201
2048
2017
1735
2012
1871
2246
1948
1895
2281
2200
1959
2030
2168
2286
2283
2056
2132
2040
1998
2279
1794
1790
1826
1975
2111
2186
2006
2125
1981
2240
1944
1970
1954
2029
2083
2047
1839
1700
2117
1772
2227
1915
2146
1905
1921
1747
2045
2128
2149
1775
1861
1736
2018
1985
1733
1852
1878
2010
1886
1635
2041
1780
2004
1972
1951
1990
1755
2096
1941
1795
2345
2240
1965
1965
1890
1974
1973
1963
1976
1911
1946
2051
1829
2111
1817
1967
1982
1840
1835
2026
1826
2158
2015
1781
2042
1877
1646
1636
1918
1873
1870
2026
1794
1832
1859
2203
1909
1837
2156
1895
2017
1921
2089
2096
2190
1955
1904
1712
2028
1905
1823
1822
1630
1804
2051
2249
2118
1899
1901
1976
1859
1894
1879
1768
1956
2176
1888
1816
1920
1991
2503
2276
2416
2345
2260
1909
2292
2259
2573
1751
2276
2211
2293
2135
1931
2246
2086
2307
2154
1877
2388
2092
2223
2435
2424
2344
2025
2279
2193
2193
2338
2573
2468
2288
2283
2339
2155
2190
2195
2026
2051
2330
2268
2353
2161
2071
2236
2092
2346
2580
2380
2210
2123
2110
2360
2155
2103
1804
2353
2255
2097
2369
2029
2240
2032
2406
2030
2092
2418
2375
2165
2350
2447
2445
2396
2224
2335
2146
2139
2357
2022
1883
1927
2267
2398
2409
2240
2306
2005
2414
2244
2261
2287
2035
2338
2204
2115
1927
2211
1743
2255
1986
2079
2011
1828
1811
2011
2211
2197
1757
1992
1796
2005
1985
1759
1970
1995
2134
2095
1745
2077
1782
2069
1992
1940
2042
1696
2114
2100
2032
2253
2239
2191
2118
2044
1971
2021
2036
2062
1765
1849
1854
2047
2004
1785
1875
2012
2070
1905
2062
1943
1984
2092
2019
2103
2001
1796
1703
1878
2146
1842
2144
1852
1850
1960
2201
1925
1659
2283
2089
1943
2006
2176
2124
2276
2041
1947
1960
2074
2175
2003
1900
1638
1898
2033
2130
2049
2116
1967
2085
1916
1881
1895
2084
2115
2049
1887
1888
1834
1656
2073
1760
2081
1917
1989
1814
1761
2051
2037
1548
1854
1788
1904
1843
1692
1801
1963
1933
1777
1772
2065
1701
1973
1930
2009
2018
1747
2061
1984
1957
1980
2039
1921
2023
1831
2059
1890
2047
1914
1882
1876
1953
1888
1942
1750
1821
1776
1872
2042
2032
1970
1893
1874
1937
2008
1956
1611
1622
1811
1956
1862
1963
1693
1902
1813
2074
1907
1688
2181
1881
1916
1952
2092
1977
2109
2004
2028
1823
2012
1886
1897
1751
1746
2058
1993
2044
1995
1842
1698
2180
1912
1933
1930
1935
1816
1880
1865
1853
1891
2054
2651
2258
2307
2256
2183
2051
2240
2344
2529
2096
2182
2140
2220
2123
2007
2018
2174
2227
2126
1974
2639
2215
2320
2328
2201
2444
1946
2293
2177
2056
2627
2565
2504
2261
2220
2188
2240
2360
2212
2073
2095
2225
2310
2393
2020
2075
2186
2108
2260
2345
2258
2313
2100
2138
2178
2314
1994
1798
2267
2076
2244
2421
1990
2150
1954
2508
2236
2078
2295
2351
2209
2441
2256
2426
2486
2239
2261
2072
2239
2260
2101
1985
2099
2181
2151
2396
2374
2459
2010
2462
2073
2131
2257
2090
2324
2333
1934
2145
2307
1969
2569
1996
2352
2045
2036
1949
2040
2293
2510
1835
2174
2073
2100
1970
1940
1888
2120
2177
2102
2115
2368
1902
2135
2158
2226
2147
1951
2293
2213
2028
2624
2531
2053
2215
2162
2034
2221
2180
2036
1995
2045
2050
2179
2240
2081
1875
2238
2135
2162
2247
2072
2300
2358
1968
2199
2024
1890
1841
2194
2197
2061
2273
1965
2003
2100
2280
2090
1926
2342
2289
1987
2187
2262
2292
2210
2201
2216
2129
2139
2069
2036
2015
1710
2183
2179
2394
2092
2098
1954
2224
2109
2124
2059
1993
2194
2074
1976
2036
1986
1940
2513
2122
2300
2023
2017
2010
2281
2331
2517
2095
2079
1868
2108
2123
1901
2101
2039
2223
2185
1889
2302
2085
2243
2246
2456
2161
1785
2267
2184
2067
2465
2492
2168
2171
2264
2208
2167
2170
2124
1970
2083
2174
2102
2187
1979
1995
2139
2266
2165
2284
2181
2186
2180
2085
2372
2021
1899
1752
2173
2196
2164
2350
2022
2040
2194
2402
2120
1966
2282
2073
2090
2204
2317
2218
2438
2167
2232
2094
2177
2051
1906
1958
1918
2316
2279
2376
2232
2213
2012
2366
2138
2108
2173
2067
2254
2259
1971
1858
2095
2166
2666
2332
2434
2283
2226
2093
2460
2485
2680
2111
2110
2196
2330
2469
2137
2309
2351
2346
2174
2176
2630
2084
2420
2540
2364
2608
2079
2521
2300
2126
2732
2648
2613
2459
2322
2422
2217
2291
2257
2298
2153
2467
2343
2500
2267
2340
2502
2460
2408
2628
2506
2547
2373
2477
2353
2375
2036
2004
2174
2331
2501
2551
2052
2283
2380
2786
2371
2173
2529
2639
2375
2520
2461
2562
2725
2276
2362
2230
2488
2444
2266
2231
2205
2310
2588
2474
2380
2609
2333
2477
2274
2426
2419
2265
2423
2513
2188
2186
2199
1695
2302
2063
2247
1934
2212
1977
2130
2128
2125
1832
1836
1941
1973
1877
1745
1834
2029
2048
1919
1768
2152
1896
2169
2148
2079
2185
1821
2029
2153
1906
2370
2384
2222
2078
1970
2070
1966
2163
2174
1912
1944
2043
2035
2228
1840
1954
2055
2158
2015
2298
2148
2155
1895
1920
2029
1846
1935
1700
1986
1946
1902
2215
1796
1807
1941
2260
2140
1785
2148
2148
1905
2168
2119
2227
2222
1962
1916
1912
2071
2134
2072
1837
1816
1923
1940
2185
2094
2212
1862
2102
2070
1944
1861
2115
1963
2152
1866
1842
1991
1830
2118
1995
2063
1865
1924
1770
2040
2157
2246
1856
1924
1762
1929
1817
1767
1881
2049
1985
1838
1795
2077
1860
2085
2046
2094
2170
1851
2086
2043
1920
2403
2307
1969
1947
1980
2058
1906
1870
1950
1839
1849
1913
1961
2150
1745
1898
2016
2112
1843
2208
2100
2001
2029
2038
1906
1988
1586
1691
1895
1819
2033
2174
1885
1832
1887
2364
1907
1610
2237
2038
1912
2201
2264
2030
2189
1947
2073
2011
2141
2075
1852
1718
1829
1984
2042
2195
1946
2139
1972
2057
2058
1802
1850
2001
2044
2071
1835
1840
1805
1746
2038
2024
1993
1880
1792
1918
2063
2161
2131
1663
1825
1811
1984
1947
1811
1999
1880
2047
2084
1804
1972
1643
1998
1955
2040
2044
1840
2084
1996
1845
2362
2314
2009
1867
1888
2009
2030
1981
1884
1821
1989
2084
1877
2010
1832
1898
2085
1933
1834
2232
1981
1931
1981
1965
1904
1974
1828
1846
1932
1945
1934
2021
1753
1786
1707
2030
1963
1871
2078
2185
1965
2085
2085
2085
2045
1959
2090
1955
2145
2061
1863
1828
1662
1926
2180
2160
2017
1948
1836
1943
1914
1875
1845
1852
1774
1911
1751
1814
2038
1807
2171
2011
2156
2024
1987
1964
2117
2248
2313
1707
1989
1837
1998
1904
1869
1994
1906
1999
2008
1913
2276
1724
2033
2153
2149
2289
1915
2143
2012
1946
2273
2372
2140
2121
2082
2111
2031
1992
2015
1915
1892
2140
2098
2076
1881
1951
2028
2118
2038
2242
2092
1965
1983
2059
2031
2081
1877
1763
2120
1947
2058
2165
1735
2029
1873
2229
2036
1891
2291
2131
2102
2083
2263
2257
2285
2059
2309
1949
1949
2226
1947
1776
1834
2098
2072
2336
1900
2058
1884
2106
1979
2090
2061
1990
2090
2193
1932
1948
2152
1800
2397
1934
2319
2013
2029
1783
2050
2242
2287
1818
1880
1870
1948
1950
1785
1985
1895
2117
1768
1891
2181
1846
2060
2044
2078
2280
1949
2001
1871
1906
2308
2304
2161
2157
2034
2145
2070
2028
1760
2017
1944
1946
2021
2204
1878
2102
2078
2192
2092
2281
1997
2050
1995
1934
1944
2024
1801
1749
1999
2035
2044
2151
1791
1907
1786
2150
2145
2045
2268
2187
2023
2117
2231
2332
2183
2046
2231
1886
1939
2062
1770
1890
1775
2035
2120
2358
2096
2256
1711
2191
2052
1823
2009
2056
2027
2228
1879
1965
2191
1972
2208
1976
2311
1958
1949
1856
2036
2124
2377
1834
1854
1995
1998
1916
1970
1861
2005
1953
1886
1934
2272
1893
2072
2146
2158
2296
1861
2145
2040
1891
2262
2268
2082
2278
2037
1980
1971
1896
1941
1850
1984
2045
2196
2134
2055
2039
2125
2107
2141
2455
2254
2067
1937
2092
1918
1966
1752
1807
2056
1847
2064
2198
1746
1933
1879
2187
2080
2002
2301
2175
1879
2121
2183
2261
2154
2076
2214
2006
2071
2214
1756
1882
1903
2009
2066
2272
1914
2186
1910
2161
2003
2203
2059
2025
2079
1957
1898
1985
2068
1618
2058
1938
2115
1807
1743
1795
1972
2012
1987
1696
1884
1781
1888
1907
1634
1760
1855
1988
1860
1678
1966
1929
2087
2022
1970
2152
1729
1934
1868
1819
2069
2232
1888
1982
1792
2208
1686
1891
1939
1825
1799
1927
1952
1987
1948
1978
1900
1880
1923
2088
1929
1800
1843
1727
1938
1782
1669
1547
1812
1879
1944
1975
1666
1841
1817
2217
1928
1607
2002
1774
1952
2124
1953
2052
2044
1912
2052
1871
1920
1943
1730
1741
1728
1971
1956
2031
1941
2043
1788
1935
1771
1898
1840
1916
2027
1955
1776
1779
1914
1843
2262
1951
2137
1920
1904
1747
2111
2178
2251
1875
1942
2005
2063
1909
1838
2006
1879
1971
2023
1683
2091
1837
1986
2009
1919
1882
1727
2005
2041
1870
2354
2306
2089
1920
2062
2164
2053
1963
1973
1799
1857
2082
2085
2169
1894
2025
2019
1911
1907
2246
2093
2102
2091
1983
1910
1918
1709
1781
2074
2125
1943
2252
1787
1918
1804
2290
1999
1834
2144
2233
2043
2199
2150
2005
2142
1945
2231
1945
2032
1920
1833
1711
1765
1904
2076
2173
2078
2062
1898
2121
1980
1866
1868
1872
2144
1992
1694
1963
2038
1822
2108
1833
2136
1868
1878
1852
2252
2230
2290
1807
1818
1815
1922
1917
1819
1927
1863
2106
1918
1864
2148
1786
2073
1988
1966
1971
1621
2051
1945
1802
2251
2300
2141
2096
2060
2133
1947
2028
1980
1747
1863
1960
2092
2068
1831
2006
2154
1887
1922
2285
2026
2034
1984
1820
2070
2001
1748
1851
2015
1872
2022
2152
1837
1967
1895
2365
1910
1833
2299
2126
2011
1968
2030
2093
2243
2006
2183
1931
1889
2037
1970
1873
1719
1996
2229
2176
2138
2147
2118
2065
1939
1997
1910
2033
2125
2126
1808
1794
2001
2008
2348
2106
2327
2190
2104
1818
2228
2249
2536
1772
1957
1856
2035
1950
1918
2045
2068
2182
1873
1872
2293
2033
2097
2305
2325
2374
2006
2124
1944
2114
2297
2342
2071
2146
2154
2025
2030
1838
2061
2108
2023
2248
2102
2312
2167
2001
2068
2277
2217
2367
2168
2097
2062
2192
2060
2052
1844
1846
2309
2172
2008
2271
1745
1946
1971
2355
2128
2028
2234
2179
2022
2224
2126
2278
2157
2207
2251
2047
1975
2049
1794
1852
1987
2011
2261
2390
2065
2302
1952
2226
1995
2096
2086
1987
2114
2001
1912
2013
2165
1721
2062
1590
2013
1740
1727
1658
1858
2010
2229
1834
1842
1749
1815
1795
1584
1843
1904
1947
1719
1855
2087
1717
1989
1997
2032
2088
1590
2053
1943
1948
2159
2295
2106
2136
1959
1933
1806
1925
1906
1840
1741
2005
2029
1974
1682
1812
2077
1964
1949
2143
2021
1948
1852
1847
2004
1874
1602
1534
2010
1873
2067
1938
1670
1803
1807
2149
2007
1734
2244
2066
1819
2011
2117
2065
2158
1838
1963
1923
1900
2058
1832
1726
1623
1967
1971
2064
2009
1897
1695
1858
1762
1918
1952
1907
2045
2019
1812
1854
1965
1950
2290
2124
2216
2182
1962
1782
2041
2190
2254
1914
2098
1860
2016
1963
1809
1873
2160
2163
1934
1716
2193
1964
2107
2184
2204
2321
1946
2295
1952
1915
2401
2345
2249
2264
2060
1867
2076
2061
1854
1847
2087
2119
2092
2068
2090
2110
2329
2096
2014
2295
2001
2079
2059
1974
2195
1928
1870
1599
1989
2039
1984
2067
1776
1928
1898
2301
2138
1993
2225
2177
1907
2081
2261
2237
2235
2029
2011
2094
2105
2082
1844
1850
1818
1974
2163
2403
2121
2132
2058
2148
1843
2058
1944
1867
2141
2095
2061
1753
1975
1841
2418
1908
2180
1900
1787
1852
2034
2309
2201
1790
1790
1741
1970
1902
1901
1962
1875
1866
1953
1930
2104
1833
1898
1964
2069
2227
1775
2118
1955
1834
2388
2320
2076
2230
2115
1977
2061
2021
1811
1857
1878
1847
1999
1834
1788
1879
2184
2243
1888
2087
2086
2088
2122
2014
2016
1920
1759
1695
2023
2094
1977
2033
1755
1779
1918
2289
2067
1815
2181
2145
1940
2061
2139
2099
2112
1974
1990
1878
2090
1965
1847
1897
1815
2045
2149
2264
1912
2032
1751
2099
1945
1859
2060
1962
1979
2087
1744
1935
1964
1769
2332
2022
2313
1967
2032
1849
2126
2223
2540
1803
1815
2034
1976
2031
1953
1999
2041
2022
1991
1846
2333
1979
2100
2163
2159
2113
1941
2019
2128
1947
2314
2297
2161
2025
2010
2065
1925
2014
2009
1977
2005
2093
2123
2258
1878
1880
1990
2053
2080
2199
2057
2141
2029
2077
1977
1881
1819
1810
2062
1958
2057
2314
1658
1891
1960
2213
2009
1938
2177
2270
2020
2049
2190
2295
2262
2185
2095
2105
2036
2080
1932
1894
1923
1963
2130
2341
1997
2121
1910
2132
2090
1966
2033
1951
2013
2152
2008
1879
2208
1494
2163
1810
2002
1796
1771
1662
1874
1983
2167
1620
1779
1790
1972
1865
1673
1771
1796
1936
1811
1699
2075
1720
1838
2002
1873
1927
1633
1818
1996
1805
2071
2188
2066
1903
1855
2054
1870
1920
1848
1785
1695
1830
1947
2008
1746
1734
1878
2030
1940
1874
1821
2051
1798
1927
1949
1960
1679
1665
1863
1776
1880
2042
1741
1768
1863
2036
1850
1558
2152
2031
1905
1893
2004
1998
2056
1888
1913
1821
1865
1936
1861
1711
1629
1810
1941
2017
1911
1958
1810
1909
1840
1725
1842
1798
1831
2033
1777
1685
1849
1884
2159
1961
2154
1794
1868
1945
2103
2199
2164
1817
1860
1708
1831
2036
1712
1922
1826
1853
2122
1634
2139
1983
1944
2002
2005
2010
1748
2266
2089
1842
2167
2253
1975
2241
2123
2022
1870
2023
2133
1849
1765
2085
1963
1998
1744
1925
2074
1918
1827
2150
2110
1932
1908
1982
1934
1819
1620
1702
2047
1850
2067
2100
1858
2055
1848
2328
1801
1830
2175
1929
1991
1949
2067
2042
2255
2036
1935
1865
2005
2003
1921
1919
1915
1894
2047
2083
2006
2102
1861
2035
1922
2039
1931
2008
2013
2019
1890
1854
2051
1930
2399
1851
2178
1989
1872
1777
2044
2068
2264
1787
1752
1811
1796
1923
1776
1859
2106
1965
1916
1803
2244
1956
1824
2030
2009
2086
1937
2207
1915
1897
2432
2302
2169
2149
2225
2030
2143
2031
1959
1995
2002
1973
1990
1998
1953
2012
2042
2138
2032
2006
1992
2155
2137
1980
2033
2134
1779
1749
1994
2040
1965
2246
1657
2010
1950
2285
2090
1865
2117
2053
1867
1942
2149
2250
2187
2085
2087
1939
2051
2070
1865
1833
1955
1964
2142
2218
2015
2094
1923
2117
1853
1938
1859
1806
1852
2029
1833
1883
2163
1647
2255
1890
2139
1903
1809
1803
2139
2077
2208
1688
1775
1880
2012
2066
1751
1879
1887
1978
1814
1751
2142
1832
1867
2045
2042
2121
1717
2189
1956
1787
2240
2368
2021
2085
2007
1944
1825
1876
1848
1811
1750
1999
1893
2051
1887
1929
2137
2121
1995
2150
2073
1884
1957
1863
1954
1845
1661
1636
1979
1916
1918
2035
1832
1862
1929
2198
1873
1806
2173
2121
1954
2089
2103
2068
2209
1947
1909
1893
1845
2142
1906
1693
1861
2008
1927
2190
1853
1864
1838
1951
1807
1882
1920
1686
2095
2018
1788
1838
1866
1966
2391
2163
2166
2167
2026
2122
2179
2129
2239
1900
2023
2022
2018
2127
1955
1981
2152
2265
1967
1860
2369
2073
2140
2136
2271
2334
1968
2289
2086
2084
2463
2417
2335
2195
2199
2226
2148
2102
2175
2041
2104
2248
2261
2241
2078
2091
2082
2051
2366
2461
2109
2008
2153
2189
2097
2230
1975
1751
2156
2086
2178
2339
1820
2101
1998
2316
2153
2003
2317
2229
2135
2146
2339
2264
2345
1997
2303
2213
2222
2346
1979
1817
1897
2294
2218
2276
1937
2161
1952
2167
1991
2189
2015
1927
2172
2006
1932
1899
2158
1776
2169
1888
2295
1975
1887
2069
2100
2240
2208
1791
1920
1902
1894
1834
1874
1865
1996
2167
2026
1919
2244
1815
2080
2105
2120
2256
1820
2148
1932
1909
2339
2615
2098
2163
2044
2218
1897
2012
1918
1885
1979
2157
2179
1960
1930
1942
2157
2006
2092
2287
2119
1921
1913
2117
2011
2089
1818
1761
2083
2067
2080
2181
1816
1840
1960
2359
2160
1841
2193
2162
1990
2271
2158
2061
2246
1887
2249
1818
2048
2138
1807
1978
1807
2103
2116
2234
1974
2117
2007
2136
1990
2026
2104
1978
2091
2107
1940
1988
2076
1853
2286
2139
2297
2062
1946
2036
2230
2204
2398
1858
1944
1917
1991
2054
1874
2066
2202
2117
2078
1864
2156
2050
2181
2215
2358
2382
1938
2309
2019
1879
2520
2564
2212
2183
2266
2104
2106
2118
2169
1880
2058
2035
2228
2097
2131
1982
2149
2221
2122
2387
2093
2110
2133
2093
2074
1923
1779
1956
2098
2003
2096
2356
1933
1905
2036
2254
2044
1930
2281
2064
2062
2220
2265
2251
2246
2282
2284
2144
2159
2119
1919
1849
1969
2288
2286
2546
1972
2128
2015
2097
1927
2167
2122
1887
2148
2101
1957
2024
2215
1800
2282
1877
2293
1857
1972
1761
2072
2008
2212
1737
1752
1833
1870
1924
1904
1847
1930
2036
1711
1611
2105
1961
2006
2052
2125
2073
1881
1935
1822
1995
2057
2385
1969
1903
1907
1987
1883
1731
1758
1675
1942
1999
1941
2001
1765
1909
1786
2022
2019
2261
1991
2023
1901
2013
1939
1870
1695
1764
1883
1917
1874
2043
1632
1626
1668
1999
1946
1848
2094
2082
1782
1982
2049
2088
2090
1765
1950
1886
1746
1949
1747
1739
1575
1823
2017
2112
1930
2049
1807
2144
1964
1767
2056
1930
2049
1918
1674
1752
1926
1956
2567
2218
2325
2138
2222
2088
2306
2561
2477
1938
2034
2014
2073
2092
1956
2223
2141
2266
2104
1998
2498
2005
2318
2235
2178
2399
1959
2342
2259
1971
2584
2549
2376
2361
2339
2112
2380
2278
2307
2109
2027
2206
2346
2384
1948
2156
2283
2264
2180
2382
2289
2270
2150
2242
2174
2306
1927
1846
2219
2068
2136
2233
1987
2205
2286
2436
2281
2003
2494
2393
2222
2346
2258
2369
2495
2125
2374
2252
2267
2420
2279
2005
2085
2262
2186
2436
2281
2382
2149
2191
2202
2132
2132
2202
2217
2343
1982
1981
2183
1858
2274
2237
2247
2180
1920
1939
2213
2379
2514
1762
1953
1883
2053
2088
1957
2156
2025
2245
2096
1921
2238
1961
2313
2263
2149
2312
1856
2210
2067
2018
2466
2598
2219
2061
2127
2262
2042
2131
2108
1886
2071
2061
2165
2167
1813
1922
2156
2149
2093
2387
2158
2151
2064
2051
2119
2056
1911
1863
2131
2190
2155
2248
1774
2085
1976
2426
2038
1943
2293
2354
2120
2337
2312
2305
2374
2110
2322
1991
2154
2181
2034
1979
1863
2244
2359
2357
2225
2261
2031
2334
1994
2142
2306
2074
2197
2123
1962
2002
2207
1594
2221
1888
2036
1872
1854
1831
2023
1989
2073
1522
1778
1812
1959
1817
1713
1905
1908
2118
1907
1644
2008
1811
2027
2086
1977
2020
1601
1969
1867
1919
2168
2387
2047
1795
1959
2136
1714
1870
1999
1679
1920
1968
2022
1955
1857
1917
1789
1833
1939
2209
1956
1892
1867
1888
1784
1887
1843
1770
1918
1833
1840
1982
1699
1743
1782
2075
1858
1811
1911
2134
1980
2022
1955
1874
1966
1858
2095
1764
1913
2072
1712
1789
1624
1914
1988
2170
1948
1842
1871
1991
1945
1802
1860
1893
1950
2053
1757
1922
1939
1838
2197
2055
2069
1948
1967
1918
2047
2113
2170
1742
1931
1781
1818
2006
1692
1888
2034
2148
1928
1851
2001
1735
2088
1961
1951
2146
1757
2198
1989
1861
2374
2352
2101
2119
2159
2032
2081
1989
1962
1794
1843
2065
1965
2128
1711
1874
2033
2031
1954
2232
2181
2049
1967
1801
1969
1946
1808
1634
1948
1988
1978
2130
1833
1855
1851
2089
1952
1784
2259
2014
1936
2159
2158
1939
2275
2033
2103
1919
2166
1947
1818
1887
1896
2103
2223
2093
2022
1946
1982
2053
1828
2077
2023
1957
1951
1955
1719
1924
1897
1954
2511
2147
2303
2115
2191
2062
2278
2316
2568
1855
2069
2128
2101
2057
2082
1989
2159
2253
2186
2072
2418
2027
2283
2312
2188
2294
1898
2133
2270
1984
2544
2559
2315
2276
2194
2250
2266
2315
2056
1967
2175
2136
2332
2333
2085
2072
2252
2206
2312
2399
2298
2328
2183
2093
2216
2156
1885
1812
2147
2162
2107
2419
1885
1950
2202
2425
2280
2026
2415
2376
2097
2407
2313
2387
2384
2166
2391
2172
2332
2322
2076
1973
1909
2268
2297
2433
2394
2177
2090
2318
1999
2211
2207
2150
2250
2219
1936
2124
2182
1785
2373
1959
2258
1874
1967
1871
1941
2211
2248
1813
2009
2040
2015
1982
1742
1948
1946
2090
1837
1946
2267
1874
2100
2018
2107
2180
1946
2119
2114
1911
2497
2419
2098
2191
1950
1940
2099
2197
1973
2054
2097
2083
2108
2106
2012
2148
2291
2082
2075
2120
2125
2209
2131
1927
2059
2015
1831
1697
2152
1922
2141
2091
1686
1983
2101
2310
2122
1918
2315
2219
2093
1986
2042
2166
2178
2184
2336
1971
2096
1897
1936
1821
1917
2176
2168
2295
2275
2058
1879
2075
2003
2093
2004
1828
2194
1897
1890
1844
2170
2040
2498
2429
2565
2202
2278
2055
2268
2457
2510
2078
2159
2325
2365
2173
2164
2191
2359
2380
2199
1993
2481
2252
2434
2415
2532
2405
2194
2552
2449
2267
2617
2654
2392
2384
2280
2318
2128
2339
2270
2269
2261
2480
2435
2366
2250
2337
2415
2351
2297
2566
2513
2350
2231
2227
2307
2133
2038
1924
2317
2160
2372
2459
1932
2112
2161
2626
2397
2154
2502
2522
2254
2386
2302
2359
2384
2326
2420
2306
2498
2393
2235
2112
2041
2338
2468
2572
2500
2295
2320
2378
2236
2317
2352
2195
2455
2295
2348
2318
2240
1844
2277
2086
2258
2012
1996
1830
2144
2243
2406
1966
1865
2013
1991
1903
1909
2091
2099
2070
2007
1775
2166
1993
2145
2095
2057
2144
1913
2170
1835
2072
2289
2476
2119
2204
2133
2130
2074
2007
2103
1975
1925
2203
2210
2257
1981
2006
2092
2041
2253
2353
2093
2159
2006
2135
2054
2083
1769
1797
2093
2074
2152
2312
1861
1950
1982
2262
2004
1950
2292
2125
1957
2215
2174
2075
2314
1959
2202
2006
1975
2062
1835
1890
1856
2148
2148
2135
1982
2202
2059
2195
1985
2046
2080
2039
2244
2181
1978
2025
2141
1608
2059
1857
1960
1802
1799
1751
1851
2012
2044
1579
1617
1637
1835
1814
1510
1800
1735
1948
1753
1705
2123
1632
1783
1888
1915
1941
1612
1943
1805
1730
2065
2084
1793
1854
1770
1868
1882
1815
1957
1707
1855
1819
1875
1953
1705
1741
1802
1845
1917
1921
1848
2000
1741
1861
1865
1862
1560
1568
1876
1798
1835
1828
1513
1737
1756
1967
1703
1642
1950
1903
1738
1876
1927
1994
1908
1771
1953
1690
1814
2049
1769
1612
1622
1829
1835
1936
1740
1859
1616
1879
1905
1880
1627
1886
1795
1828
1632
1698
1595
1780
2284
2022
2228
1960
1892
2047
2043
2244
2192
1734
1848
1935
1976
1846
1791
1941
2014
2157
2019
1884
2274
1956
2129
2113
2087
2279
1900
2082
2007
1939
2213
2364
2035
2065
2073
2222
2049
2067
1896
2029
1946
1999
2133
2193
2026
2116
2110
2013
2139
2318
2202
2113
1953
2000
1994
2072
1796
1750
2091
1988
1934
2048
1814
1979
2067
2139
1987
1812
2265
2188
1889
2184
2133
2063
2251
2144
2290
1906
2128
2192
1761
1899
1808
2056
2023
2229
2146
2000
2132
2173
2000
1953
2114
2051
2021
2056
1868
2010
1942
1847
2266
1990
2179
2078
1995
1690
2232
2093
2241
1791
1855
1932
1989
2168
1950
1895
1941
2084
1795
1834
2038
1826
1899
2082
2055
2206
1736
2064
1952
1858
2179
2207
2249
2191
2029
2174
2035
2076
2035
1848
1830
1896
2166
2215
1963
2077
2006
2142
2080
2210
2115
2123
2112
1867
1984
1989
1838
1769
2050
1968
2053
2257
1709
1954
1815
2254
2002
1821
2257
2156
2029
2150
2272
2242
2096
2200
2260
1887
2011
2061
1898
1967
1776
1910
2299
2127
1988
2308
1888
2191
1938
2011
1968
1884
2047
1999
1763
1872
2103
1934
2369
2061
2102
2058
1951
1932
2165
2290
2423
1812
2022
2021
1928
2031
1958
1935
2082
2157
1865
1897
2351
1958
2081
2088
2196
2290
1784
2301
2236
1840
2521
2546
2085
2148
2092
1992
2083
2121
2027
1998
2001
2034
2008
2189
2014
1952
2238
2025
2101
2294
2225
2127
2065
1810
2276
2012
1772
1836
2184
2099
2008
2224
1954
1965
2038
2313
2116
1880
2289
2080
2049
2297
2292
2046
2362
2076
2134
1980
2155
2185
2095
1841
1987
2158
2274
2214
2158
2023
1991
2304
1930
1994
2053
1899
2255
1980
1966
1937
2000
1670
2184
1856
2161
1779
1801
1665
1854
2111
2120
1785
1674
1704
1795
1861
1696
1864
1853
1845
1807
1744
2008
1828
1853
1889
2012
2082
1791
1969
1873
1893
2279
2322
1910
2126
1990
1897
1875
1882
1875
1881
1716
1900
1856
2064
1778
1912
2008
2073
1954
2067
2102
1949
1988
1951
1764
1765
1580
1658
2022
1887
1923
1974
1629
1740
1823
2130
1853
1728
2151
2034
1771
1931
1884
1950
2036
1983
2001
1744
1943
2013
1688
1719
1751
1711
1985
2001
1956
2043
1757
1948
1912
1798
1941
1898
1921
1876
1789
1823
1821
1865
2401
2019
2169
1938
2191
1929
2246
2200
2228
1835
1870
1978
2026
2174
1956
1953
1995
2076
1973
1862
2228
1952
2057
2058
2108
2168
1744
2458
2154
1952
2473
2406
2254
2136
2165
2071
1960
2283
2164
2044
2051
2054
2004
2270
1928
2050
2154
2082
2146
2265
2155
2081
2049
1710
2141
1892
1874
1721
2065
2102
2057
2131
1803
1961
1900
2321
2117
1874
2329
2233
1941
2278
2158
2233
2264
1941
2009
2115
2335
2242
2082
1847
1842
2141
2212
2227
2158
2047
1826
2247
1919
1962
2029
2059
1982
2191
1818
2006
1965
1693
2383
2056
2245
1892
1953
1942
2120
2206
2270
1870
1958
1741
2199
2025
1861
1883
1964
1958
1910
1926
2337
1868
2067
1977
2107
2208
1843
2240
1964
1952
2427
2457
1935
2178
2208
2058
1920
2071
1887
2005
2027
2024
2096
2195
1804
1980
2059
2185
2005
2305
2114
2009
2075
2039
1954
1940
1833
1721
2026
1914
2076
2298
1878
1869
1995
2261
2149
1928
2187
2121
2067
2282
2230
2044
2310
2091
2030
1918
2123
1982
1875
1936
1858
2112
2252
2288
2044
2092
1973
2007
2002
1965
2238
2050
2136
2068
1988
2114
2049
1906
2413
2088
2242
1910
1930
1857
2102
2188
2463
1869
2001
1966
2060
1996
1808
2014
2023
2014
1998
1853
2375
1827
2061
2063
2205
2228
1825
2126
2036
1906
2382
2322
2261
2249
2319
2064
1996
1969
2115
1934
1941
2096
2117
2195
2062
1968
2212
2232
2077
2235
2049
2144
2117
1905
2159
1996
1812
1681
2168
2069
1958
2199
1983
2087
2056
2343
2081
1856
2422
2087
2024
2142
2307
2213
2317
2179
2135
2079
2029
2098
1890
1895
1853
2067
2166
2296
2000
2272
1908
2139
1944
2133
2091
1924
2222
2112
1796
1876
1987
2069
2519
2214
2278
2143
2246
1986
2268
2295
2517
1871
2182
2068
2285
2114
2043
2159
2166
2216
2103
1839
2362
2035
2266
2205
2271
2317
1978
2321
2195
2110
2358
2572
2476
2247
2177
2257
2167
2142
2130
2062
2030
2258
2228
2314
2053
2203
2274
2181
2176
2503
2261
2172
2220
2235
2157
2172
2060
1916
2145
2256
2163
2286
1923
2144
1828
2493
2306
1971
2232
2487
2129
2256
2424
2339
2328
2170
2176
2224
2245
2153
1986
1994
1927
2221
2331
2534
2248
2315
1819
2388
2226
2030
2086
2096
2255
2319
2085
2110
2346
2036
2457
2221
2396
2351
2038
2150
2369
2367
2524
1941
2136
2104
2118
2132
2092
2243
2224
2450
2244
2061
2405
2105
2233
2375
2439
2518
2051
2491
2193
2037
2769
2727
2316
2241
2316
2215
2235
2238
2083
2204
2185
2264
2083
2377
2117
2242
2286
2279
2319
2470
2229
2314
2329
2251
2234
2327
1953
1980
2298
2206
2386
2369
1945
2056
2282
2473
2139
2166
2358
2249
2285
2356
2243
2413
2558
2353
2383
2172
2283
2330
2221
2050
2123
2296
2443
2644
2314
2278
2241
2382
2060
2305
2170
1959
2245
2376
2063
2111
2227
1799
2205
2140
2218
2082
1983
1718
2114
2226
2248
1858
1988
2028
2151
1995
1747
1877
1959
2004
1835
1722
2116
1977
2065
1849
2129
2287
1923
2133
1989
1950
2265
2286
2162
2197
2013
1944
2023
2010
1812
1869
1996
1949
2089
2055
1949
2070
2096
2105
1995
2147
2200
2014
1961
2040
1989
1897
1749
1774
2061
2034
2141
2090
1781
1944
1858
2124
2054
1894
2165
2144
1910
2257
2318
2126
2164
2108
2151
1805
2059
2043
1751
1817
1917
2073
2004
2201
2038
2162
1760
2283
2026
1883
2053
1911
2115
2118
1920
2059
1990
1893
2319
1904
2099
1860
2070
1809
2035
2260
2385
1741
1816
1988
2021
1920
1883
1944
1977
2033
2014
1829
2224
1861
1986
1993
1998
1983
1769
2090
1929
1876
2391
2403
2266
2078
2004
2084
2122
2223
2107
1956
2073
2070
1968
2196
1975
1918
2102
1982
2004
2215
2037
2150
2032
1891
2072
2003
1777
1912
1989
1908
2045
2217
1985
1948
1877
2151
2008
1978
2053
2226
2065
2009
2104
2164
2132
2045
2129
1867
2046
2127
1984
1853
1831
1936
2094
2154
2056
2137
1927
2275
1902
1991
1872
1795
1997
2199
1790
1925
2179
1645
2096
1909
2149
1935
1783
1765
1909
2023
2226
1762
1843
1793
2002
1873
1773
1917
1953
1962
1737
1776
2154
1857
2036
2133
2044
2092
1837
2042
1805
1960
2118
2273
1805
2048
1819
1940
1942
1956
1917
1933
2052
2118
1990
1940
1849
1887
2008
2009
2001
2135
2012
1964
1936
1822
1997
1953
1622
1651
2104
1860
1918
2035
1699
1699
1842
2142
1891
1887
2156
2061
1947
1882
1961
2034
2099
2111
2164
1741
1814
1974
1837
1715
1740
1881
1918
2221
2022
1990
1843
2038
1879
1958
1931
1868
1986
1941
1795
1899
2006
1806
2343
1933
1982
1790
1808
1852
1962
2113
2219
1621
1856
1816
1775
1777
1671
1834
2030
1982
1936
1948
2130
1862
2033
1926
2129
2233
1754
1859
1911
1909
2266
2302
2071
2099
1915
1929
1951
1838
1865
2054
1817
2021
2038
2086
1917
1872
1983
1852
2020
2092
1976
1933
2014
1947
2085
1960
1941
1677
2053
2024
1957
2214
1642
1797
2041
2098
2066
1761
2216
2053
1706
2092
1957
2038
2006
2032
1948
1937
2235
2138
1737
1721
1722
1986
2149
2032
1962
1928
1728
1831
1878
1857
1854
1992
2060
1785
1958
1900
1797
1982
2554
2307
2390
2353
2237
2107
2094
2402
2630
2070
2105
2244
2293
2204
2128
2165
2270
2293
2161
1986
2425
2160
2300
2266
2500
2538
2206
2437
2158
2188
2659
2586
2469
2481
2411
2224
2259
2264
2184
2159
2225
2324
2365
2467
2418
2243
2487
2289
2426
2554
2353
2224
2439
2263
2292
2313
1972
1907
2319
2263
2157
2308
1931
2126
2281
2483
2395
2139
2425
2434
2199
2363
2448
2412
2513
2314
2336
2220
2273
2443
1947
2070
2032
2299
2419
2568
2346
2346
2158
2444
2226
2281
2363
2182
2421
2238
2130
2024
2307
1780
2099
2081
1999
1871
1995
1935
2032
2205
2176
1838
2001
1888
1882
1812
1806
1799
1898
2129
2044
1650
2147
1891
2032
1930
2067
2144
1894
2160
2017
1915
2274
2247
1954
2048
1999
1954
1950
1952
1985
2030
1914
2179
2080
2327
1986
2044
2097
1882
1916
2302
2164
1920
1816
2031
2015
1937
1665
1552
2087
1928
1966
2059
1783
2017
1972
2221
2032
1701
2256
2045
2121
2164
1995
2033
2185
1953
2000
1976
2068
1957
1834
1739
1878
2028
1940
2216
1991
2090
1999
2055
1796
2042
1852
1887
2049
2048
1750
1953
1918
1907
2330
1962
2300
1839
1983
1868
2139
2170
2339
1801
1949
1970
1794
2017
1810
1954
2052
2027
2135
1772
2226
2054
2066
2082
2089
2230
1849
2164
2096
1903
2279
2498
2091
2296
2224
2021
1938
2157
2191
1975
1973
2220
2207
2079
1952
2092
2157
2141
1928
2269
2140
2205
1992
2053
2058
1944
1745
1661
2076
2002
2201
2272
1913
2005
1910
2364
2008
1656
2310
2196
1990
2170
2161
2332
2386
2009
2095
2008
2167
2221
1903
1819
1898
2056
2060
2322
1973
2215
1954
2083
1919
2019
2068
1995
2130
2314
1918
2144
2079
1870
2206
2098
2117
2008
1867
1985
2087
2144
2269
1776
1920
1812
2041
2007
1827
2021
1914
1938
1964
1763
1882
1899
2076
2146
2063
2214
1827
2155
1930
1955
2247
2344
1855
2111
1951
2015
2013
1934
1966
1685
1787
2083
2004
2187
1996
1936
2127
2034
2040
2304
2072
2019
1774
1929
2011
1937
1765
1731
1951
2045
1721
2126
1940
1959
1860
2041
1878
1845
2220
1999
2004
2129
2162
2161
2167
2037
2039
1979
2072
2008
1810
1722
1727
2173
2152
2237
1947
1983
1898
2054
1828
2125
1982
1884
2092
1774
1759
1896
2069
1837
2125
2063
2015
2055
2120
1847
2004
2254
2264
1701
1821
1901
1845
1823
1911
1970
1868
2052
1975
1669
2167
1879
2082
1908
2039
2130
1772
2184
1929
1948
2223
2153
2120
2022
2164
2053
2013
1947
1998
1824
1860
1977
1980
2014
1945
1763
1964
1979
2058
2198
2070
1979
2090
1928
2118
1981
1770
1760
1998
2138
1858
2064
1799
2099
1816
2313
1972
1891
2279
2104
1944
2125
2156
2093
2152
2089
2146
2040
2019
2221
1896
1760
1783
1969
2113
2157
2060
2215
1811
2305
1909
1998
1840
2016
1954
2014
1799
1882
2111
1821
2231
1849
2091
1916
1706
1785
1997
2086
2260
1906
1775
1780
1927
2004
1789
2007
1958
2139
1801
1815
1920
1760
1986
2128
2134
2259
1867
2100
1862
2030
2285
2291
1952
2046
1845
2040
1963
1801
1785
1886
1731
1842
1834
2112
1710
1956
2032
2173
2009
2166
1955
1952
2015
1942
1983
1974
1698
1648
1837
1996
1936
2028
1736
1863
1834
2184
1999
1774
2190
2031
1887
1995
2120
2231
2235
1918
1950
1930
2005
2099
1865
1951
1734
1996
2096
2315
1979
1991
1888
2092
1959
1830
1960
1965
2051
2047
1775
1760
1968
1913
2425
2179
2308
1984
2127
1954
2118
2439
2453
1957
1968
2101
2163
1989
1991
2019
1953
2092
1998
1944
2361
2038
2193
2155
2187
2230
2035
2271
1959
2167
2399
2446
2239
2353
2165
2286
2067
2151
2172
1962
2071
2246
2311
2254
2036
2002
2322
2082
2159
2390
2150
2237
1993
1936
2309
2114
1852
1837
2234
1949
2130
2133
2070
1974
1960
2387
2151
1919
2504
2171
2202
2121
2142
2287
2277
2059
2293
2080
1997
2090
2043
1818
1872
2287
2196
2463
2174
2214
1994
2372
1914
2185
2109
2003
2201
2319
1856
1991
2246
1973
2535
2058
2301
2161
2124
1957
2118
2412
2354
1878
2040
2006
2034
2093
1918
2056
2020
2254
2138
1779
2375
1969
2109
2126
2210
2190
1872
2312
2114
1977
2546
2381
2305
2165
2126
2042
2185
2243
2090
2043
2178
2111
2101
2248
1990
2144
2174
1994
2083
2290
2152
2354
2032
2133
2122
2100
1976
1840
2207
2213
2068
2222
1904
2128
1930
2335
2116
2056
2347
2366
2148
2135
2261
2359
2328
2149
2159
2034
2242
2147
2065
1926
1831
1995
2159
2388
2233
2205
2032
2397
1945
2075
2049
1923
2027
2186
1956
2011
2095
1989
2333
2018
2233
2069
2008
1820
2241
2319
2441
1934
1960
1757
1969
2130
1799
2120
2152
2071
1952
1859
2254
1868
2221
2202
2074
2193
1829
2064
2121
2102
2275
2291
2215
2138
2159
2131
2050
1977
2084
2001
1913
2088
2085
2308
2027
2078
2064
2252
2139
2270
2178
2086
1985
2083
2174
2023
1762
1775
1951
2202
2039
2326
1891
1893
1961
2211
2157
1971
2333
2202
1999
2206
2261
2168
2296
2090
2210
1991
2184
2101
1890
1922
1904
2182
2235
2273
2083
2221
2057
2249
1981
1940
2010
2046
1987
2091
2047
1994
2058
1937
2299
2147
2123
2184
2046
2010
2189
2222
2382
1663
1895
1815
2103
2016
1775
2048
1943
2154
1945
1890
2184
1872
2314
2220
2233
2234
1941
2174
2064
1947
2354
2310
2211
1888
2181
2217
1952
1933
2080
1836
1974
2080
1965
2231
2151
1972
2089
2117
2042
2345
2156
2138
1987
2101
2125
2043
1896
1895
2058
2081
1959
2288
1889
2051
1941
2264
2021
1883
2097
2269
1985
2230
2333
2281
2301
2050
2112
2068
2150
2174
1894
1881
1875
2089
2447
2271
2060
2242
1997
2196
2024
2040
2049
2006
2135
2113
1979
1814
2142
2054
2644
2404
2269
2244
2293
2085
2384
2443
2541
1961
2184
2097
2344
2295
1940
2244
2186
2354
2125
2046
2397
2089
2445
2185
2357
2419
2072
2513
2104
2244
2721
2597
2259
2391
2344
2335
2336
2199
2405
2111
2162
2291
2235
2475
2109
2210
2245
2396
2375
2447
2354
2328
2364
2263
2299
2184
1949
1958
2263
2284
2289
2448
2188
2195
2260
2506
2250
2061
2495
2236
2362
2398
2456
2312
2573
2318
2430
2072
2328
2248
2207
2070
2035
2305
2501
2497
2207
2401
2158
2443
2248
2221
2152
2222
2447
2301
1950
2178
2231
1964
2490
2291
2505
2222
2141
2023
2378
2376
2712
2172
2276
2265
2183
2210
2179
2207
2414
2534
2214
1984
2452
2329
2489
2391
2433
2521
2237
2511
2233
2288
2786
2812
2254
2351
2169
2292
2252
2366
2332
2337
2406
2437
2341
2482
2149
2383
2481
2307
2332
2596
2298
2331
2218
2179
2448
2255
2013
1920
2190
2182
2331
2431
2150
2267
2209
2472
2388
2175
2622
2266
2282
2449
2354
2387
2524
2417
2396
2321
2399
2349
2147
2162
2067
2383
2350
2636
2366
2412
2379
2400
2162
2238
2276
2138
2299
2320
2185
2350
2431
1990
2456
2103
2387
2020
1981
2073
2193
2376
2439
1997
1897
1907
1974
2104
1897
1998
2163
2182
2084
1991
2287
2011
2267
2220
2192
2308
2024
2142
2062
2106
2598
2610
2247
2215
2210
2348
2166
2099
2198
1990
2198
2241
2254
2175
2147
2168
2186
2134
2290
2500
2030
2085
2158
2162
2101
2112
1924
1915
2166
2161
2096
2388
1918
2059
1995
2475
2134
1952
2241
2280
2016
2182
2363
2421
2361
2128
2301
2154
2208
2303
2008
1975
1729
2180
2223
2393
2158
2381
2097
2208
2142
2061
2039
2258
2034
2149
2021
1942
2146
1918
2373
2044
2281
1980
1849
1771
2146
2275
2318
1900
1956
1827
2002
2072
1835
1932
2023
2034
2019
1834
2249
1998
2022
2060
2115
2168
1756
2318
1988
1886
2488
2308
2061
2200
1933
1955
2022
2040
1959
1899
1997
2100
2051
2105
1956
2047
1993
1981
2022
2142
2152
2128
2032
1941
1987
1982
1746
1712
2007
2001
2145
2235
1678
1833
1933
2272
2021
1965
2216
2183
1995
2041
2105
2192
2145
2047
2047
1937
2109
2087
1945
1889
1801
2041
2038
2233
1989
2025
1951
2076
1913
1944
1914
1813
2099
2010
1949
2090
1915
1784
2354
1937
2289
2004
2036
1873
1983
2133
2333
1833
1904
1941
1987
1885
1871
1890
2059
1974
1941
1798
2358
1931
2123
2213
2106
2117
1974
2058
1956
1979
2370
2485
1948
2120
1991
1962
2035
1946
1904
1892
2007
2096
2094
2185
2002
1997
2057
2182
2128
2217
2004
2087
2056
1890
2110
2039
1685
1728
2042
1944
2009
2186
1713
1728
1984
2148
2106
1923
2278
2012
1983
2118
2144
2200
2235
2072
2172
2058
1914
2201
1953
1787
1827
1988
2035
2399
2038
2040
2045
2231
2044
1984
2104
1989
2128
2003
1910
2016
1943
2039
2462
2108
2287
2160
2061
2013
2304
2349
2394
2030
2137
2183
2164
2004
1874
2161
2122
2172
1977
1986
2277
2123
2415
2299
2153
2438
2013
2401
2089
2121
2530
2495
2358
2367
2249
2131
2167
2116
2176
2088
1928
2131
2238
2418
2081
2031
2275
2157
2207
2518
2404
2249
2169
2231
2279
2057
1904
1811
2166
2149
2343
2309
2011
2247
2054
2442
2232
1981
2406
2307
2186
2369
2172
2264
2463
2161
2246
2153
2243
2173
2148
2019
1981
2250
2214
2348
2240
2360
2117
2327
2273
2105
2161
2148
2293
2340
1893
2038
2306
1898
2295
2116
2138
2006
1804
1760
2044
2203
2316
1903
1976
1995
2055
1948
1938
2021
2032
2031
2021
1850
2135
1912
2098
2134
2236
2272
1910
2323
2210
1878
2374
2232
2090
1950
2044
1959
2069
1929
1898
1957
2036
2035
1993
2269
2026
2066
2166
2092
1840
2328
2133
2173
2127
2040
2072
2134
1745
1832
2075
2078
1938
2094
1687
2051
1965
2316
2100
1972
2351
2204
1949
2190
2126
2061
2180
2122
2045
2075
2274
2092
1765
1831
1907
1975
2229
2328
2235
2065
1980
2050
1916
1977
1974
1864
2167
1880
1984
2010
2031
1587
2102
1791
1974
1827
1771
1618
1830
1870
2167
1595
1759
1820
1854
1909
1725
1831
1808
1853
1796
1711
1908
1725
1925
2056
1980
1891
1713
2070
1971
1854
1917
2027
1770
1939
1956
2009
1763
1884
1728
1783
1613
1983
1795
2012
1778
1818
1769
1813
1925
1930
2098
1981
1858
1711
1853
1750
1596
1528
1849
1824
1728
1984
1569
1853
1748
1959
1751
1730
2112
2089
1835
1999
1921
1974
2030
1947
2049
1847
1920
1930
1830
1730
1662
1845
2021
2027
2132
1780
1697
1991
1914
1755
1931
1856
1953
1916
1774
1728
1879
1925
2403
2069
2296
2144
2140
1904
2076
2246
2467
1833
2162
2052
2123
2041
1999
1930
2078
2246
1966
2035
2331
1926
2252
2362
2183
2335
2057
2190
2189
2067
2327
2444
2197
2062
2164
2073
1967
1965
2054
1872
1986
2242
2066
2301
1962
2047
2124
2188
2174
2208
2212
2326
2066
2104
2011
2163
2089
1729
2165
1946
2039
2194
1836
1989
1890
2360
2091
1946
2208
2265
2168
2162
2187
2257
2166
2115
2248
1939
2172
2001
1967
2051
1989
1948
2112
2385
2131
2323
2056
2271
2062
2041
2070
2132
2176
2201
1828
1889
2056
1701
2290
1956
2201
1888
1896
1882
2054
2208
2235
1771
1889
1852
2021
2038
1741
2045
1954
2115
1906
1767
2193
2020
2141
2194
2164
2275
1897
2240
1911
1926
2323
2322
2074
2069
1874
2242
1917
2094
2079
1915
2017
2155
2005
2106
1982
2210
2113
1964
2045
2262
2074
2026
1869
1762
2146
2119
1879
1803
1997
1923
2010
2131
1666
2049
1873
2208
2047
1912
2233
2079
2097
2040
2121
2140
2212
2084
2085
1862
2059
2150
1958
1852
1834
2017
2299
2203
2240
2214
1981
2208
2006
2004
1862
2102
2090
1972
1993
1843
2100
1837
2141
1985
2308
2034
2018
1921
2123
2149
2268
1912
2030
1998
2178
2007
1800
1888
2096
2018
1782
1841
2270
1917
2228
2187
2301
2363
1970
2280
2135
1965
2148
2121
2083
2058
1980
2025
1933
1933
1918
2024
2077
2173
2074
2257
2082
2030
2107
1935
2085
2379
2221
1988
2104
2024
2125
1963
1809
1869
2091
2016
2067
2201
1717
1971
1844
2247
2072
1915
2266
2193
1954
2294
2295
2325
2221
2111
2088
2104
2122
2103
1802
1773
1948
2112
2174
2300
2117
2082
1871
2219
2070
2113
1946
1979
2156
2014
2015
1872
1963
1872
2431
2045
2267
2138
2036
1786
2110
2216
2369
1969
1852
1951
2098
2144
1821
1990
2106
2073
2006
1763
2186
1980
2295
2201
2127
2099
2016
2181
1904
2086
2357
2364
2163
2089
2055
2026
2092
1941
1941
1847
1943
2227
2144
2180
1924
1964
2095
2037
2094
2252
2092
2133
1966
2122
2096
1962
1974
1670
1859
2002
2062
2262
1823
1962
1948
2201
2114
2007
2109
2236
2059
2176
2131
2352
2299
1984
2099
2033
2121
2058
1971
1966
1780
2076
2119
2342
2095
2251
1997
2268
2159
2023
2058
2024
2044
2158
1922
1898
2072
1781
2258
2007
2182
1851
2076
1852
2056
2306
2349
1841
1895
1963
1997
2058
1895
1934
1796
1969
1806
1841
2336
1939
1979
2074
1997
2171
1923
2209
2032
2054
2350
2180
2116
2277
2090
2046
1916
2025
2044
1929
2080
2064
2106
2074
1919
2055
2242
2126
2157
2184
2125
2034
1990
1982
1948
1886
1619
1594
2096
1873
1940
2068
1864
1994
1878
2277
2038
1920
2294
2218
2013
2001
2293
2278
2213
1987
2134
2007
2029
2148
1780
1856
1760
2014
2051
2296
1919
2109
1797
2060
1861
2042
2005
1856
2024
2017
1767
1718
2244
1925
2316
1903
2196
2152
2037
1957
2118
2286
2444
1964
1980
1755
2123
1969
1870
2089
1961
2158
2109
1841
2291
1829
2131
2210
2131
2285
2028
2413
2060
2055
2484
2360
2251
2237
2352
2187
2105
2048
2151
1879
2004
2191
2125
2170
1962
2026
2260
2270
2105
2324
2189
2296
2123
2186
2279
2189
1880
1804
2015
2127
2120
2092
1833
2162
2053
2429
2184
1999
2366
2184
2186
2183
2436
2309
2398
2047
2158
2233
2061
2253
2004
1962
1937
2130
2227
2438
2050
2279
1946
2240
2027
2173
2116
2086
2097
2242
1957
1984
2230
1641
2009
1675
1904
1700
1807
1698
2076
2006
2183
1714
1736
1827
1821
1837
1718
1859
1666
1845
1641
1715
1967
1572
1980
1850
1990
1968
1603
1838
1847
1843
2093
2079
1826
1791
1782
1751
1891
1646
1636
1721
1746
1798
1738
2124
1651
1883
1848
1820
1966
2156
1944
1872
1984
1844
1825
1867
1757
1676
1971
1862
1931
1858
1603
1882
1801
1903
1851
1780
2008
1998
1831
1926
1932
2081
2013
1886
1914
1769
1839
1926
1798
1656
1624
1766
1973
1978
2002
1960
1650
1980
1945
1780
1711
1841
1832
1919
1606
1616
1844
1836
2340
2071
2337
2139
2022
2039
2127
2289
2469
1928
2004
1935
2048
2036
2019
1933
2080
2210
2171
1839
2304
1998
2152
2208
2183
2282
2100
2315
1911
1972
2541
2441
2103
2187
2240
2163
2004
1950
2027
1880
2157
2336
2076
2174
2140
2191
2232
1980
2137
2349
2190
2052
2211
2146
2073
2152
1837
1863
2019
2023
2021
2195
1810
1901
1996
2362
2095
1918
2201
2134
2144
2140
2238
2176
2329
2153
2241
2064
2139
2153
1831
1919
1829
2082
2103
2433
2075
2072
2147
2202
2015
2051
2146
2031
2125
2177
1912
2015
2016
1760
2253
1907
1960
2029
1891
1856
2077
1970
2134
1640
1815
1818
1909
2013
1879
1742
1908
1989
1890
1868
2074
1785
1939
1959
2013
2138
1893
2106
2078
1917
2283
2270
2038
2104
2124
1953
1798
2019
1784
1980
1859
1924
2057
2185
2031
1996
2159
1949
1955
2153
1976
2026
2057
1903
1955
2072
1968
1641
2009
1852
1965
2111
1743
1855
1881
2240
1984
1694
2134
2163
1967
1989
1992
2117
2099
1879
2012
1988
2045
2101
1833
1774
1731
1995
2172
2164
1933
2080
1891
1993
1800
1939
1860
1803
1864
2107
1955
1719
1844
1718
2262
1938
2115
1943
1892
1887
2042
2032
2111
1823
1808
1945
2050
1957
1917
1962
2103
1985
1847
1863
2064
1684
1960
2016
2030
2106
1682
2127
2051
1965
2313
2430
2045
2051
2003
2007
1946
1850
1875
1988
1762
2013
1940
2211
1820
1912
1991
2075
2065
2161
1966
2150
1960
1928
1948
2044
1825
1774
2037
2053
1970
2157
1736
1825
1840
2238
1978
1832
2248
2050
1962
2104
2131
1937
2245
2049
2070
1845
1989
1894
1926
1914
1770
1990
2146
2078
2074
1988
1900
2089
2035
2034
2253
1942
2105
2055
1895
2065
1901
1696
2085
2068
1999
1868
1862
1932
2029
2013
2022
1796
1739
1833
1924
1917
1725
1931
1839
1882
1877
1700
1875
1675
2027
1921
2030
2181
1894
1944
2073
1902
2286
2137
2062
2096
1987
1910
2006
1871
1915
1785
1711
1869
2050
2173
1866
1981
2179
1975
2048
2238
2045
1923
1936
1900
1875
1869
1742
1671
1998
1936
1854
1998
1789
2058
1725
2152
1915
1895
2239
2013
1860
2068
2112
2148
1994
2102
1976
1833
2008
2098
1743
1916
1734
2025
2138
2021
1949
2134
1705
1974
1948
1947
1853
1944
1890
1942
1764
1797
1968
2018
2380
2189
2113
2126
1985
1943
2279
2273
2448
2014
2033
2005
2112
2053
1945
2113
2087
2265
1924
1817
2265
2092
2241
2028
2259
2425
1989
2276
2013
2060
2619
2562
2277
2277
2208
2188
2239
2121
2083
2050
2025
2076
2234
2313
1993
2252
2176
2277
2219
2442
2220
2204
2217
2184
2299
2193
1973
1945
2231
2120
2305
2422
1807
2278
2084
2375
2321
1941
2387
2263
2019
2308
2398
2319
2351
2209
2330
2189
2190
2320
2048
1914
2058
2216
2402
2398
2155
2399
1981
2377
2114
2137
2086
2028
2401
2100
1919
1967
2272
1830
2249
1979
2129
1914
1802
1859
1925
2029
2183
1734
1724
1868
1984
1934
1787
1982
1836
1988
1866
1839
2081
1744
2073
2007
2064
2185
1783
2107
1799
1881
2214
2249
2101
1958
1868
2041
1942
1879
1989
1875
1835
1942
1929
2027
1858
1835
1882
2003
1978
2045
1889
1839
1811
2007
1901
2093
1739
1810
1851
1894
1787
2093
1752
1843
1841
2050
1971
1935
2100
1941
1969
2031
2156
1919
2268
1961
1981
1795
2021
1952
1773
1710
1708
2107
2206
2090
1918
1927
1786
2123
1835
1939
1945
1814
2111
1819
1823
1783
2015
2001
2503
2253
2448
2114
2106
2060
2228
2413
2520
1996
1964
2032
2079
2123
1962
2079
2222
2307
2083
2026
2469
2001
2235
2221
2276
2328
2091
2425
2261
2166
2609
2494
2245
2343
2261
2120
2238
2117
1970
2054
2062
2133
2115
2244
2013
2091
2298
2320
2298
2420
2233
2166
2255
2106
2090
2120
1893
1892
2161
2180
2107
2319
1938
2038
2105
2442
2150
2164
2438
2315
2052
2122
2452
2350
2543
2130
2298
2177
2176
2299
1981
2089
1923
2262
2258
2390
2243
2215
2196
2300
2104
2135
2333
2184
2391
2141
2038
2034
1929
1866
2411
2069
2230
2140
2098
2045
2099
2296
2285
1733
2175
1907
2133
2143
1953
2045
2171
2232
1956
1880
2312
2057
2042
2246
2115
2392
1943
2413
2134
1991
2432
2564
2316
2409
2220
2194
2045
2221
2202
1963
2199
2146
2184
2153
2062
2200
2249
2146
2230
2185
2178
2320
2041
2069
2222
2210
1976
1843
2156
2118
2138
2191
1972
2157
1953
2364
2115
1758
2322
2222
2208
2104
2356
2234
2238
2146
2235
2052
2070
2168
2012
1893
1892
2196
2237
2329
1976
2008
2037
2148
1996
2121
2196
1879
2185
2202
1975
1993
2216
1630
2004
1815
2125
1884
1825
1758
1994
2180
2319
1776
1835
1807
1753
1799
1782
1838
1808
2041
1891
1834
2069
1688
2047
2209
1945
2003
1783
2117
2033
1895
2055
2049
1971
2093
1954
1984
1949
1888
1899
1692
1856
1912
2000
1961
1752
1825
1969
1842
1926
2014
2104
2031
1862
1833
1961
1778
1709
1611
1861
1984
1830
2040
1654
1858
1690
2226
1939
1723
2175
2014
1896
1857
2149
2218
2061
2059
1905
1852
2030
1986
1855
1815
1506
1793
2008
2234
1912
2044
1924
1991
1766
1917
1907
1929
1883
1954
1759
1752
1915
1883
2358
2125
2156
1919
1867
1858
2109
2407
2220
1861
2023
1937
2177
1912
1794
2038
1831
2095
1949
1959
2324
1884
2079
2099
2143
2198
1857
2259
1947
1954
2346
2255
2232
2127
2031
2034
2005
2007
2162
1957
1975
1983
2090
2301
2010
2068
2225
2105
2182
2286
2085
2032
1982
1985
2112
2022
1764
1609
2176
2062
2000
2031
1774
1886
2007
2202
1900
1844
2226
2095
1950
2067
2028
2065
2198
1895
2043
1985
2015
2076
1886
1745
1885
2040
2098
2206
1927
2160
1904
2052
1912
1905
1860
1987
2144
2013
1865
1820
1911
1943
2510
2152
2303
2106
2075
2047
2295
2354
2308
1945
1824
1949
1861
2145
1827
2097
2100
2179
2132
1837
2289
1996
2214
2244
2252
2331
2042
2374
1966
1872
2501
2316
2219
2284
2269
2009
2268
2119
2136
1831
1991
2223
2115
2197
2030
2203
2106
2230
2216
2314
2228
2250
2149
2057
2179
2068
1899
1852
2055
2118
2148
2326
1932
2055
2041
2253
2029
2025
2365
2175
2200
2170
2149
2387
2361
2304
2358
1924
2120
2247
2056
1859
2013
2114
2236
2308
2189
2374
2021
2406
2071
2167
2025
1990
2086
2232
1944
2024
2096
tempo: 9