200 200
3773
3910
3861
3953
4090
3425
3830
3937
3814
3851
3533
4241
4038
3888
4286
3784
4226
4178
3928
4127
4308
3924
3961
3786
4048
3853
3680
4056
3753
3931
4109
4347
3861
4188
3721
3961
3902
3822
4035
4014
3955
3852
3892
3955
4007
3957
3925
3484
3861
3975
3991
4148
4248
3507
4109
3900
4000
3962
4151
3961
4168
3758
3841
3647
3968
4241
3989
4136
3975
3718
4032
3801
3592
3998
4325
4150
4249
3771
3909
4487
4128
3851
4045
3704
4229
3758
3552
3894
4374
4050
3581
4034
3784
4204
4081
4168
4121
3722
4467
4209
4036
4245
3814
3446
4211
3933
3841
3951
3743
3890
3795
3798
3936
3805
4152
4401
3763
4129
3567
3687
4102
4227
3628
3783
3897
3939
3935
4045
3791
3885
3946
3969
3927
3906
4311
3684
3832
3898
3912
3598
3653
4049
3799
4056
3927
3785
3710
3741
3963
3782
3836
3791
3470
4232
3904
4061
3851
3920
3725
3760
3753
4081
4159
3926
3732
4093
3697
4052
4238
4290
3899
3691
4200
4154
3760
3873
4065
4002
3445
3989
3731
3998
3686
3642
4158
4040
4010
3982
3809
3783
3604
3876
4391
3746
3879
3932
3620
3634
3519
4249
3868
4071
3992
3867
4093
3948
3980
4097
3853
3928
3947
4172
4144
3887
4451
4108
4221
4090
4102
4306
4450
4284
4074
3917
4304
3917
3666
4000
3690
3944
3802
4390
4106
4273
3808
3921
4167
4052
4363
4305
4247
3943
4022
4186
4057
4076
4041
3764
4014
4177
4108
4199
4348
3683
4410
3978
4207
3914
4282
3930
4374
4095
3804
3733
3967
4153
4193
4454
4271
4081
4253
3958
3695
4143
4437
4056
4258
4049
3874
4481
4414
3892
3892
3817
4409
4027
3752
3906
4192
4022
3818
3971
4093
4472
4110
4148
4126
4053
4473
4094
4126
4081
4044
3664
4055
4024
4065
3763
3849
4013
3959
3677
4067
3905
3903
4473
4056
4287
3455
3728
4074
4461
3917
3870
3868
4277
4024
4332
3853
3991
4184
4046
3925
3867
4306
3694
4064
4177
3875
3682
3755
4058
3900
4158
3696
4213
3974
3881
4073
3844
3953
3815
3998
4140
3983
3929
4021
3914
3778
3873
3935
4023
4021
4411
4010
4340
3773
4318
4325
4430
4130
3869
4267
3989
3849
4213
4150
4126
3722
4372
3992
4206
4033
3988
4309
3696
4476
4122
3935
3858
3757
3956
4265
4085
4043
4166
3927
3905
3747
4475
3513
3442
3472
3488
3907
3315
3780
3672
3314
3578
3365
3694
3540
3558
3950
3625
3974
3468
3805
3799
3672
3724
3499
3340
3840
3363
3491
3611
3381
3486
3512
4025
3464
3591
3512
3676
3444
3687
3745
3772
3315
3421
3521
3735
3556
3676
3517
3063
3600
3387
3636
3657
3779
3154
3668
3402
3777
3557
4016
3440
3798
3361
3310
3260
3575
3799
3560
3746
3742
3388
3832
3285
3216
3554
3630
3610
3793
3433
3458
3834
3775
3475
3450
3712
3839
3517
3294
3629
3996
3722
3286
3311
3518
4045
3876
3731
3581
3480
4035
3596
3670
3851
3437
3133
3817
3572
3558
3506
3496
3569
3320
3493
3661
3438
3724
3816
3488
3712
3382
3443
3714
3945
3606
3445
3617
3752
3700
3921
3562
3413
3745
3747
3530
3229
3786
3201
3463
3853
3444
3184
3479
3599
3365
3801
3580
3668
3654
3278
3669
3485
3669
3568
3604
3805
3715
3638
3571
3545
3480
3586
3440
3499
3633
3664
3538
3932
3466
3921
3862
3737
3500
3378
3556
3642
3465
3810
4078
3516
3289
3346
3627
3601
3516
3511
3651
3262
3729
3350
3254
3401
3344
3488
3580
3720
3487
3514
3472
3632
3375
3830
3905
3958
4008
3947
4026
3614
4088
4188
3857
3988
3754
4306
4079
3934
4210
4202
4119
4068
4235
4307
4267
3940
3922
3868
4019
3849
3868
4116
3731
3888
3968
4351
4054
4283
3877
3981
3899
4167
4099
4091
4171
3805
3922
4017
3913
3818
4103
3856
4010
3927
4358
4316
4170
3496
4222
3893
4167
4019
3940
4102
4376
3846
3601
3844
4072
4361
4137
4182
4252
3872
4072
3984
3629
4015
4230
4195
4300
3978
3900
4394
4255
4085
3947
3795
4320
3908
3653
3843
4445
4159
3783
3975
3942
4451
4285
4293
4113
3957
4319
4131
3974
4222
3839
3835
4220
4224
4104
3987
3851
3903
3944
3882
3823
3930
3948
4267
3951
4065
3569
3782
4097
4080
3809
3567
4119
4266
3862
4145
3852
4094
4205
4087
3782
3848
4209
3806
4008
3933
3745
3752
3846
3861
4037
4299
4369
3878
3991
3937
4142
3892
3848
3957
3761
4047
3967
3894
4100
3845
3742
3749
3793
4013
3934
4191
3743
4154
3833
4335
4130
4477
3868
3875
4317
4049
3876
3980
4197
3928
3693
4318
4198
4108
3927
3951
4305
4156
4172
4026
4045
3680
3793
3847
4206
3970
3836
3946
3567
3776
3787
4198
3957
3792
3963
3748
4190
3541
3958
4016
3773
4035
3589
4186
3996
3974
4304
3963
4386
4219
4163
3984
4410
4185
3855
3849
4062
4066
3626
4044
4027
3995
4051
4300
3931
3911
3658
3735
3993
4058
4589
4169
4107
3794
3956
4023
4098
4216
4083
3778
3945
4012
4289
4302
4252
3618
4178
4035
4111
3783
4237
4206
4206
4006
3480
3974
3986
4172
4102
4089
4109
3930
4220
3886
3580
3841
4533
4309
4491
4114
3945
4586
4372
3934
4071
3844
4457
4042
3757
4039
4320
3827
3919
3893
3719
4437
4262
4526
4281
3864
4570
4022
4050
4251
3978
3486
4032
3808
4115
3911
3784
3901
3826
3730
4052
3728
3994
4250
4060
4260
3687
3768
4111
4390
3682
3967
4063
3996
4216
4354
3791
4158
4249
4202
3805
4070
4258
3733
4076
3921
3743
3659
3781
4150
4041
4447
4136
4448
3816
3736
3955
3685
3915
3825
3957
4136
4173
3986
3965
4030
3763
3848
3790
3954
4300
4131
3749
4284
3916
4265
4124
4572
4123
3947
4158
3988
3607
4341
4376
4003
3681
4201
4072
4258
3928
3936
4449
3911
4371
4051
4015
3740
3709
3779
4299
4115
3834
3854
3700
3574
3715
4341
3837
3991
4098
3927
4433
3660
4077
4494
4226
4119
4005
4158
4163
4075
4394
4052
4435
4281
4285
4314
4434
4343
4080
3931
4235
3970
3849
4168
3718
4153
4159
4482
4057
4226
4000
3960
3756
4174
4357
4129
4119
3890
3904
4415
4270
4346
4010
3537
4135
4144
4211
4154
4298
3765
4434
4054
4308
4161
3983
4308
4338
3968
3673
4069
4042
4498
4234
4628
4474
3824
4433
3916
3589
4207
4374
4230
4450
3972
4005
4680
4300
4247
4026
3846
4375
4206
3783
4277
4337
4252
3867
3967
4164
4344
4201
4540
4003
4121
4347
3951
4250
4222
4086
3446
3957
4370
4154
3969
3783
4262
4196
3933
4135
4152
4246
4108
3955
4335
3915
4052
4159
4494
4033
4074
4008
4241
4255
4384
4017
4285
4212
4280
4021
3953
4423
3826
4182
4154
3832
3917
3924
4196
3817
4431
4102
4355
4265
3966
4166
4172
3948
4001
4039
4302
4492
3844
4108
4221
3726
4015
3769
3983
4329
4231
4068
4493
4126
4621
4334
4591
4442
4080
4084
4065
3976
4365
4254
4237
3984
4463
4022
4171
3904
4137
4445
4216
4293
4135
3851
4050
4001
4050
4390
4264
4327
4096
3907
3968
3763
4240
3921
4392
4197
3941
4457
3753
4455
4107
4041
4298
3899
4540
4326
4056
4700
4346
4787
4374
4296
4480
4336
4284
4269
4120
4376
4235
3902
4309
3982
4370
4231
4647
4048
4394
3835
4048
4101
4122
4457
4062
4458
3992
4195
4493
4266
4260
4167
3753
4328
4230
4389
4683
4461
3802
4543
4295
4274
4071
4362
4288
4346
4264
3728
3885
4390
4302
4266
4700
4267
4211
4399
4121
3930
4051
4507
4340
4472
4158
4219
4754
4465
4136
4285
4136
4566
4088
3979
4342
4452
4088
4020
4069
4244
4934
4526
4329
4311
4118
4829
4205
4436
4422
4158
4050
4425
4300
4176
4210
4027
4420
4118
3980
4474
3987
4083
4620
4227
4397
3896
4172
4105
4563
3999
3767
4217
4309
4480
4370
3968
4028
4325
4138
4203
3933
4476
4005
4189
4358
4091
3882
4032
4277
4074
4353
3961
4385
4003
3799
4218
3987
3990
4028
4118
4321
4413
4358
4141
4321
3912
4365
3966
4142
4481
4281
4182
4633
3942
4447
4455
4585
4101
4173
4551
4588
4242
4063
4514
4245
3817
4368
4270
4368
4165
3915
4487
4088
4475
4370
4129
3934
4057
4025
4652
4244
4096
4188
3930
4037
4134
4575
4179
4114
4074
4107
4556
3690
4078
4530
4126
3911
4020
4375
4231
4043
4569
4066
4377
4274
4271
4389
4412
4161
4021
3889
4020
4174
3779
4315
3884
4084
4138
4612
4127
4400
3974
4075
4089
4263
4344
4238
4136
4016
4034
4183
4166
4373
4047
3733
4073
4063
4383
4260
4461
3680
4241
4048
4340
4085
4091
4240
4420
4324
3994
3952
4253
4405
4373
4458
4424
4158
4398
3957
3983
4132
4266
4368
4404
4274
4091
4729
4666
4103
4113
4124
4421
4344
4048
4196
4361
4136
3799
3824
4259
4558
4345
4271
4656
4072
4665
4042
4284
4471
3882
3792
3971
4278
3893
4151
4123
4129
4199
4102
4053
4032
4203
4432
3969
4261
3725
4166
4095
4457
4069
4219
4401
4327
4205
4261
3893
4201
4126
4423
4046
3667
4618
4211
3917
4012
3787
3934
3985
4330
3866
4540
4210
4444
4137
4116
4173
4166
4126
4183
4120
4348
4234
4219
4222
4379
3904
4202
3973
4310
4294
4118
4013
4505
4138
4622
4378
4769
4236
4320
4155
4308
3842
4318
4479
4037
3753
4268
4310
4203
4173
3957
4304
4049
4148
4095
3972
3986
4012
4038
4361
4135
4316
4254
3858
4035
4201
4243
3709
3839
3774
3746
4030
3134
3366
3741
3978
3757
3533
3938
3838
3773
4074
3390
3933
4087
3864
3837
4097
3757
3759
3725
3483
3630
3423
3559
3554
3626
4028
4201
3707
3875
3517
3696
3717
3678
3982
3754
3980
3463
3742
3964
4034
3873
3773
3443
3395
3760
3961
3799
4021
3398
3741
3540
4023
3664
3884
3687
3934
3842
3528
3698
3731
3965
3878
4000
3892
3641
3965
3688
3407
3565
4047
3785
4130
3845
3715
4134
4087
3722
3865
3599
4133
3814
3631
3740
3865
3757
3714
3509
3488
4152
3865
4201
3931
3517
4519
3723
3733
4169
3630
3360
3816
3927
3696
3691
3612
3819
3862
3404
3821
3724
3713
3917
3650
3819
3368
3479
3838
4116
3591
3865
3838
3788
3879
4087
3701
3626
3606
3712
3821
3776
4241
3571
3763
3620
3682
3447
3735
4098
3587
4029
3567
4203
3701
3572
3772
3611
3764
3556
3387
4049
3851
3979
3801
3822
3397
3684
3635
3668
4092
3814
3487
4073
3570
4062
3998
4235
3936
3709
3799
3853
3511
4255
4045
3575
3475
3831
3651
3845
3679
3546
3932
3600
3969
3917
3582
3627
3559
3802
4286
3893
3724
4001
3641
3765
3591
3927
3361
3499
3398
3520
3635
3484
3683
3751
3678
3622
3483
3582
3759
3542
3762
3529
3876
3571
3655
3864
3712
3977
3788
3625
3673
3702
3180
3605
3465
3605
3367
3939
3726
3808
3601
3188
3610
3585
3943
3572
3622
3399
3524
3896
3519
3463
3637
3135
3646
3442
3745
3813
3907
3262
3821
3579
3721
3608
3619
3663
4018
3524
3196
3405
3513
3661
3640
3829
3819
3540
4007
3481
3498
3547
3948
3780
3940
3638
3706
4029
3803
3546
3720
3379
4002
3632
3397
3720
3965
3515
3490
3455
3520
3961
3714
3892
3616
3487
4067
3518
3878
3832
3405
3135
3664
3719
3335
3515
3338
3765
3693
3483
3551
3611
3604
4142
3621
3822
3146
3412
3596
3786
3613
3599
3498
3872
3740
3974
3598
3550
3717
3655
3572
3206
3965
3149
3566
3624
3667
3287
3385
3648
3485
3771
3557
3878
3392
3301
3702
3545
3525
3564
3589
3722
3805
3415
3641
3462
3476
3480
3304
3756
3797
3599
3390
3967
3562
3927
3783
3979
3760
3625
3780
3792
3404
3862
4179
3559
3430
3734
3644
3810
3444
3484
3675
3580
3733
3709
3488
3435
3383
3284
3958
3525
3649
3637
3366
3333
3423
3735
3807
3818
3692
4040
4266
3591
4131
4060
3946
3904
3784
4100
3962
3629
4103
3837
4277
4026
4194
4171
4328
4120
4036
3957
4312
4092
3794
3933
3743
3824
3899
4479
3974
4048
3917
3855
3787
4119
4197
4278
4154
4013
4015
4305
4144
4139
3851
3711
4090
3996
4074
4131
4233
3658
4122
3841
4334
3983
3945
4023
4357
4044
3369
3649
4051
4323
4072
4000
4368
3704
4142
3882
3644
3950
4165
4271
4313
3989
3979
4498
4189
3879
3828
3754
4134
4180
3793
4001
4180
4043
3653
3677
3969
4324
4318
4117
3963
3906
4436
4067
4171
4168
3813
3551
4032
3799
3935
3875
3795
3919
3867
3694
3826
3816
3936
4421
4098
4223
3546
3823
4201
4421
3866
3789
3844
4396
4016
4101
3900
3952
3758
3977
4081
3992
4327
3682
3681
4265
3829
3696
3901
4119
3771
4222
3836
4189
3832
3939
4019
3788
3934
3790
4027
4017
4066
3976
4064
4057
3731
3740
3757
3911
4187
4012
3818
4185
4130
4391
4294
4262
4155
4033
3934
4009
3591
4212
4266
3793
3800
4014
4071
4039
3623
4003
4331
4050
4379
3940
3953
3897
3790
3809
4104
3980
3930
4055
3854
3795
3897
4303
4408
4396
4362
4105
4653
3941
4352
4457
4363
4560
4008
4572
4264
4445
4864
4241
4833
4577
4652
4949
4665
4351
4417
3997
4339
4553
3960
4357
4206
4456
4397
4806
4320
4515
4413
4213
4301
4697
4662
4540
4261
4050
4215
4542
4483
4411
4415
3766
4285
4292
4564
4718
4657
3978
4502
4396
4333
4366
4429
4604
4539
3844
4032
4126
4429
4737
4539
4779
4452
4332
4489
4351
4324
4201
4814
4418
4604
4479
4185
4931
4513
4361
4497
4214
4889
4182
4201
4411
4914
4276
4194
4291
4133
4732
4603
4766
4368
4210
4889
4427
4326
4409
4081
3955
4570
4551
4281
4536
4364
4422
4219
4204
4462
4302
4356
4866
4531
4607
4072
4212
4359
4783
4083
4254
4450
4419
4508
4566
4166
4496
4519
4469
4400
4084
4654
4179
4586
4332
4315
4006
4008
4313
4169
4755
4367
4647
4230
3924
4452
4202
4226
4340
4045
4282
4519
4422
4303
4617
4094
4143
4032
4395
4478
4455
4215
4834
4042
4832
4861
4881
4512
4188
4549
4377
4117
4701
4622
4384
3816
4582
4289
4373
4389
4295
4539
4495
4658
4273
4029
4454
4125
4155
4765
4233
4276
4245
4015
4369
3956
4338
3719
3743
3512
3651
3844
3381
3572
3666
3693
3545
3355
3880
3850
3527
4075
3455
3984
3594
3786
3785
3891
3716
3676
3489
3751
3690
3388
3768
3495
3622
3740
3964
3751
3707
3662
3667
3338
3790
3804
3932
3613
3466
3551
3729
3538
3760
3556
3342
3440
3453
3608
3917
3729
3212
3748
3556
3735
3678
3630
3796
3967
3623
3294
3419
3615
4021
3867
3834
3802
3476
3569
3416
3348
3557
3793
3740
3760
3567
3664
4086
3657
3435
3842
3521
3922
3320
3551
3865
4000
3782
3513
3483
3516
4144
3637
3925
3933
3428
4079
3882
3854
3735
3484
3109
3753
3683
3655
3713
3542
3553
3613
3376
3667
3524
3515
4150
3716
3730
3303
3563
3703
3850
3620
3644
3683
3560
3626
3775
3456
3564
3646
3508
3647
3475
4116
3333
3567
3658
3339
3348
3547
3806
3418
3672
3499
4037
3449
3432
3889
3424
3811
3350
3699
3739
3638
3910
3755
3769
3414
3316
3301
3721
3652
3664
3664
3773
3352
3916
4031
3944
3699
3377
3620
3871
3592
3849
3805
3533
3479
3739
3823
3746
3482
3550
3774
3640
3848
3710
3521
3767
3511
3347
4077
3508
3793
3586
3628
3612
3206
3919
3731
3858
3699
3716
4195
3551
3955
4084
3675
3781
3589
4198
3859
3874
4086
3893
4053
3872
3951
4052
3947
4015
3881
3613
3896
3668
3385
3722
3532
3735
3999
4114
4050
3994
3797
3827
3728
3888
4113
4079
3913
3696
3873
3775
3989
4031
3689
3355
3909
3784
4183
4298
4130
3191
4119
3827
3678
3708
3673
3948
4094
3675
3467
3562
3829
4145
3844
4029
3887
3871
3763
3597
3615
4064
4042
3999
3934
3982
3733
4393
4083
3685
3775
3855
4202
3605
3754
3803
4141
4000
3756
3651
3806
4327
3951
4326
3911
3700
4156
4039
3933
3869
3690
3456
4078
3899
3805
3705
3786
3831
3853
3749
3904
3445
3804
4313
3979
4030
3488
3431
3776
3989
3633
3697
4006
4021
3937
4072
3521
3735
3800
4067
3579
3733
4182
3596
3751
3922
3740
3530
3789
3867
3655
3920
3865
4199
3542
3592
3849
4008
3917
3619
3643
3903
4078
3892
3976
4137
3709
3610
3768
3906
3887
3932
3727
4063
3423
4001
4086
4312
3983
3548
3913
4005
3805
3880
4033
3729
3604
3783
4054
4007
3648
3927
4099
3826
4169
3877
3549
3563
3673
3506
3971
3768
3965
3845
3646
3816
3603
4164
3912
3964
3709
3740
4096
3410
3920
4103
3794
3604
3652
3915
3989
3841
4103
3845
4175
4027
4182
3995
4217
4017
4004
3720
3915
3710
3564
3953
3464
3791
3893
4300
3670
3943
3629
3920
3729
3979
4112
3992
3933
3631
3624
3773
3984
4047
3801
3301
3787
3876
4022
4118
4082
3545
3960
3626
4093
3789
3979
4097
4072
3945
3651
3816
3949
4101
3907
4134
3937
3899
3907
3775
3407
3805
3945
3958
4067
3932
3815
4350
4167
4062
3948
3682
4142
3780
3603
3815
4026
3917
3779
3750
3677
4266
4107
4076
3793
3700
4486
4038
3931
4021
3934
3483
3846
3960
3837
3695
3860
3861
3831
3672
4060
3751
3855
4193
3838
4031
3731
3787
3963
4066
3804
3926
3898
3958
4086
4003
3649
3904
4075
3908
3728
3687
4213
3666
3917
3931
3381
3514
3606
4004
3881
4085
3873
4084
3980
3690
4084
3906
3730
3612
3715
4062
3853
3995
3855
4025
3644
3776
3711
3815
4162
3783
3809
4038
3648
4312
4072
4102
4023
3708
4053
4077
3650
4090
4000
3837
3601
3972
4008
4089
3589
3926
4128
3828
4004
4024
3754
3828
3607
3774
4102
3918
3775
4179
3801
3498
3529
4233
3765
3571
3821
3832
4211
3580
3806
4045
3680
4054
3573
4100
3852
4010
4162
3851
4458
3925
3805
4051
4133
3859
3855
3543
4083
3836
3655
4341
3667
4034
4061
4461
3933
4080
3627
4000
3569
3980
4175
4155
3937
3579
3609
4062
3790
3986
3894
3491
3919
3955
3950
4242
4128
3404
4197
3899
3777
3892
3720
4169
4044
3661
3493
3557
3868
4594
4148
4054
4210
3887
3983
3683
3621
3926
4250
3960
4114
3642
4061
4622
4162
3849
3733
3764
4338
3854
3869
3973
4240
3964
3636
3986
3949
4200
4043
4263
3879
3720
4429
3772
4000
4101
3647
3617
3933
3929
3963
3860
3937
3813
3807
3644
3755
3764
3872
4118
3920
4120
3618
3823
4058
4070
3500
3883
4140
3973
3990
4031
3595
3899
3843
4047
3717
3672
4387
3663
3800
3993
3794
3718
3571
3923
3714
4133
4073
3970
3684
3835
3777
3672
3583
3806
3760
4167
4021
3944
3754
4251
3682
3800
4017
3936
3848
3989
3601
4124
3675
4076
4255
4335
3913
3595
4058
4152
3769
3957
4181
3857
3566
4092
4090
4099
3819
3720
4302
3881
4125
3900
3711
3597
3674
3813
4167
3797
3773
3797
3440
3686
3747
4102
3877
3868
3844
3880
4241
3739
4149
3916
3886
4003
3624
4092
4060
3769
4259
4122
4258
4028
3957
4138
4358
4272
3894
3838
4091
4157
3750
4063
3825
4197
4069
4394
4128
4164
3764
3986
3774
4130
4272
4122
4093
3944
3950
3826
4165
4182
4103
3569
4142
3882
4106
4286
4341
3628
4171
4087
4001
4138
4156
4018
4299
3931
3544
3505
4336
4357
4068
4185
4229
4182
4225
3682
3786
3961
4074
4210
4291
4159
3937
4424
4349
3968
3827
3889
4482
3980
4087
4029
4293
4073
3507
3750
3877
4656
4082
4327
3991
3823
4485
4173
4147
4300
3913
3567
4197
4153
3829
3942
3819
4029
4082
3939
3829
3677
3900
4342
4276
4285
3785
3766
3930
4365
4046
4023
4067
4213
3924
4472
3677
3835
4152
3982
3952
3575
4100
3882
3934
4174
3865
3470
3686
4091
3944
4247
3830
4258
4011
3782
3936
3753
4093
3902
3855
4359
3932
3832
3869
4112
3757
3813
3819
3970
3880
3842
3906
4335
3905
4467
4513
4283
4118
3909
4062
4178
4152
3952
4365
3875
3560
3945
4071
4079
3676
3942
4363
3865
3967
4346
3878
3877
3907
3756
4285
4105
4215
4174
3898
3606
3915
4196
3872
4025
4116
4152
4423
3867
4133
4593
4236
4188
4076
4430
4209
3989
4492
4144
4330
4032
4243
4241
4304
4292
4298
4045
4036
4239
3970
4213
3803
4152
4140
4527
4176
4358
4064
4073
4322
4136
4543
4357
4190
4087
4227
4252
4424
4343
4154
3697
3981
4284
4375
4483
4325
3563
4371
4129
4398
4177
4296
4419
4329
3949
3977
3795
4272
4477
4471
4292
4401
4157
4358
4170
4019
4265
4493
4346
4498
4004
4283
4852
4610
4164
4275
4180
4527
4153
3947
4190
4645
4142
3776
4159
4339
4610
4421
4544
4354
4265
4770
4443
4114
4112
3986
3837
4482
4169
4366
4255
4231
4190
4322
3825
4122
4143
4096
4461
4106
4333
3858
3891
4244
4507
3835
4308
4232
4332
4171
4442
3815
4220
4097
4499
3987
4224
4525
3958
4178
4225
4007
4173
3980
4245
4161
4596
4258
4214
4303
3724
4297
4150
4127
4042
4149
4270
4302
4093
4100
4350
4076
4009
3958
4209
4181
4482
4019
4222
3900
4419
4542
4622
4172
4079
4331
4473
4212
4402
4270
4159
3769
4410
4550
4278
4141
4097
4526
4172
4341
4265
4353
4015
4059
4052
4300
4066
4330
4110
3967
3916
3741
4514
4113
3971
4216
4103
4510
3774
4217
4262
4246
4120
3634
4407
4200
4156
4651
4138
4379
4245
4118
4432
4552
4514
4095
4267
4333
4174
3808
4213
3835
4286
4032
4419
4221
4309
4166
4005
4009
4209
4543
4425
4080
3914
4027
4383
4181
4432
4165
3622
4266
3959
4215
4437
4406
3962
4368
4095
4331
4236
4456
4295
4531
4221
3599
3806
4305
4411
4345
4393
4382
4169
4565
4037
4095
4098
4277
4414
4403
4349
4051
4630
4387
3794
4470
4178
4428
4108
4083
4395
4722
4217
3965
4088
4172
4509
4091
4443
4431
3931
4864
4066
4392
4449
4191
3935
4303
4408
4023
4052
4146
4342
4139
4102
4176
4160
4157
4409
4163
4176
3953
4233
4307
4470
4051
4028
4287
4191
4230
4307
4086
4263
4400
4349
4314
3913
4547
3944
4193
4209
3945
3788
3784
4419
4012
4409
4186
4332
4082
3911
4236
4176
4165
4001
4306
4213
4325
4146
4245
4122
4050
4157
3894
4155
4311
4262
3966
4271
3901
4523
4428
4576
4329
4155
4239
4306
4064
4620
4355
4062
4057
4269
4052
4273
3886
3929
4336
4137
4401
4356
3776
3940
3882
3891
4654
4138
4018
4192
3958
3989
3972
4337
3994
4029
4042
3799
4216
3499
4269
4159
4174
4167
3652
4193
3992
4030
4245
4148
4260
4025
4046
4374
4351
4040
4193
3800
4053
3908
3729
4161
3679
4300
3951
4547
4033
4185
4053
3799
3847
4260
4673
4330
4404
3767
4222
4387
4138
4173
3937
3828
4133
3965
4203
4421
4135
3767
4323
4125
4217
3993
4153
4171
4346
4082
3862
3799
3952
4094
4305
4362
4421
3972
4012
3998
4002
4090
4526
4191
4488
3934
4019
4872
4219
4200
4282
3668
4448
4047
4116
4272
4461
4051
3981
4035
3971
4422
4385
4274
4177
3906
4552
4016
4309
4196
3897
3783
4473
4112
4165
4228
3968
4130
4011
3850
4128
4098
3821
4343
4004
4371
3665
4095
3994
4450
3991
3985
4091
4071
4201
4349
3795
4092
4153
4242
4030
3998
4455
4043
3807
4093
3998
3692
3915
4225
4206
4310
4046
4383
3932
3680
4163
3716
3989
3910
3829
4255
4200
3929
3988
4272
3821
4130
3902
4151
4292
4124
3933
4289
3732
4542
4385
4490
4034
3912
4295
4165
4099
4192
4274
4210
3811
4157
4296
4153
4020
3934
4322
4089
4430
4012
4092
4034
3887
3854
4522
4039
4184
4244
3750
3847
3954
4533
4208
4406
4343
4112
4350
3692
4369
4510
4259
4231
3929
4335
4308
4134
4434
4136
4685
4459
4391
4437
4545
4411
4478
4113
4438
4207
4066
4556
3957
4395
4286
4688
4239
4297
4086
4448
4173
4184
4523
4379
4305
3920
4292
4446
4432
4377
4064
3888
4198
4207
4260
4528
4228
3564
4527
4033
4354
4228
4325
4578
4570
4216
3818
4215
4341
4591
4537
4515
4366
4174
4343
4123
4030
4122
4790
4406
4601
4147
4420
4889
4432
4337
4319
3975
4751
4310
4379
4299
4578
4211
3947
4217
4217
4743
4606
4499
4379
4190
4848
4163
4427
4527
4222
3768
4264
4293
4398
3989
4203
4261
4225
4160
4152
4183
4038
4613
4135
4641
3821
4088
4198
4750
3964
3973
4291
4240
4412
4605
4102
4291
4297
4547
4337
4286
4620
4181
4243
4295
3937
3981
4192
4422
3995
4609
3993
4439
4185
4024
4390
4073
4072
4191
4092
4327
4467
4119
4454
4506
4183
4345
3967
4210
4406
4214
4188
4547
3952
4518
4571
4761
4276
4191
4366
4338
4130
4535
4462
4371
3972
4398
4369
4258
4396
4306
4723
4050
4536
4217
4055
4124
4116
4293
4725
4044
4104
4290
3939
4204
3811
4541
3921
4082
3974
4088
4247
3610
4219
4108
4088
4198
3635
4154
4096
4071
4597
4190
4363
4274
4265
4500
4305
4300
4059
4121
4195
4086
3772
4029
3841
4256
4121
4515
4212
4205
4095
3950
4047
4193
4399
4036
4410
3960
4180
4173
4294
3923
3942
3564
4132
4060
4440
4372
4272
3699
4260
4237
4242
3974
4129
4224
4361
4193
3750
3974
4238
4451
4134
4445
4257
3952
4097
4112
3777
4119
4134
4431
4354
4266
4043
4651
4135
3975
4196
3888
4341
3887
3959
4133
4437
4269
3749
4078
4344
4544
4185
4429
4230
3893
4475
4181
4163
4227
3958
3567
4342
4318
4066
4245
3688
4448
4120
4047
4048
4117
4406
4393
4174
4289
3819
4107
4173
4469
4159
4029
4284
4069
4220
4440
3907
4097
4171
4046
4020
3749
4614
3614
4110
4297
3960
3369
4000
3863
3997
4284
4083
4517
3966
3879
4291
4046
4153
3953
3936
4365
4213
4183
4255
4233
3874
3777
3858
3935
4235
4148
4061
4560
3795
4671
4344
4552
4208
3997
4111
4126
4136
4079
4370
4042
3708
4164
4110
4179
3871
4133
4431
4000
4452
3970
3915
3999
3790
3891
4334
4145
4188
4306
3741
4047
3883
4226
3907
4243
4098
3926
4225
3720
4236
4166
3998
4192
3937
4134
4253
4071
4584
4097
4331
4326
3940
4091
4489
4201
4314
3853
4073
4120
3756
4196
4083
4439
4208
4467
4192
4254
3916
3823
4129
4005
4359
4106
4151
4159
4037
4222
4085
4166
4150
3534
4202
3930
4397
4480
4208
3567
4349
3973
4220
3958
4142
4255
4274
4281
3713
4138
4157
4342
4122
4520
4140
4216
4458
4151
3533
4018
4386
4119
4398
4248
4280
4539
4603
4175
4019
4054
4426
4049
3938
4046
4298
4124
4158
3890
4071
4563
4223
4079
4279
3737
4693
4192
4133
4345
4124
3793
4363
4106
4166
3922
3852
4128
3823
4022
4065
4003
4123
4404
3976
4160
3581
4097
3867
4511
3913
3956
4171
4088
4181
4392
3834
3949
4279
4349
3990
3801
4279
3929
4262
4227
3990
3604
4033
4124
3961
4384
4029
4368
4365
3816
4225
3960
3943
4086
3830
4360
4200
4284
4173
4226
3747
3969
3718
3906
4318
4218
3956
4592
3916
4379
4298
4574
4053
4026
4231
4273
4029
4334
4439
4102
3599
4169
4005
4093
4013
4003
4529
4068
4347
4176
4069
3974
3863
4065
4248
4065
4005
4021
3993
3820
3903
4221
3667
3881
3841
3720
4221
3563
3907
3905
3936
3759
3820
4066
3828
3774
4180
3837
4409
4067
4229
4134
4160
4073
3832
3696
3889
3768
3749
4161
3681
4085
4158
4192
3899
3998
3605
3968
3834
3727
4055
3981
3898
4027
3855
4114
3934
4010
4011
3415
3892
3727
3938
4146
4123
3540
4092
3882
3830
3901
4221
4193
4136
3812
3561
3873
3889
4201
3882
4131
4223
3663
4080
3701
3642
4060
4018
4005
4219
3886
3747
4369
4240
3863
3942
3814
4120
3924
3769
3910
4269
3949
3780
3720
3700
4599
4226
4037
4093
3742
4324
4076
3884
4308
3759
3467
4106
3897
3864
3938
3870
3954
3818
3731
3893
3880
3902
4259
3836
4017
3556
3929
3894
4284
3762
3860
4008
4044
3908
4065
3604
3914
3950
4005
3838
3724
4315
3899
3621
3987
3770
3790
3871
3827
3677
3935
4017
3994
3852
3534
4063
3778
3997
3858
3747
4072
4014
4004
4119
4005
3602
3718
3616
3900
4032
4006
3847
4101
3586
4465
4184
4304
3868
3922
4081
4009
3806
3993
4109
3993
3515
3900
3947
3825
3890
3643
4173
3889
4091
3712
3707
3765
3778
3930
4289
3846
3935
3828
3940
3883
3608
4209
3901
3615
3660
3620
3866
3780
3591
3986
3870
3662
3225
3818
3819
3695
4272
3668
4108
4134
4019
4079
4275
4017
4112
3698
3757
3666
3582
3749
3623
3900
3691
4136
3808
3907
3578
3807
3804
3901
4174
3801
3995
3614
3773
3850
3769
3822
3810
3328
3921
3782
4133
4179
4023
3454
3933
3735
4047
3558
3845
3697
4008
3849
3617
3836
3832
4103
3978
4013
3799
3713
4033
3661
3471
3777
4029
3782
4118
4027
3887
4323
4035
3670
3996
3642
4325
3759
3757
3651
4133
3901
3711
3794
3651
4061
3830
3825
3973
3624
4219
3727
4118
3819
3768
3453
3908
3965
3658
3659
3381
3927
3786
3854
3666
3822
3880
4249
3891
3752
3579
3649
3734
4264
3698
3664
3985
4065
3776
4116
3683
3946
3901
3865
3687
3672
4195
3754
3839
3859
3721
3510
3892
3736
3811
3965
3733
4221
3465
3457
3967
3784
3903
3692
3735
3838
3881
3971
3948
3855
3577
3497
3660
3689
4034
3888
3760
4036
3457
4235
4200
4228
4088
3882
3898
3971
3815
3895
4368
3857
3384
3753
3761
4101
3615
3764
4285
3959
4011
3800
3428
3877
3723
3548
4376
3503
3813
3928
3521
3387
3674
3967
tempo: 0.013621