200 200
3985
3828
4060
3847
4064
3464
4132
4220
3956
4112
3903
4143
3913
4094
4419
3893
4114
4232
4269
4257
4430
4058
3734
3985
4192
4026
3923
4333
3828
3929
3857
4310
4052
4172
4003
4096
4044
4255
4444
4408
3988
3898
3883
4125
4279
4190
3841
3674
3832
4054
4310
4047
4197
3732
3999
3767
4377
3884
4091
4243
4333
3909
3525
3653
4266
4319
4162
4162
4339
3860
4358
3900
3852
3984
4390
4204
4308
4074
3991
4639
4429
3809
4169
3799
4374
4099
3898
3944
4437
4021
3733
3643
4089
4524
4213
4258
4194
3879
4406
4137
4167
4284
3762
3702
3955
4180
3969
4053
4020
3788
4219
3667
3820
3900
4002
4282
4123
4117
3705
3727
3976
4280
4015
3911
3951
4346
4134
4495
3847
4059
3871
4165
3956
3854
4204
3968
3759
4121
3632
3584
3728
4205
3767
4276
4106
4091
3981
3776
3912
3821
3809
3896
3809
4159
4103
4089
4032
4212
3850
3861
3605
3768
4265
4293
3989
4251
3979
4666
4224
4390
4195
4074
4245
4107
3955
4383
4283
4144
3900
4201
4211
4091
4078
3961
4240
4172
4239
4081
3922
4137
3682
3983
4361
3801
3924
4143
4035
3899
3903
4209
4330
3966
4222
4007
4439
3834
4443
4414
4311
4350
3866
4356
4103
4068
4886
4032
4297
4548
3983
4434
4569
4351
4123
4064
4057
4098
4154
4308
3804
4415
4192
4728
4032
4423
3858
4262
4110
4517
4639
4241
4221
3962
4140
4409
4400
4328
4294
3812
4177
4014
4121
4345
4472
3895
4355
4297
4133
4199
4176
4470
4399
4012
3670
3927
4395
4537
4244
4723
4048
4041
4381
4126
4011
4096
4562
4410
4675
4147
4045
4562
4345
4053
4040
4119
4580
4066
4046
4256
4622
4225
4073
4015
4077
4629
4336
4311
4425
4165
4615
4256
4349
4574
4214
3849
4346
4395
4286
4352
3968
4163
3991
4021
4321
4125
4193
4500
4299
4495
3663
4129
4305
4679
4138
4028
4094
4233
4186
4497
4024
4229
4266
4188
4212
3762
4445
3868
4122
4299
4093
3878
4244
4100
4078
4605
4189
4457
4208
3911
4363
4087
4018
4105
4180
4169
4313
4366
4005
4219
4090
3838
4028
4273
4326
4240
3872
4692
3960
4907
4431
4671
4127
4086
4272
4275
4264
4303
4531
4094
3824
4348
4136
4161
4128
4457
4742
4211
4420
4131
3947
4129
3920
4093
4468
4368
3945
4278
4046
3946
4065
4560
3688
3924
3731
3457
3909
3238
3761
3907
3762
3877
3528
3896
3682
3647
4063
3754
4164
3849
3678
3967
4130
3770
3673
3653
3826
3458
3568
3665
3571
3763
3816
4138
3786
3809
3534
3753
3718
3698
3998
3946
3964
3525
3649
3975
3734
3680
3943
3154
3701
3787
3979
3951
3725
3294
3886
3639
3894
3907
3862
3671
4142
3602
3753
3683
3691
4082
3905
3858
3926
3628
3828
3857
3498
3670
4114
4044
4053
3565
3739
4261
3994
3852
3730
3740
4115
3881
3415
3785
4200
3635
3583
3641
3684
4166
4057
4008
3738
3880
4177
3950
3895
4037
3543
3439
4033
3994
3863
3577
3849
3736
3752
3448
3685
3517
3660
4028
3714
3818
3299
3558
3826
4122
3671
3542
3811
3887
4029
3995
3516
3680
3887
3880
3650
3680
3944
3451
3761
3913
3368
3504
3471
3756
3639
4003
3728
3960
3780
3737
3715
3534
3433
3499
3420
3976
3878
3775
3750
3944
3523
3513
3563
3670
3908
4008
3645
4395
3398
3991
3896
4258
3886
3661
3911
3784
3675
4025
3910
3673
3238
3698
3890
3646
3660
3795
3917
3569
3944
3716
3420
3401
3561
3561
3815
3755
3536
3834
3554
3697
3477
3974
3675
3651
3666
3624
3924
3188
3900
3777
3577
3874
3474
3738
3728
3699
4068
3654
4051
3808
3757
4157
3829
3864
3560
3474
3974
3578
3633
3680
3530
3553
3775
4085
3616
3792
3723
3564
3500
3801
3958
3770
3827
3473
3618
3709
3730
3921
3797
3387
3590
3692
4103
4048
3744
3313
3862
3590
3786
3599
3756
3755
4034
3576
3383
3444
3975
3979
3672
3884
3950
3663
3940
3447
3304
3750
3783
4026
4066
3735
3809
4271
3685
3589
3523
3724
4067
3659
3576
3803
4058
3710
3444
3445
3680
3949
3926
3831
3857
3709
4120
3769
3814
3768
3682
3485
3880
3866
3658
3577
3503
3633
3704
3618
3779
3637
3680
3845
3827
4052
3455
3637
3742
3983
3739
3526
3725
3701
3752
4037
3411
3505
3745
3696
3444
3402
4009
3612
3756
3854
3626
3358
3713
3781
3567
3756
3531
4066
3677
3442
3657
3842
3835
3442
3328
3790
3913
3735
3498
3883
3374
3673
3604
3753
3910
3987
3630
4038
3580
4240
3775
3941
3827
3414
3701
3622
3499
3888
4187
3675
3302
3693
3915
3703
3399
3702
3795
3960
4019
3944
3418
3823
3681
3686
3996
3681
3805
3506
3816
3519
3538
4054
3917
4154
4123
3955
4191
3654
4351
4174
3870
3975
3819
4040
4153
4063
4515
4093
4303
4276
4197
4215
4193
4225
4086
3993
4064
4107
3962
4019
3897
4056
4253
4532
4096
4357
4154
4092
4119
4158
4427
4225
4168
4001
3985
4432
4159
4151
4042
3727
3954
4077
4296
4408
4313
3735
4324
4197
4241
4050
4361
4092
4246
4011
3735
3897
4068
4484
4061
4450
4280
3943
4308
4099
3753
4072
4308
4438
4334
4057
4051
4544
4427
3996
3902
3972
4312
3992
3823
4128
4376
4095
3757
3796
3998
4643
4418
4570
4338
3952
4465
4259
4165
4408
3996
3700
4371
4015
4181
3899
4146
3987
4045
3834
4131
3799
4116
4410
4143
4429
3639
3968
4171
4314
4111
4105
4173
4329
4211
4370
3875
3942
4073
4132
4055
4122
4538
3740
3993
4283
3923
3966
4057
4081
3832
4257
4273
4331
4021
3836
4093
4145
4099
3995
3935
4309
4159
4060
4119
4095
4092
4015
3836
4251
4239
4225
4039
4414
3881
4347
4372
4358
4304
3759
4109
4235
3944
4292
4496
3853
3887
4219
4335
4402
3981
4108
4206
4025
4110
3955
3793
3845
3678
4083
4316
4017
4089
4293
3930
3825
3913
4287
3637
3728
3922
3539
4011
3685
3819
4009
3835
3880
3531
4119
3822
3730
4209
4036
4023
3842
4007
3981
4072
3826
3646
3745
3936
3814
3801
3966
3468
3943
3705
4103
3864
3988
3640
3763
3873
3932
4194
3988
3897
3775
3633
4090
3864
4018
3906
3467
4060
3833
3898
4039
3976
3420
4080
3949
3970
3887
3773
4078
4161
3711
3371
3618
3829
4164
4092
3979
3901
3674
3920
3685
3618
3866
4231
3924
4466
3524
3970
4261
4008
3788
4024
3586
4297
4009
3628
3828
4385
3567
3748
3706
3633
4274
3958
4334
3820
3841
4213
3810
4168
3906
3688
3724
4042
4031
3801
3844
3835
3871
3864
3636
3905
3678
3628
4164
3920
4008
3434
3661
3862
4149
3570
3653
3692
4201
3907
4273
3541
3992
3816
4059
3775
3677
3920
3604
3835
4068
3757
3904
3507
3955
3533
4204
3832
3838
3752
3654
3798
3777
3570
3705
3861
4046
3816
3634
3639
3861
3663
3661
3508
3658
3794
4133
3772
3949
3701
4165
4257
4224
3868
3695
3978
3996
3712
3953
4109
3935
3529
4044
4114
3897
3764
3773
4197
3745
4137
3941
3766
3566
3649
3695
4154
3886
3683
3676
3666
3643
3609
3879
4203
4122
3972
4329
4481
3679
4253
4194
4111
4102
3744
4189
4344
4125
4477
4220
4593
4224
4407
4336
4344
4230
4169
3938
4441
4151
3841
4278
3949
4143
4309
4527
4243
4285
3922
4188
3947
4166
4643
4322
4309
4030
3971
4362
4156
4295
4287
3866
4343
4283
4215
4515
4383
3694
4453
4264
4348
4243
4094
4357
4529
4239
3824
3866
4139
4640
4276
4354
4296
3901
4126
4231
4003
4133
4531
4440
4570
4139
4287
4821
4322
3868
4309
4058
4594
4295
3982
4179
4352
4120
3967
4120
3998
4486
4396
4409
4407
4067
4675
4151
4317
4337
4198
3709
4364
4328
4223
4007
4042
4299
4193
4014
4116
3966
4395
4452
4254
4419
3661
4156
4206
4300
4088
4101
4190
4296
4190
4222
3967
4162
4379
4381
4146
4105
4541
3804
4027
4227
3991
4022
3841
4336
4107
4521
4223
4311
4068
4081
4032
4113
4020
4236
4177
4363
4521
4045
4091
4469
3817
3994
3833
4148
4200
4221
3933
4282
3898
4428
4378
4575
4113
3983
4391
4338
4020
4460
4412
3998
3903
4337
4424
4349
3980
4190
4527
3976
4465
4152
4169
3677
3936
4159
4414
4295
4335
4217
3863
3828
4193
4059
3760
3741
3712
3716
4121
3534
3832
4107
3747
3990
3821
4099
3804
3882
4272
3908
4057
4244
3987
4047
4263
4113
3952
3654
3717
3904
3736
4050
3680
3732
3799
4328
4282
3904
3581
3788
4029
4022
4077
3917
3951
3878
3836
3945
4170
4120
4172
3471
3866
3885
3933
3967
4136
3527
4042
3907
4338
3711
3894
4221
4247
3666
3626
3623
4148
4254
4093
4069
3936
3855
4152
3638
3509
3820
4343
3895
4370
3959
3991
4489
4337
3942
4094
3687
3897
4142
3770
3890
4194
3917
3817
4005
3636
4417
4089
4000
3946
3774
4167
3940
3790
4092
3812
3503
4111
4043
3863
3732
3747
3905
4026
3601
3867
3926
3841
4280
3739
4206
3504
3738
4045
4250
3543
3780
3898
4006
3964
4327
3726
4081
3847
3981
3935
3711
4205
3736
3766
3929
3573
3854
3744
3752
3908
4125
3798
4142
3951
3695
3965
3656
3754
3801
3684
3946
3990
3821
4075
4083
3555
3707
3601
3776
3987
3933
3740
4267
3740
4559
4187
4039
4108
3976
4191
3934
3640
4059
4097
3942
3515
3944
4086
4108
3955
3904
4140
3799
3975
3860
3773
3915
3667
3856
3986
3877
3821
4112
3692
3706
3704
4057
3541
3566
3926
3596
4077
3411
3820
4015
3549
3520
3623
3963
3639
3890
4110
3517
4088
3768
3841
3987
3954
4063
3674
3662
3899
3683
3590
3747
3557
3790
3839
4085
3855
3872
3473
3734
3678
3918
4115
3879
3813
3475
3632
3909
3724
3844
3847
3345
4019
3789
3957
3943
3818
3330
3886
3784
3698
3753
3898
3900
4096
3615
3252
3568
3897
4124
3947
4221
4096
3649
4015
3574
3484
3671
3918
3876
4271
3780
3754
4212
4008
3612
3600
3626
4119
3967
3650
3796
4089
3842
3667
3825
3640
4267
3830
4056
3770
3570
4171
3721
3794
4153
3601
3182
3745
3728
3784
3767
3620
3822
3715
3664
3850
3456
3673
3955
3621
4077
3530
3708
3577
4165
3459
3659
3602
3953
3918
4150
3455
3702
3863
3664
3671
3609
4156
3576
3628
3934
3855
3557
3506
3810
3397
4068
3801
4073
3630
3560
3825
3759
3704
3714
3750
4027
3801
3613
3699
3927
3390
3610
3515
3672
3767
3996
3620
4173
3572
3984
4093
4287
3977
3760
3709
3887
3722
4011
4088
3657
3600
3985
3873
3900
3679
3870
3999
3621
4008
3719
3609
3645
3483
3649
4014
3958
3740
3757
3465
3502
3555
4022
3855
3694
3814
3653
4146
3614
3676
3904
3908
4019
3641
3958
3977
3781
4173
3688
3950
3937
4011
3991
4139
4020
3751
3641
4013
3803
3580
3929
3602
3765
3879
4002
3939
4021
3490
3700
3695
3923
4120
4064
3881
3792
3645
3995
3814
3966
3700
3763
4033
3991
3899
4122
3944
3395
3985
3784
4069
4019
3907
3933
4076
3778
3530
3641
3807
4268
3889
4155
4132
3716
4010
3813
3428
3713
4220
4211
4064
3878
3890
4251
4154
3662
3896
3784
4145
3725
3770
3798
4125
3871
3582
3617
3667
4167
3681
3919
4201
3774
4318
3765
3935
3950
3805
3580
3987
3954
3808
3683
3634
3987
3651
3640
3828
3692
3839
4066
3701
4128
3627
3961
3923
4147
3674
3785
3901
4060
3623
4034
3750
3771
4019
3984
3684
3635
4263
3649
3884
3781
3916
3612
3706
3773
3566
4054
3911
4290
3691
3674
3695
4010
3663
3668
3886
4091
3876
3820
3990
3701
3530
3751
3749
3814
4100
4103
3746
4056
3795
4004
4278
4310
3865
3583
3886
4008
3638
3989
4255
3793
3598
3980
3956
4020
3656
3718
4242
3652
4062
3836
3688
3877
3743
3686
3920
3926
3755
3885
3655
3497
3737
4108
3589
3753
3731
3847
4158
3598
3970
3924
3914
4017
3658
4167
3795
3785
4377
3852
4191
4164
3787
4200
4141
4116
3800
3762
3786
3756
3784
4101
3808
3862
3842
4079
3797
3905
3659
3923
3752
3854
4199
3997
3907
3839
3681
4135
3878
4120
4110
3412
3750
3564
3941
3850
3992
3330
4048
3945
4143
3739
3856
3991
4229
3702
3542
3752
3939
4161
4076
3881
3991
3780
4234
3631
3479
3778
4176
3963
4128
3671
3948
4517
4103
3784
3857
3661
4057
3825
3558
3980
4128
3837
3607
3658
3675
4383
4043
3959
3935
3685
4217
3944
3964
4022
3762
3579
4053
4068
4131
3818
3969
3852
3849
3618
3811
3775
3681
4236
3790
3876
3556
3838
3926
4239
3382
3710
3747
3953
3829
4065
3556
4052
3872
3883
3686
3737
4346
3748
3590
3893
3598
3960
3875
3756
3738
3985
3946
4030
3821
3540
3896
3717
3732
3730
3591
4064
3984
4084
3976
4023
3492
3531
3604
3848
3942
3988
3763
4086
3629
4236
4111
4251
3790
3992
3981
4052
3854
4077
3992
3769
3410
4092
4064
3755
3760
3723
3983
3775
3857
3878
3714
4072
3703
3867
4243
3607
3703
4020
3480
3688
3453
4118
3695
3755
3945
3544
3859
3355
3971
3952
3809
3773
3312
3936
3847
3544
4086
3779
4164
3831
3956
3940
4076
3894
3886
3655
3689
3815
3648
3904
3607
3887
3744
4162
3648
3886
3736
3750
3440
3996
3972
3728
4033
3529
3693
3847
3719
3875
3814
3545
3928
3725
3894
4141
4071
3367
3956
3823
3821
3809
3685
3866
3981
3805
3372
3554
3847
4055
4001
4101
3906
3597
3929
3531
3445
3579
3964
3625
4130
3835
3774
4160
3939
3838
3713
3685
3949
3852
3850
3862
4136
3752
3487
3665
3762
4131
3883
4016
3717
3750
4282
3908
3990
3920
3710
3256
4039
3902
3765
3659
3638
3607
3844
3635
3868
3412
3813
3911
3912
3777
3267
3739
3777
4143
3595
3584
3853
3870
3877
3971
3602
3508
3751
3763
3537
3600
3999
3587
3556
3839
3549
3240
3691
3820
3483
4019
3544
4017
3767
3526
3653
3639
3662
3743
3707
4020
3994
3781
3756
3985
3606
3809
3417
3783
3814
4020
3667
3858
3661
4280
3882
4032
3818
3913
3871
3863
3698
3843
4091
3680
3276
3744
3972
3537
3630
3837
4156
3784
3921
3762
3538
3646
3693
3691
4064
3799
3749
3829
3524
3853
3565
3864
3987
4066
3975
3997
4267
3691
4261
4008
3956
4055
3712
4067
4118
3890
4451
4105
4243
4238
4107
4323
4352
4109
4104
3760
4260
3964
3826
4127
3937
4144
4038
4484
4049
4179
4059
3994
3880
4071
4135
4023
4327
3578
3985
4292
4395
4276
4038
3949
3999
4013
4131
4242
4097
3600
4221
3963
4449
3855
4239
4459
4340
4073
3668
3928
3991
4384
4143
4101
4217
3896
4188
3756
3743
4086
4357
4038
4400
4057
3971
4457
4457
3942
4208
3877
4379
3855
4193
3941
4615
4163
3804
3773
3899
4476
4363
4564
4220
3908
4471
3865
4297
4286
4181
3562
4340
4073
4117
3904
3741
3979
4114
3983
4052
4032
3957
4450
4181
4194
3734
3885
4037
4331
4054
3815
4227
4261
4232
4433
3959
4020
3886
3905
4053
3960
4097
3876
4025
4263
3878
3708
3949
4161
3866
4247
3864
4502
3838
3889
4041
3849
4153
4084
3799
4170
4255
4099
4040
4007
3981
3677
4006
4118
4127
4066
3912
4212
3704
4395
4462
4488
4066
3928
4277
4298
3929
4270
4348
4024
3687
4217
4062
4365
3780
3729
4520
3863
4269
4063
3834
3790
4057
4030
4310
3891
3974
4048
3882
3919
4005
4182
3934
3951
3888
3743
4107
3555
4126
4045
3957
3927
3480
3839
3734
3898
4483
3826
4017
4005
4033
4247
4258
3904
4088
3610
3895
3691
3532
3833
3666
3876
3901
4088
3728
3970
3718
3731
3832
4070
4288
4132
3910
3764
3828
4180
4153
3794
3693
3642
3976
3935
3900
4305
4316
3619
4155
4004
4062
3734
4092
3941
4070
3910
3451
3821
3793
4005
3874
4235
3822
3418
4228
3895
3740
3657
4153
4152
4368
4030
3699
4396
4071
3600
3978
3741
4387
3589
3866
3783
4412
3662
3474
3741
3758
4437
3943
4157
4058
3760
4320
3801
4174
4078
3718
3290
4009
3884
3954
3799
3577
3998
3729
4011
3836
3653
4327
4361
3967
4106
3374
3691
3976
4369
3998
3626
3981
4103
3954
4229
3782
3853
4043
3942
3990
3691
4117
3553
3822
3923
3933
3365
3846
3920
3442
4152
3791
4048
3897
3619
4013
3690
3896
3894
3896
4073
4009
3898
3957
3916
3524
3839
3602
3915
3924
3844
3864
3951
3686
4336
4193
4184
3853
3662
4007
3854
3857
3995
4197
3847
3506
4084
3797
3988
3652
4003
4235
3753
4374
4010
3599
3676
3715
3716
4195
3869
3731
3862
3706
3731
3767
3992
3790
3863
4005
3708
3918
3583
4023
4310
4009
3882
3688
4032
3948
3891
4471
3864
4218
4067
4133
4055
4076
4007
3970
3751
3888
3919
3688
4018
3620
4004
3825
4080
3802
4132
3628
3886
3913
3990
4088
4036
3870
3735
3742
4055
3893
3896
3845
3427
3866
3803
3817
4156
4051
3490
3915
3898
4175
3803
3880
4108
3942
4035
3491
3554
3893
4120
3930
4351
3935
3934
4180
3817
3757
3660
4141
3968
4228
3937
3742
4200
4208
3740
3915
3929
4179
3684
3643
3901
4264
4058
3861
3748
3810
4299
4046
4144
3990
3679
4278
4065
3960
4125
3785
3580
4058
3853
3847
4004
3903
3926
3886
3642
3938
3749
3968
4146
3787
4041
3555
3810
3911
4266
3588
3890
3791
4002
3869
4160
3743
3831
3965
3910
3969
3573
4250
3592
3877
3911
3866
3565
3733
3943
3792
4211
3896
4019
3635
3472
4046
3684
3654
3598
3720
4046
3980
3953
3937
3996
3690
3757
3732
3676
3937
3874
3767
4147
3688
4193
4146
4200
3940
3667
4121
4010
3766
4106
4188
3852
3729
4116
3908
4080
3761
3762
4218
4073
4185
3757
3707
3689
3573
3895
4129
3912
3885
4212
3643
3725
3602
4015
3605
3640
3768
3623
4076
3432
3897
3874
3742
3914
3495
4040
3668
3678
4044
3970
3917
3830
3857
3952
4146
3765
3660
3481
4126
3643
3428
3645
3430
3858
3825
3983
3722
3750
3756
3645
3747
4113
3875
3763
3573
3465
3786
4127
3896
3845
3832
3332
3933
3781
3918
3873
3821
3355
3959
3729
4014
3875
3739
3935
4015
3675
3549
3344
3929
4163
3831
3842
4263
3710
3868
3774
3453
3873
4161
3981
4047
3643
3624
4319
3858
3861
3922
3731
3934
3772
3525
3908
4129
3874
3610
3819
3755
4186
4173
3957
3975
3854
4139
3618
3801
3809
3677
3252
3870
4123
3698
3815
3693
3878
3930
3551
3751
3532
3684
4103
3785
4033
3729
3749
3821
4205
3575
3686
3706
4002
3922
4137
3413
3898
3678
4098
3533
3598
4064
3699
3786
3926
3611
3717
3620
3755
3664
4217
3754
3982
3727
3582
4006
3688
3706
3602
3642
3717
3904
3551
3920
3901
3458
3674
3581
3612
3681
3937
3731
4131
3623
4152
4410
4102
3913
3791
3862
3601
3541
4138
4006
3855
3678
3691
3776
3803
3608
3757
4144
3731
3987
3630
3496
3688
3767
3672
3972
3997
3872
3739
3586
3661
3721
3984
4100
3860
4017
3720
4208
3648
4164
4380
4145
3962
3922
4232
3828
4004
4461
3899
4200
4149
4138
4405
4468
4149
4007
4011
4093
4047
3692
4092
3551
4093
4131
4567
4048
4291
3921
3975
4142
3991
4486
4047
3958
3851
3791
4005
4274
4204
3874
3676
3919
3992
4232
4521
4247
3822
4015
3934
4407
3832
4289
4016
4327
3928
3661
3986
4201
4217
4113
4289
4175
3881
4228
3860
3778
4019
4303
4188
4505
3996
3886
4440
4390
3883
4168
3702
4381
4169
3789
4024
4384
4172
3816
3891
3987
4580
4050
4287
4184
4097
4443
4049
4063
4276
3918
3623
4223
4072
4102
4060
3802
3990
4033
3630
4007
4037
4042
4350
4066
4203
3704
3955
4089
4342
4066
3864
4105
4308
4073
4604
3883
4197
4036
4099
3869
3929
4318
3704
3997
4104
3737
3692
3850
4167
3857
4251
3869
4455
3804
3805
4217
3938
4095
3901
3976
4358
3964
3936
4091
4221
3600
3896
3965
3979
4291
3985
4074
4271
3575
4418
4242
4434
4323
3734
4022
3950
3893
4110
4310
3984
3711
4076
3990
4197
3942
3979
4273
3873
4338
4173
3856
4048
3972
4025
4449
3831
4039
3933
4123
3829
3609
4328
4243
4135
4310
3856
4539
3920
4504
4281
4390
4557
4254
4349
4308
4214
4704
4367
4470
4438
4506
4394
4664
4325
4426
3903
4182
4300
3709
4492
4109
4283
4363
4713
4325
4513
4177
4177
4285
4350
4688
4669
4527
4075
4111
4444
4470
4373
4124
3870
4328
4470
4517
4548
4597
3989
4638
4259
4604
4300
4412
4533
4719
4211
3949
4428
4076
4575
4146
4582
4619
4171
4489
4234
4023
4306
4937
4460
4659
4325
4119
4983
4760
4194
4428
4291
4733
4256
3973
4311
4535
4273
4127
4166
3982
4876
4562
4559
4389
4225
4868
4414
4314
4289
4321
3875
4437
4523
4453
4193
4156
4329
4220
3975
4287
4284
4397
4739
4534
4721
3882
4114
4410
4518
4205
4299
4388
4528
4257
4685
3923
4222
4325
4329
4377
4228
4583
4082
4182
4488
4301
3955
3977
4284
4329
4693
4337
4603
4459
4131
4354
4259
3989
4115
4005
4482
4320
4305
4267
4427
4112
4035
4244
4212
4380
4330
4194
4580
4049
4485
4693
4711
4375
4038
4597
4218
4090
4579
4481
4404
3875
4428
4501
4374
3987
4399
4728
4201
4606
4375
4252
4252
3960
4275
4329
4368
4238
4411
4071
4021
4152
4673
3790
3962
4058
3657
4054
3489
3890
3894
3630
3830
3761
3915
3909
3741
4270
3918
4257
4047
4141
4126
4161
4162
4062
3862
3957
3716
3563
3814
3662
3947
3933
4231
3801
4099
3900
3868
3835
3857
4151
3966
3783
3671
3858
4073
3786
3905
3939
3530
3994
3619
4122
3995
4251
3450
4250
3830
4017
3743
4080
3960
3936
4072
3663
3547
3812
4308
3739
4018
4142
3942
4232
3686
3794
4115
4175
3836
4147
3847
3733
4081
4201
3774
3750
3914
4124
3986
3662
3918
4274
3958
3703
3686
3796
4303
4043
4057
4117
3639
4156
4013
4003
3887
3976
3441
3870
3752
3681
3705
3787
3971
3792
3644
3942
3775
4046
3988
3896
3985
3679
3932
3649
4206
3541
3512
3813
4068
3958
4072
3735
3869
3822
4106
3789
3645
4106
3506
3909
3885
3571
3732
3656
3824
3704
4098
3982
4091
3884
3571
3888
3750
3865
3871
3637
4084
4155
3878
4010
4090
3622
3799
3567
3794
3876
3961
3680
4029
3622
4180
4225
4534
3752
4015
3889
4103
3671
4002
4197
3863
3805
3776
3827
3941
3561
3849
4317
3873
4083
3607
3574
3741
3741
3762
4021
3732
3504
3786
3715
3681
3707
3963
3823
3696
3839
3746
3913
3618
3960
3869
3941
4048
3656
3781
3759
3811
4138
3771
4112
3817
3905
3940
4214
4077
3978
3622
4077
3737
3704
4053
3474
4016
3842
4176
3855
4059
3723
3905
3669
3929
4193
3821
3955
3694
3839
3934
3947
3736
3895
3521
3917
3990
3929
4274
3884
3357
4111
3712
4033
3789
3798
4032
4020
3873
3622
3763
3999
4054
3915
4055
4057
3927
4115
3866
3485
3807
4296
3933
4172
3891
4141
4273
4137
4062
3989
3834
4309
3955
3724
3775
4322
3898
3720
3660
3881
4297
4144
3963
4075
3985
4504
3755
3961
4084
3759
3507
3982
4077
3896
3712
3671
3889
4043
3639
3940
3831
3817
4233
3898
4179
3392
3808
4001
4258
3704
3825
4061
4074
3782
4084
3550
3885
4141
4014
3873
3535
4176
3936
4175
3872
3932
3632
3826
3771
3945
4137
3841
4053
3929
3405
3815
3804
3596
3644
3713
4121
4195
3879
3931
3979
3923
3762
3800
3863
3946
4015
3745
4257
3726
4272
4210
4149
3866
3647
4067
3913
3788
4091
4279
3996
3472
3913
4018
3841
3834
3902
4189
3809
4055
4092
3598
3757
3740
3894
4073
3790
4033
3942
3896
3661
3754
3958
3906
3829
3731
3884
4216
3562
3865
3880
4054
3975
3474
3968
3941
3757
4108
3860
4126
4014
4117
3951
4098
3910
3815
3602
3930
3618
3688
4067
3603
3917
3860
4151
3987
4142
3560
3839
3967
4093
4306
4175
3924
3736
3667
4079
4047
4151
3847
3416
3862
3982
4009
4069
4141
3481
4190
3896
3986
4081
4086
4000
4278
3701
3601
3789
4083
4202
4151
4092
3965
3795
4196
3864
3838
3991
4183
4023
4346
3737
3902
4366
4203
3846
4097
3863
4382
4090
3803
3757
4238
3853
3930
3545
3721
4474
3997
4094
3959
4057
4485
3926
4018
4090
3974
3630
3979
4140
3793
3778
3875
3965
3785
3689
3923
3985
3794
4107
4157
4080
3621
3738
4066
4169
3599
3854
3869
4209
3878
4194
3627
4006
3945
4208
3978
3712
4133
3744
3595
3734
3698
3589
3528
3954
3895
4226
3780
3939
3751
3689
4174
3775
3927
3743
3637
4212
3915
3896
3884
3893
3650
3810
3623
3839
3956
3926
3841
4196
3568
4292
4180
4117
4031
3952
4106
4005
3589
4257
4264
3758
3584
3967
3932
3867
3835
4019
4265
3929
4265
4170
3803
3844
3683
3579
4142
3844
3878
3967
3503
3820
3713
4211
3715
3436
3523
3554
3865
3271
3870
3639
3820
3563
3259
3808
3464
3753
3886
3462
3996
3832
3821
3842
3956
3865
3621
3501
3529
3521
3491
3884
3364
3601
3706
3984
3441
4031
3618
3702
3502
3859
3890
3588
3670
3373
3558
3955
3668
3648
3751
3276
3551
3651
3509
3744
4008
3341
3930
3703
3831
3522
3487
3788
3741
3473
3329
3273
3729
4049
3937
3660
3898
3654
4007
3644
3604
3831
3978
3402
4087
3543
3534
4061
3835
3385
3694
3537
3987
3873
3513
3717
3966
3616
3413
3688
3445
3921
3641
3917
3878
3621
4217
3812
3836
3786
3576
3404
3515
4092
3672
3610
3478
3805
3720
3405
3692
3488
3660
4095
3780
3980
3288
3560
3602
4091
3730
3400
3574
3777
3891
3680
3384
3761
3699
3580
3474
3526
4067
3530
3463
3677
3569
3463
3309
3757
3439
3731
3354
3840
3450
3645
3953
3478
3565
3562
3471
3782
3968
3704
3523
3910
3322
3676
3501
3826
3975
3849
3455
3736
3285
4125
3916
3995
3837
3773
3725
3600
3651
3864
4024
3698
3209
3854
3795
3592
3529
3595
3966
3576
3928
3673
3588
3661
3680
3528
3856
3626
3608
3657
3488
3509
3503
3663
3818
3600
3651
3470
4050
3460
3720
3854
3884
3765
3614
3966
3734
3764
4174
3820
4134
4039
4012
4063
4144
4022
3808
3578
3912
3701
3616
3756
3528
3694
3660
4261
3830
3940
3544
3747
3595
3880
4002
3972
3800
3578
3716
3886
3582
3862
3833
3484
3944
3786
3919
4033
4114
3385
3883
3682
3896
3828
3770
4073
3811
3750
3521
3590
3651
4179
3707
4105
4173
3721
3989
3646
3485
3671
4195
4079
4144
3656
3630
4329
3997
3678
3661
3684
4042
3613
3661
3880
4126
3832
3727
3714
3594
4117
3919
3913
3668
3724
4090
3895
3830
3872
3879
3451
3862
3903
3670
3786
3570
4092
3659
3606
3659
3534
3890
4172
3885
3821
3827
3699
3687
4070
3592
3704
3699
3901
3856
3947
3375
3825
3932
3837
3715
3688
4027
3411
3724
3805
3627
3825
3698
3718
3631
3999
3974
3998
3609
3558
3690
3885
3559
3550
3541
3691
3870
3900
3858
4026
3588
3623
3699
3682
3909
3925
3762
4055
3586
4353
4125
4069
4039
3755
3747
3988
3564
3953
4004
3702
3637
3900
3885
3908
3655
3721
4056
3948
4019
3786
3246
3783
3608
3770
3850
3948
3659
3975
3507
3656
3778
4191
4074
3919
4125
3858
4311
3514
4153
4190
4023
4076
4013
4173
3993
4155
4359
3903
4197
4298
4270
4006
4485
4165
4024
3804
4181
3867
3842
4161
3761
4055
3943
4373
4192
4319
3722
3956
3799
4042
4233
4317
4135
3938
3870
4129
4166
4087
4007
3658
4201
4242
4203
4207
4070
3575
4204
3890
4253
4004
3970
4202
4259
3952
3662
3858
4294
4337
4171
4265
4271
3861
4245
3950
3680
3952
4312
4106
4314
4098
4035
4531
4381
3945
4026
3847
4250
4157
3943
4339
4473
4069
3789
3983
3985
4511
4248
4230
4257
3707
4661
4112
4131
4225
3956
3631
4249
4283
4120
3945
3872
4008
4183
3929
3904
3934
4049
4082
4066
4165
3704
3852
4062
4492
3782
3947
4181
4181
4060
4367
3885
4089
3985
4040
4006
3878
4236
3853
3918
4257
3735
3731
3811
4145
3865
4273
3932
4341
3895
4069
4136
3907
3846
3876
3853
4132
4186
3991
4151
4053
3703
3781
3672
3890
4049
3952
3929
4237
3975
4314
4406
4489
4040
4035
4148
4111
3916
4061
4256
4017
3523
4044
4171
4143
3872
3876
4729
3884
4047
3994
3840
3786
3852
3969
4194
3951
4075
4227
3685
3994
3905
4015
3392
3573
3543
3376
3874
3172
3686
3725
3635
3632
3379
3800
3742
3523
3980
3721
4188
4001
3693
3851
4026
3918
3472
3540
3587
3451
3299
3739
3341
3791
3487
4046
3481
3595
3240
3549
3581
3583
3944
3723
3744
3639
3405
3719
3632
3700
3667
3208
3603
3824
3952
3877
4022
3126
3837
3527
3659
3362
3651
3860
3795
3468
3175
3524
3546
3978
3859
3874
3490
3461
3818
3607
3186
3679
4004
3757
3832
3572
3707
4227
3908
3419
3675
3439
3956
3662
3486
3512
3990
3563
3650
3366
3586
4129
3616
3966
3697
3762
4175
3691
3908
4032
3569
3174
3681
3777
3646
3413
3459
3865
3476
3620
3599
3514
3501
3719
3670
3834
3048
3412
3708
3992
3567
3469
3699
3677
3678
3847
3466
3463
3750
3901
3586
3444
3919
3339
3481
3662
3347
3426
3522
3569
3462
3803
3552
3875
3716
3521
3590
3565
3651
3330
3553
3894
3741
3851
3502
3586
3399
3427
3324
3517
4007
3726
3647
3977
3463
4004
3685
4080
3536
3597
3841
3809
3555
3850
3987
3584
3344
3933
3751
3617
3445
3712
4072
3611
3954
3761
3452
3355
3302
3328
3694
3608
3550
3879
3475
3361
3423
3923
tempo: 0.016164