200 200
4266
3965
4071
4221
3617
4141
3900
4324
4093
4198
3661
3655
4031
3965
3994
4040
4518
4112
4188
4100
4063
4018
3583
3902
3645
3834
3920
3857
3519
4038
4198
4162
4320
4060
4302
4057
3948
3761
3935
4095
3791
3917
3849
4368
3981
4196
4229
3949
4065
4229
3946
3560
4167
4383
4020
3801
4090
4123
4147
3762
3832
4285
4273
4101
4168
3778
3886
4031
4060
4204
3902
3866
3817
4213
3831
4039
4046
4260
4112
4047
4146
4097
3614
3771
4166
4251
4273
3889
4049
4396
3677
4113
3871
3708
4551
3810
4285
4018
3525
3951
4040
3482
3758
3771
4032
4107
4356
3862
4135
3862
3975
4322
4249
4194
4183
4335
4103
4207
4058
3655
3635
4410
4232
4124
3914
3599
4094
4098
3796
3655
3948
3907
4073
4093
3954
3811
4255
4514
3959
3860
3834
3791
3515
3978
3888
4519
4031
4026
3883
3927
4186
3998
4157
3953
4193
3844
4010
4015
3594
4117
4091
4213
3599
4401
4491
4270
3914
3737
4125
3998
3852
3588
3964
4209
4643
3919
3893
3895
3910
4004
4068
3789
3760
3983
4193
3814
3781
4137
3987
4192
4280
3633
3955
4338
4212
4124
4210
3749
3950
4102
4444
4243
4405
4364
4144
4265
4054
4414
4206
4494
3862
3765
4278
4308
4005
4360
4577
4230
4377
4180
4297
4318
3818
3655
3924
4026
4065
3951
4059
4455
4238
4418
4446
4210
4399
4241
4021
4126
4019
4082
3907
4256
4216
4583
4270
4514
4174
3826
4261
4429
4106
4032
4326
4502
4262
4193
4291
4585
4458
3820
4161
4217
4405
4192
4333
4149
4015
3890
4624
4242
4340
3991
4052
4335
4264
4055
4388
4336
4107
4033
4390
4354
3880
4012
4483
4424
4476
4220
4231
4519
4066
4397
4251
3971
4741
4142
4483
4225
4029
4567
3883
3919
3895
4077
4112
4524
4579
4219
4362
4358
4089
4581
4391
4628
4412
4461
4124
4645
4486
4040
4085
4264
4426
4468
4202
3890
3920
4108
4364
3827
3983
4140
4274
4221
4082
4383
4403
4600
4430
4310
3968
3958
3846
4418
4116
4668
4244
4199
4409
4142
4250
4217
4178
4290
4229
4398
4086
4002
3961
4303
4601
4298
4052
4663
4532
4296
4395
3960
4441
4315
3891
4215
3975
4548
4638
4062
4343
4051
4152
4086
4364
4142
3936
4090
4206
4386
4405
4147
4259
4259
4445
4016
4340
4625
4640
4259
4499
4061
4188
4278
4179
4158
3702
3978
3984
3877
3769
4007
4045
4053
3761
3536
4004
3888
3737
3787
4186
4104
4264
4045
4109
3892
3491
3788
3496
4069
3932
3718
3491
3970
4163
4205
4114
3778
4100
4079
3893
3763
3930
3991
4129
3994
4101
4099
3846
4256
3957
3708
3861
4328
4114
3479
3996
4290
3982
3775
4172
4114
3927
3663
3646
4257
4097
3978
4143
3650
3610
3927
4082
4043
4107
3957
3999
4015
3949
3905
4119
4298
3980
3923
3979
4057
3940
3657
4043
4402
4223
3804
3946
4131
3710
4051
3743
3857
4484
3786
3842
3651
3628
4026
3789
3649
3621
3676
4029
4134
4063
3817
4055
3752
3753
4149
3978
4145
3824
3943
4136
4174
4186
3953
3802
3899
4247
4138
3894
3635
3703
3805
3913
3796
3912
3714
4212
3936
3991
3917
4056
4454
4057
3920
3511
3652
3608
4049
4007
4458
3969
3816
3843
3924
4171
3758
3881
4074
4185
3954
3980
3998
3638
3985
4207
3877
3843
4259
4366
3945
4207
3436
3927
3780
3847
3669
3776
4025
4495
3755
3919
3942
3856
4040
3983
3950
3621
3970
3665
3723
3803
4032
4057
4089
4125
3711
3979
4256
4253
4173
4198
3758
4011
3994
3912
3846
3918
3949
3685
3747
3554
3965
3877
3900
3428
3724
3901
3989
3548
3517
3906
3792
3961
3852
3809
3631
3513
3370
3410
3760
3599
3808
3550
4011
4040
3900
4100
3735
3983
3790
3541
3713
3661
4059
3710
3740
3547
3735
3605
4067
3826
3471
3751
3900
3747
3284
3775
4269
3827
3395
4056
3868
3965
3527
3439
3877
3844
3701
3727
3633
3404
3480
3994
3807
3863
3529
3828
3885
3725
3915
3855
3931
3823
3673
3973
3922
3598
3513
3748
4027
3924
3686
3696
3959
3357
3977
3571
3705
4290
3778
3937
3867
3389
3755
3555
3260
3639
3515
3807
4033
3983
3802
4024
3576
3584
4104
4011
3927
3703
3875
3874
3854
3773
3684
3808
3955
3956
3805
3645
3330
3872
3601
3738
3660
3606
3447
3935
3463
3841
3436
3829
4128
3887
3692
3759
3369
3364
3671
3915
4096
3816
3686
3848
3537
3919
3721
3933
3772
3864
3852
3883
3636
3552
3842
4031
3798
3779
4078
3922
3861
4011
3470
3851
3731
3617
3346
3635
4182
4160
3532
3871
3713
3733
3740
3781
3681
3522
3762
3662
3612
3687
3786
3843
4022
3966
3508
3744
3957
4270
3737
4096
3535
3810
3979
4726
4509
4409
4469
4067
4244
4082
4514
4160
4469
3803
4230
4098
4435
3954
4287
4640
4450
4600
4315
4431
4359
3863
3966
3830
4154
3996
4429
4019
4534
4304
4475
4743
4109
4518
4147
3998
4304
4100
4398
4105
3910
4340
4635
4008
4862
4341
3981
4300
4674
4407
3750
4407
4548
4472
4119
4529
4628
4396
4096
4422
4439
4468
4507
4716
4173
4035
4358
4748
4307
4403
4214
4172
4513
4346
4542
4376
4793
4410
4359
4402
4379
4154
4006
4343
4965
4584
4207
4432
4509
3811
4467
4236
4269
4735
4338
4526
4408
4217
4601
4266
3941
4271
4124
4330
4674
4332
4131
4386
4200
4473
4536
4740
4732
4257
4721
4652
4465
4539
4269
4190
4261
4452
4613
4487
4042
4298
4142
4250
3995
4287
3839
4619
4387
4496
4113
4467
4631
4207
4229
4097
4171
4041
4409
4332
4694
4412
4238
4208
4099
4591
4193
4401
4304
4506
4433
4221
4192
4270
4351
4861
4326
4276
4765
4763
4580
4636
3862
4682
3939
4265
4319
4164
4695
4918
4030
4307
4416
4310
4290
4409
4154
4162
4147
4509
4160
4065
4394
4448
4482
4372
4129
4176
4734
4649
4453
4361
4194
4400
4549
4103
4009
3944
3837
4036
3968
3575
4041
3693
3904
3511
3724
3624
3796
3604
3711
4019
3806
4121
3720
3866
3821
3384
3512
3663
3626
3743
3843
3329
4053
4091
4101
3851
3555
3889
3609
3884
4050
3563
4075
3697
3613
3888
4132
3827
4320
3738
3698
4060
4090
3968
3418
4207
4277
3912
3719
3779
4256
4071
3535
3720
4169
3792
4021
3850
3510
3422
3454
4163
3673
3801
3507
3566
3945
3780
3932
3872
4151
3606
3666
3852
4050
3899
3547
3876
4388
4017
3701
3675
4069
3706
3826
3822
3548
4434
3772
4044
3983
3415
3841
3649
3597
3617
3767
3893
3840
4037
3785
3830
3650
3712
4000
3958
4251
3882
3750
3959
4085
4187
3789
3719
3888
4245
4007
3813
3588
3657
3628
3788
3689
3822
3504
3989
3808
3885
3741
4155
4134
4026
3813
3901
3440
3717
3865
3989
4143
3855
3902
4055
3466
3978
3704
3648
3982
4064
4020
4073
4148
3567
3836
4196
3756
3841
4173
3891
3781
3876
3541
3866
3988
3605
3671
3826
4091
4136
3504
3966
3677
3827
3811
4053
3480
3289
3794
3842
3850
3507
3814
3842
3805
4134
3721
3788
4011
4237
3978
4177
3639
3914
4104
3907
4161
4139
4130
4077
4042
3765
4463
4010
4002
3721
3632
3825
3997
3849
3944
4341
4069
4187
4057
4195
4220
3600
3775
3647
3858
3709
3868
3641
4066
4073
4170
4192
3755
4272
4113
3807
3954
3976
4277
3956
3701
4017
4213
3840
4438
4118
3771
4024
4273
3924
3625
4246
4331
4220
4015
4219
4147
4174
3624
3773
4016
4348
3991
4108
3805
3656
3712
4221
3994
4026
3825
3876
4134
3874
4116
3957
4078
4116
3842
4154
4349
3910
3810
4156
4254
4272
4123
4063
4143
3687
4194
4055
3783
4545
3704
4220
4000
3760
4188
3827
3595
3882
3874
4234
4326
4258
4124
4285
4152
4117
4413
4258
4369
4096
4195
3945
4473
4228
3829
3886
4205
4218
4374
3739
3419
3959
3963
3808
3801
4050
3832
4093
3934
4128
4131
3951
4356
4166
3948
3825
3647
3636
4133
3986
4254
4201
3905
4214
3773
3953
4204
3944
4000
4291
4033
4182
3724
3764
3870
4422
4245
3801
4343
4316
4084
4222
3594
4089
3907
3975
3654
3895
4315
4420
3711
4244
4080
3841
3984
4036
3703
3723
4052
4011
3821
3833
4058
3926
4116
4072
3780
4248
4326
4344
3947
4155
3783
4145
4141
4097
4172
3964
3988
3904
3894
3810
4098
3794
4083
3535
3847
3940
3942
3512
3984
3987
3991
3985
4077
3964
3729
3489
3788
3479
3831
3634
3847
3524
3951
4128
3835
4026
3651
4175
3741
3770
3948
3853
3915
3792
3874
3761
4156
3688
4257
3886
3800
3886
3915
3747
3420
4027
4150
3983
3666
3883
4171
4159
3450
3960
3950
4277
4048
4143
3671
3761
3650
4070
3946
3773
3846
3805
4086
3888
4006
4098
4235
3975
3723
4005
4032
3606
3505
4034
4321
4227
3877
3873
4195
3532
4248
3685
3823
4170
3794
4032
3906
3498
4014
3937
3312
3711
3635
3893
3976
4052
3862
3930
3817
3724
4304
4213
4041
4119
4087
3926
4241
3986
3661
3828
3903
4106
4052
3768
3586
3853
3959
3923
3541
3827
3704
3975
3638
3888
3631
4098
4147
4057
3867
3791
3622
3538
4024
3983
4322
3912
3875
3872
3915
4134
3853
3997
3838
4075
3670
3988
3823
3559
3893
4258
3969
3760
4400
4231
4098
4009
3738
4145
4037
3942
3649
3729
4061
4209
3927
3778
3646
3681
3929
4037
3574
3683
3760
4042
3775
3839
4000
3976
3912
4221
3797
3801
4231
4129
3967
4077
3653
4066
3991
4385
4077
4085
4044
3862
4006
3710
4299
3848
4048
3684
3833
3784
3724
3856
3979
4269
3940
4142
3783
4119
3910
3537
3769
3438
3861
3706
3979
3807
3971
4084
4304
4140
3742
4247
3978
3815
3861
3956
4204
3921
3892
4042
4188
3664
4283
4101
3866
3933
3886
3900
3370
3955
4443
4159
3905
4097
4280
3995
3770
3786
4074
4128
3975
4300
3866
3675
3640
4059
3869
3983
3800
3757
3995
3924
3839
4029
4093
3873
4064
3956
4193
3801
3665
3964
4123
4111
4039
3691
4126
3735
4040
3957
3961
4287
3800
4104
4086
3567
4054
3877
3686
3516
3666
3906
4035
4114
4011
4182
3650
3851
4321
4241
4213
3911
4178
3818
4173
3991
3694
3823
3926
4059
4201
4043
3704
3948
3784
3773
3635
3846
3912
4055
4188
4057
3712
4239
4341
4071
3805
3813
3733
3729
4078
4009
4454
4006
3646
3710
3900
4197
3800
4117
3913
4126
4148
4155
3732
3744
3960
4096
4062
3913
4485
4365
3886
4073
3671
4193
3900
3765
3735
3861
4410
4488
3689
4192
4029
3656
3914
4093
3614
3782
3935
3965
3749
3822
3836
3847
3880
3779
3522
3853
4148
4095
3936
3979
3613
4051
3991
4448
4338
4041
4192
3843
4138
3790
4282
4010
4187
3648
3638
3862
3908
4078
3998
4468
4204
4426
3857
4006
4187
3625
3919
3494
3757
4031
3753
3750
4045
4249
4259
4333
3956
4094
4147
3744
3756
4008
3860
3976
3923
4174
4267
3996
4406
4092
3933
4009
4160
4044
3657
4180
4425
4160
4042
4273
4256
4083
3882
3798
4176
3932
4044
4142
3772
3793
3880
4329
4077
3902
3777
3724
4274
4008
3861
3902
4426
4076
4187
4082
4037
3777
3758
4352
4574
4168
3714
3847
4261
3781
4223
4140
3895
4580
3782
4202
3791
3718
4159
3984
3677
3881
3696
4085
4367
4210
3817
4188
3823
4054
4340
4209
4247
3948
4016
4211
4133
4297
3761
3923
4147
4438
4032
3934
3765
3881
3892
3790
3736
3930
3874
4040
4000
4088
3679
4242
4389
4070
4008
3895
3762
3508
3821
3794
4489
3955
4119
3754
3930
4366
3957
3989
4088
4257
4062
3948
4089
3816
3960
4332
4043
3841
4279
4337
4211
4186
3502
4319
3860
3933
3882
3946
4346
4306
3951
4184
4214
4009
4017
4082
3852
3593
3974
3878
3583
3921
3902
4226
3904
4076
3847
4103
4478
4345
4132
4071
3792
4091
4267
4485
4312
4462
4400
4227
4326
3899
4292
4067
4342
3704
3913
4012
3965
3973
4066
4531
4163
4475
4307
4306
4213
3639
3915
3815
3947
3872
4129
3961
4261
4272
4474
4347
4090
4438
4259
3788
4043
4085
4389
4198
3990
4364
4538
4206
4581
4336
3850
4364
4481
4183
4159
4288
4264
4354
4035
4525
4530
4449
3990
4195
4255
4507
4146
4463
4036
4046
3806
4637
4185
4352
4098
4021
4463
4204
4152
4457
4447
4214
4020
4297
4445
3953
3998
4334
4703
4541
4218
4015
4653
3809
4289
4226
4058
4653
3817
4470
4144
4007
4234
4161
3896
4099
3875
4487
4463
4249
4291
4399
4188
4243
4476
4515
4757
4603
4190
4386
4563
4365
4034
4006
4342
4495
4532
4387
3890
4070
4429
3979
3986
3886
4010
4369
4336
4072
4115
4363
4515
4109
4320
4153
4034
3792
4456
4045
4630
4222
4088
4124
3960
4443
4278
4329
3950
4346
4142
4285
4291
4012
4117
4481
4299
4116
4712
4287
4362
4253
3736
4393
4096
3764
4083
3966
4564
4789
4033
4367
4344
4188
4290
4465
4117
3880
4244
4373
4070
4281
4209
4054
4181
4315
3871
4433
4571
4772
4441
4369
4038
4190
4490
4845
4593
4442
4535
4228
4446
4181
4641
4316
4344
4009
4240
4329
4402
4183
4333
4666
4530
4657
4277
4535
4376
3988
4077
4028
4193
4238
4087
4039
4748
4610
4713
4758
4289
4519
4343
3924
4367
4342
4619
4449
4344
4208
4863
4257
4835
4467
4123
4508
4793
4534
4263
4617
4942
4506
4268
4750
4616
4478
4253
4332
4695
4552
4527
4443
4460
4063
4108
4661
4278
4397
4254
4387
4509
4379
4491
4693
4518
4577
4329
4517
4497
4236
3991
4738
4982
4585
4334
4422
4601
4141
4507
4227
4237
4919
4386
4488
4377
3867
4510
4424
4306
4188
4182
4573
4726
4520
4287
4574
4347
4235
4619
4794
4753
4371
4512
4379
4674
4662
4278
4409
4766
4831
4468
4175
3809
4212
4360
4337
3933
4296
4028
4660
4358
4502
4210
4499
4721
4715
4399
4242
4095
4117
4508
4271
4903
4609
4399
4412
4433
4830
4445
4274
4295
4817
4382
4391
4455
3993
4424
4568
4525
4372
4761
4631
4449
4406
3916
4656
4195
4194
4018
4127
4776
5093
4356
4530
4412
4218
4375
4573
4122
4202
4471
4373
4260
4267
4434
4444
4320
4452
4378
4467
4666
4839
4543
4646
4134
4335
4665
4304
4062
4182
4071
3703
4078
3997
4327
3994
4076
3621
3776
4035
4046
3873
4166
4219
4289
4406
4219
4199
4113
3769
3711
3833
3791
3939
3963
3704
4209
4244
4262
4252
3710
4516
4243
3834
3959
3835
4079
3965
3983
4157
4468
3972
4583
4030
3792
4129
4361
4394
3686
4370
4292
4358
3989
4363
4316
4061
3875
3793
4296
4154
4064
4569
3752
3993
3792
4392
4298
4077
4039
3971
4122
4203
4048
4076
4478
4035
3956
4215
4163
3736
3785
4186
4424
4301
4046
4096
4268
3671
4271
4190
3779
4303
3831
4202
3955
3995
4211
3981
3769
4185
3785
3961
4272
4251
4093
4126
3967
3737
4440
4392
4180
4190
4310
4192
4294
4192
4031
3882
4186
4535
4044
4039
3562
3985
3925
3696
3957
4091
3840
4223
4193
4237
3831
4213
4318
4328
4257
3929
3704
3975
4182
4001
4246
3901
4012
4037
3864
4253
3971
3955
3981
4260
4021
4218
4002
3912
3971
4308
4167
3941
4499
4313
4256
4375
3750
4286
4028
3925
4007
3909
4584
4626
3913
4032
4223
4079
3852
3944
3839
3726
4010
4114
4134
3976
4156
3914
4314
4316
3843
4358
4656
4245
4221
4262
4044
4182
4097
4260
4331
4182
4331
4163
4027
4234
4442
3986
4306
3603
4000
4184
4144
3833
4311
4439
4276
4447
4152
4201
4100
3811
3995
3851
3997
3959
4201
3895
4353
4500
4340
4172
3997
4123
4053
3988
4100
3838
4100
4054
4142
3960
4394
4067
4446
4228
3983
4155
4414
4112
3674
4190
4493
4118
4060
4503
4272
4299
4181
3930
4309
4496
4331
4424
4053
4003
3855
4426
4235
4179
3717
3957
4199
4289
4104
4518
4461
4373
3910
4507
4267
4044
3921
4258
4707
4387
4165
4180
4348
3831
4499
4177
3937
4703
4024
4223
4024
3921
4333
3897
3912
4005
3842
4265
4561
4387
4071
4244
4087
4008
4481
4312
4344
4330
4239
4249
4303
4349
4064
4050
4268
4272
4346
4098
3761
4118
4099
4056
3884
4138
3748
4076
3880
4218
3913
4269
4494
4374
4185
3982
4046
4100
4119
4031
4509
3843
4344
4327
3953
4256
3972
4229
4151
4309
4056
4006
4137
4014
4304
4337
4108
3847
4309
4420
4110
4231
3918
4222
4296
4107
3873
4059
4212
4450
4271
4231
4099
4209
4147
4429
4017
3952
4153
3731
3831
4161
4269
4250
4293
4274
4026
4285
4305
4640
4322
4464
3941
4297
4264
4390
4247
4395
4167
3944
4031
4045
4243
4019
4097
3740
3767
3979
4108
3928
4020
4346
4317
4499
4349
4169
4018
3566
3935
3708
3713
4059
4114
4157
4343
4448
4087
4481
3957
4373
4013
3822
4126
3823
4246
4029
4228
4069
4459
4165
4435
3892
4349
4448
4221
4112
3721
4317
4383
4268
4170
4278
4181
4247
4007
3810
4256
4368
4183
4407
3724
3967
3746
4380
3901
4193
3929
3917
4283
4218
4104
4370
4612
4185
4112
4132
4384
3859
3643
4328
4546
4344
4055
3998
4361
3882
4047
4206
4035
4367
3862
4128
4051
3980
4451
4138
3789
3697
3942
4107
4047
3999
4063
4270
4309
4009
4367
4393
4291
4206
4231
4293
4469
4287
3734
4125
4307
4339
4263
4102
3744
4030
4076
3931
3899
3882
3829
4127
4153
4198
3923
4418
4522
4377
3950
3956
3658
3723
4246
3883
4670
4192
4164
4192
4119
4391
4276
4121
4030
4286
4056
4114
4206
3881
4047
4551
4090
4174
4568
4377
4136
4066
3639
4408
4023
3810
4082
3992
4390
4718
3985
4134
4121
4077
4246
4459
3819
4103
4140
4191
3820
3818
4121
4209
4166
4291
3775
4218
4537
4411
4229
4083
3874
4180
4303
4028
3851
3792
3910
3671
3649
3711
4043
3746
3759
3539
3708
3542
3679
3421
3746
3746
3969
4100
3849
3678
3829
3431
3375
3395
3765
3770
3560
3588
3989
3825
3782
3903
3612
4028
3591
3689
3651
3651
3922
3696
3820
4001
4002
3739
4207
3759
3751
3872
3815
3835
3277
3823
4400
3873
3597
3873
4177
3909
3570
3789
4120
3950
3949
3916
3501
3429
3500
3939
3716
3786
3713
3768
3833
3765
3763
3943
3872
3913
3775
3748
3875
3347
3541
4095
3910
4045
3678
3794
3906
3486
3994
3811
3763
4260
3781
3818
3737
3606
4003
3623
3603
3616
3741
3943
3815
3995
3613
4074
3680
3527
4229
4022
4223
3797
4084
3808
4103
3803
3711
3781
3919
3989
4033
3481
3254
3545
3847
3691
3399
3909
3657
3932
3870
3948
3546
4000
4265
4107
3712
3706
3429
3547
3945
4011
4336
3744
3768
4013
3564
3788
3982
3744
3781
3958
3722
3846
3794
3484
3760
4046
3893
3735
4332
3838
3788
3983
3324
3988
3817
3594
3722
3879
3923
4132
3630
3940
3830
3665
3748
4146
3466
3493
3738
3865
3818
3665
3961
3655
3614
4083
3571
3751
3994
4100
3854
3954
3432
3764
3989
4330
4256
4267
4051
4199
3986
3862
4134
3869
3941
3603
3821
3877
4014
3811
4018
4236
4264
4083
3948
3974
3990
3642
3625
3778
3668
3852
3855
3723
3958
3949
4086
4089
3633
4272
3931
3724
4055
3887
3998
3919
3748
3935
4125
3936
4184
3926
3929
4083
4318
3921
3719
4188
4238
4051
3949
4057
4147
4138
3611
3880
3963
4059
3997
4178
3649
3681
3726
4097
3960
4043
3966
3776
3968
4039
4093
4163
3993
4141
3915
3930
4252
3737
3841
3970
4461
4176
3985
4030
4135
3920
4206
4007
3995
4265
3853
4069
4143
3626
4101
3996
3622
3969
3654
4046
4130
4244
3831
4115
3820
3845
4128
4353
4150
4025
4223
4096
4155
3951
3789
3819
3966
4175
4172
3831
3435
3989
4047
3631
3672
4077
3799
4019
4143
4060
3860
4355
4455
4177
4164
4005
3763
3546
3902
3893
4309
4018
4003
3701
3716
4384
4108
4041
4167
4272
4146
4187
3836
3856
3937
4430
3933
3935
4462
4412
3943
4115
3762
4056
3920
3856
3875
3942
4397
4441
3868
4052
3938
3836
4060
4082
3561
3851
4090
3914
3925
3777
4156
3946
3824
4191
3736
3866
4507
4136
3889
3951
3596
3959
4048
4416
4369
4331
4173
4232
4238
4066
4236
4236
4326
3850
3941
3855
4184
4149
4287
4484
4331
4177
3888
4454
4300
3924
3953
3747
3993
4183
4318
3965
4361
4727
4374
4410
3988
4526
4224
4005
4223
4174
4549
4130
4267
4247
4598
4035
4611
4086
4100
4432
4341
4115
3655
4360
4428
4225
4069
4338
4598
4363
4076
4334
4524
4258
4223
4512
3814
4004
3971
4662
4052
4267
4225
4147
4302
4275
4425
4212
4429
4123
3958
4242
4401
4162
3836
4575
4589
4449
4238
4272
4397
3895
4247
4271
4055
4689
4000
4527
4163
3941
4394
4340
3853
4105
3909
4272
4501
4297
4053
4171
4239
4267
4551
4433
4224
4237
4393
4291
4399
4476
3843
3972
4185
4678
4208
4031
3812
4262
4192
4137
4164
4208
3783
4174
4263
4396
3965
4365
4746
4504
4294
4120
3966
4018
4161
4217
4682
4309
4150
4079
4069
4428
4140
4270
4230
4590
4247
4331
4237
3951
4251
4603
4387
4223
4739
4447
4263
4530
3570
4234
4255
4243
4203
4039
4512
4420
4016
4416
4057
4151
4336
4289
3987
3952
4143
4260
3890
4107
4432
4509
4370
4279
4008
4204
4698
4544
4423
4147
4122
4149
4352
4422
4368
4010
4161
3986
4182
3999
4369
4201
4163
3807
3837
4121
3944
4212
4126
4419
4149
4387
4127
4120
4189
3728
3878
3738
3872
4050
3898
3856
4028
4328
4236
4276
4096
4394
4045
3715
4146
3991
4091
3844
4009
4194
4478
3982
4319
4014
3879
4339
4426
4010
3658
3964
4442
4193
3952
4293
4531
4212
3829
3954
4363
4498
4256
4089
4030
3975
3685
4169
4000
4290
4119
4154
4303
4088
4209
4131
4358
4051
3992
4259
4358
3783
3846
4149
4542
4515
4136
4212
4516
3809
4193
4037
3999
4634
3981
4341
4174
3669
4363
4024
3615
3887
4145
4362
4403
4261
4075
4296
4180
4013
4343
4414
4387
4193
4388
4292
4281
4116
3942
4180
4380
4264
4280
3914
3702
3985
4157
4059
3817
3894
3969
4335
4077
4137
4024
4309
4452
4260
3905
3982
3872
3737
4303
3805
4686
4209
4223
4079
4041
4310
4323
4082
4079
4382
4182
3976
4269
3850
4342
4358
3865
4358
4501
4491
4033
4392
3688
4362
4122
3807
3940
3940
4575
4535
4099
4328
4223
4012
4070
4385
4083
3828
3908
4266
3863
4074
4176
4271
4324
4328
3806
4147
4567
4547
4228
4078
3880
4322
4238
4166
4225
3985
4428
3880
4028
3916
4257
4056
4115
3514
3544
3946
3860
3863
4104
4060
3957
4214
3721
4060
3697
3653
3762
3378
3549
3823
3691
3648
4133
4164
4250
4263
3905
4124
4077
3698
3772
3756
4000
4022
3864
3786
4101
3863
4318
3934
3610
4049
4128
3877
3667
4033
4227
4008
3889
4243
4062
3910
3741
3747
4103
4120
4111
3989
3680
3841
3852
4178
3781
3856
3885
3721
4027
3934
3960
4156
4083
4153
3864
3914
3976
3790
3752
4260
4272
4204
3946
3863
4267
3881
4090
4139
3719
4347
3783
4359
3873
3585
4171
4001
3655
3747
3675
4145
4427
4167
3876
4254
3861
3874
4348
3969
4211
4129
3979
4030
4030
4083
3554
3829
4132
4207
4031
3933
3494
3910
3996
3933
3513
3874
3732
4033
3844
3977
3723
4180
4411
4089
3971
3781
3813
3427
3992
3870
4435
3976
3876
3836
3771
4277
3764
3897
3829
4203
3975
3772
3888
3795
3847
4289
4058
3688
4268
4489
3967
4087
3546
4055
3896
3656
3728
3787
4162
4322
3601
4102
4080
3878
4099
3782
3683
3830
3808
3736
3884
3856
3949
3845
3959
4042
3689
4031
4358
4345
4017
4079
3724
3891
4193
4086
4003
4059
4058
3680
3831
3500
4165
3863
3936
3377
3548
3883
3678
3508
3751
4247
3985
3863
3881
3914
3708
3392
3370
3389
3688
3834
3897
3730
3945
4052
4083
3877
3806
4006
3854
3462
3849
3525
4007
3600
3828
3645
4280
3827
4133
3891
3640
3954
3915
3781
3664
3739
4211
4156
3740
3950
4125
3852
3699
3720
4059
4098
4101
4014
3626
3782
3602
4200
3746
3905
3556
3836
3928
3906
3882
3930
4042
3782
3792
3935
4044
3448
3644
3913
4021
4035
3530
3892
4114
3536
3790
3730
3609
4352
3824
4117
3796
3537
3864
3839
3417
3575
3759
3791
3914
3945
3661
3929
3757
3593
4427
4021
3843
3653
4027
4067
3952
3952
3608
3655
3876
4147
3962
3683
3290
3765
3969
3880
3507
3557
3339
4048
3712
3804
3574
3993
4302
3921
3654
3576
3637
3347
3776
3491
4375
3770
4053
3834
3745
3982
3630
3777
3747
4058
3656
3804
3653
3553
3660
4069
3875
3562
4272
4195
3782
3977
3423
3909
3539
3699
3712
3528
3977
4049
3888
3803
3908
3796
3945
4154
3808
3557
3576
3630
3562
3704
4143
4078
4229
3903
3547
3848
4061
4149
3905
4048
3562
3834
3929
4493
4506
4215
4330
4033
4376
4055
4338
4118
4271
4019
3864
4089
4168
4100
4366
4417
4461
4543
4216
4443
4333
4092
4007
3969
3992
4075
4030
3771
4195
4451
4358
4504
4014
4295
4329
4059
4069
4122
4173
4087
4077
4195
4276
4168
4736
4232
3905
4183
4566
4617
3655
4350
4566
4444
4128
4459
4602
4306
4006
3876
4529
4408
4408
4298
4060
3912
4031
4561
4378
4384
3973
4201
4574
4227
4243
4289
4486
4078
3995
4315
4448
4017
3748
4378
4619
4530
4078
4255
4521
4082
4535
4350
3907
4741
4039
4324
4049
3997
4476
4110
3718
4102
4078
4296
4645
4597
4067
4353
4134
4290
4390
4465
4409
4371
4395
4299
4366
4194
4326
4279
4348
4380
4195
4213
3979
4204
4328
4205
3925
3933
4200
4294
4093
4230
4051
4518
4796
4068
4171
4092
4053
4088
4508
4068
4613
4317
4248
4200
3993
4498
4194
4283
4143
4388
4386
4314
4303
4068
4145
4462
4296
4177
4582
4594
4230
4624
3836
4337
4264
4309
4056
4139
4735
4718
4037
4348
4384
3876
4047
4168
4248
3718
4291
4183
4085
4142
4235
4387
4300
4406
3955
4409
4705
4701
4419
4278
3937
4429
4580
4264
4018
4023
3915
4108
3967
3745
4360
3867
3990
3640
3643
3726
4082
3869
3805
4133
4115
4179
3839
3931
4054
3601
3491
3499
3487
3876
3830
3770
4228
3958
4105
4154
3844
4223
3910
3724
3893
3750
3898
3733
3725
3806
4036
3845
4277
3795
3686
3867
4190
4133
3204
4062
4203
4193
3763
4102
4310
3700
3587
3750
4221
4026
4126
4320
3771
3637
3459
4315
3758
3991
4037
3843
4147
3888
4076
3981
4210
3916
3813
4023
4034
3872
3801
3981
4367
4081
3889
3790
4068
3670
3964
3917
3602
4460
3581
4087
3924
3627
3960
3842
3476
3840
3759
4086
4032
3976
3835
4021
3825
3867
4212
4213
4048
3813
4002
4075
4201
4071
3830
3740
4109
4379
4140
3829
3567
3838
3865
3806
3691
3843
3703
3968
4182
3949
3585
3809
4339
4108
3938
3833
3585
3578
3838
3666
4166
4036
3970
3890
3684
4099
3852
3896
3936
4022
3915
3909
3802
3653
3765
4334
3832
3846
4002
4125
4022
4209
3480
4029
4040
3722
3663
3791
4480
4338
3756
4015
4080
3878
3859
3959
3721
3750
3828
3908
3887
3964
3959
4020
4056
4233
3758
3957
4137
4498
3963
3967
3696
3876
4075
4307
4228
3892
4047
3867
3817
3795
4201
3941
3931
3500
3669
3891
3688
3803
3781
4208
4068
3904
3916
4014
3867
3686
3418
3419
3718
3860
4092
3683
4072
4247
4301
4232
3741
3978
3867
3837
3740
3661
3948
3949
3655
3639
3983
3830
4224
4070
3692
4120
3986
3726
3499
3946
4324
4064
3718
4059
4119
4067
3830
3800
4218
4131
4016
4125
3687
3799
3621
4139
3884
3699
3573
3899
4058
3774
3971
4032
3977
3752
3777
3993
4056
3784
3862
3874
4320
4110
3611
4157
4086
3671
4054
3766
3857
4473
3814
4006
3866
3638
3863
3654
3582
3639
3712
4070
4142
4168
3936
4090
3778
3909
4305
4261
4018
3915
4312
3895
4122
4027
3755
3770
3885
4182
4182
3831
3509
3888
4016
3752
3552
4015
3609
4015
3781
4012
3598
3778
4121
4055
3991
3704
3590
3607
3825
3845
4353
4040
3964
3757
3634
3799
3698
3943
4050
4206
3806
3748
3720
3525
3818
4331
4001
3852
4118
4116
3980
4073
3371
4006
3886
3947
3590
3674
4097
4301
3641
4009
3776
3914
4089
4012
3688
3887
3970
3966
3894
3645
4052
3936
4121
4025
3728
3980
4085
4353
4122
4058
3758
3994
3910
4141
3967
3945
3944
3815
3883
3656
3929
3783
4207
3473
3668
3861
3833
3530
3793
3979
4054
4073
3840
3928
3849
3591
3742
3608
3462
3711
3948
3679
3986
4042
3887
4162
3685
3979
4004
3874
3739
3723
3908
3710
3824
3762
4031
3836
4238
3789
3742
4031
3997
3820
3411
3924
4074
3849
3969
4003
4096
4098
3470
3732
4042
3899
3871
3986
3602
3561
3707
4220
3657
3900
3586
4015
4149
3877
3733
4135
4171
3929
3788
3780
3849
3649
3591
4141
4363
4128
3729
4004
3898
3625
3954
4056
3687
4104
3600
4210
3952
3809
4101
3945
3580
3635
3785
3795
3985
3949
3537
4106
3809
3657
4243
4142
4054
4038
3896
4000
3983
4044
3598
3736
3915
4100
4038
3907
3567
3776
3726
3637
3526
3711
3412
3946
3691
3964
3642
4222
4183
4039
3897
3639
3469
3566
3972
3950
4250
3935
3895
3768
3525
4239
3800
3663
3636
4186
3661
4116
3730
3581
3810
4136
4137
3972
4293
3988
3924
4023
3508
4193
3640
3954
3799
3819
3960
4120
3923
3933
3763
3726
3819
3917
3372
3687
3754
3972
3457
3751
4007
3788
3801
3958
3574
3920
4029
3955
3913
3887
3758
3941
3908
tempo: 143