200 200
4542
4163
4362
4262
4150
4061
4059
4475
4183
4051
3859
3740
4021
4327
4149
4242
4631
4289
4344
4186
4191
3971
3619
3579
3921
3968
4170
3879
3876
4348
4510
4487
4603
3929
4354
4219
3912
4115
3991
4208
4248
4151
4404
4755
4164
4613
4363
3867
4361
4519
4166
3856
4204
4428
4169
3876
4407
4435
4248
3723
4131
4531
4280
4278
4236
3973
3861
3986
4380
4442
4300
4122
4134
4305
4064
4169
4215
4473
4302
4171
4227
4322
3998
4015
4470
4382
4584
4207
4096
4562
3603
4282
4134
3857
4583
4177
4381
4057
3785
4462
4034
3923
4127
4047
4164
4355
4467
4242
4236
4291
4025
4690
4288
4559
4437
4132
4110
4597
4159
3978
4000
4358
4632
4239
3966
3717
3978
4153
3984
3681
4065
3854
4176
4100
4221
4143
4162
4613
4468
4132
4042
3882
3919
4258
4121
4629
4515
4137
4287
4193
4452
4211
4216
4082
4455
4026
3995
4409
3986
4259
4689
4112
4004
4522
4545
4424
4128
3850
4211
4061
4210
4170
3996
4567
4425
3972
4392
4219
3993
4278
4401
4028
3936
3843
4080
3952
4128
4293
4310
4200
4390
3950
4381
4572
4661
4228
4341
3910
4191
4520
4590
4243
4194
4325
3914
4218
3977
4242
3950
4302
3661
3818
4188
4135
3793
4115
4713
4048
4347
3983
4184
3996
3623
3919
3727
3903
3874
4342
3911
4304
4498
4285
4441
3951
4386
4188
4104
4134
3820
4349
3949
3993
4101
4373
4052
4549
4184
3958
4293
4343
4124
3775
4018
4492
4283
3941
4391
4443
4291
3854
4029
4353
4192
4020
4325
4028
3865
4037
4571
4240
4010
3809
4051
4423
3996
4039
4430
4464
4373
4088
4196
4303
3949
3859
4278
4593
4170
3985
4166
4299
4035
4287
4115
3972
4614
3868
4431
4121
3875
4330
3879
3912
4009
4008
4202
4287
4332
4072
4405
4120
4062
4382
4225
4378
4071
3987
4308
4366
4453
4004
4096
4339
4307
4334
3939
3725
4045
4157
3898
3808
3915
3740
4177
4136
4099
3950
4338
4502
4441
4051
3944
3761
3977
4188
4058
4763
4014
4010
4136
4075
4381
3791
4147
4090
4398
4006
4117
4002
3916
4178
4307
4252
4083
4770
4445
4313
4332
3761
4248
3922
4043
3967
4115
4205
4589
3893
4120
3986
4076
4182
4281
3635
3943
4068
4024
3913
3808
4101
4120
4164
4312
3619
4175
4541
4418
4166
4123
3921
4024
4271
4793
4614
4237
4522
4061
4308
4136
4262
4005
4098
3825
3744
3821
4007
4266
4258
4512
4406
4260
4095
4062
4269
3803
3875
3885
3679
4046
4148
3912
4426
4270
4518
4669
3864
4442
4094
3986
4013
4010
4261
4147
3878
4150
4221
3973
4391
4094
3768
4280
4483
4106
3766
4337
4517
4363
4191
4472
4456
4088
3783
4186
4232
4288
4262
4432
4040
3964
3723
4445
4060
4152
4111
4103
4268
4051
4235
4158
4557
4115
3988
4115
4309
4096
4014
4398
4519
4520
4270
4205
4443
3970
4188
4307
4058
4821
4006
4323
4273
4011
4339
4148
3819
3858
3886
4149
4689
4359
4105
4137
4174
4182
4186
4697
4342
4119
4318
4346
4531
4174
3895
4276
4210
4572
4593
4103
4112
4017
4332
4092
3977
4094
4033
4312
4334
4406
4079
4290
4620
4312
4136
4120
3967
3913
4372
4165
4821
4335
3982
4124
3748
4324
4050
3930
4412
4397
4467
4381
4113
3664
4033
4658
4046
4208
4750
4403
4227
4431
3738
4425
4007
4141
4052
4161
4585
4806
4074
4086
4229
4019
4260
4015
3934
3916
4315
4092
4044
4075
4152
4275
4359
4136
4056
4147
4517
4500
4013
4090
3979
4099
4348
4239
4201
4021
3999
3834
3985
3941
4156
3862
4109
3722
3806
3946
3994
4086
4120
4093
4098
4168
3882
4114
4101
3681
3564
3811
3624
3837
3871
3815
3994
4371
4107
4146
3745
4030
4080
3850
3822
3731
3964
3878
3835
3875
4328
3705
4362
4065
3451
4069
4009
3751
3675
3985
4423
4043
3966
4131
4160
4272
3839
3926
4139
3938
3976
4173
3827
3741
3624
4314
3822
3875
3600
4023
4153
4146
4123
4151
4277
4174
3769
4112
4269
3666
3855
4418
4387
4270
4175
4046
4288
3617
4162
3897
3795
4514
3682
4274
3951
3730
3961
3900
3680
3833
3733
4017
4223
4019
4014
3931
4195
3875
4309
4343
4031
4079
3932
3977
4399
4089
3517
3796
4191
4198
4077
3944
3845
3979
4154
3966
3800
3705
3860
4073
3894
4042
3577
4052
4451
3947
3880
3852
3905
3502
4164
3792
4402
4053
4071
3852
3838
3886
3852
4020
3961
4273
4054
3942
4102
3587
3891
4530
3833
3996
4246
4337
3755
4104
3406
4149
3802
4284
3952
3702
4370
4200
3983
4105
3858
3756
3922
4340
3927
3808
3879
4161
3954
4104
4011
4334
4144
3917
3761
4192
4246
4461
3758
3690
3784
4021
4183
4379
4070
4153
4302
3698
4107
3892
4214
3957
3986
3667
3745
3942
3982
3782
4167
4234
4092
4410
4185
3817
3921
3671
3829
3811
4032
3773
3951
3742
4122
4326
4249
4289
3805
4256
4016
3791
3930
3929
4166
3973
4031
4043
4428
3978
4462
4212
3782
4021
4268
3992
3539
3985
4405
4133
3964
4331
4418
4225
3767
3944
4265
4174
4063
4095
3692
3601
3963
4121
4161
4310
3806
4096
4178
4073
4061
4089
4140
4046
3807
4374
4209
3901
3708
4407
4449
4176
4223
3951
4482
3717
4158
4153
4132
4372
3879
4084
4020
4014
4362
3962
3931
3949
3909
3919
4190
4202
3948
4138
4150
3830
4298
4209
4411
4308
3987
4241
4414
4305
3853
3963
4289
4186
4533
3789
3703
4116
4049
3833
3710
3988
3840
3993
4067
3952
3865
4236
4432
4117
3888
4021
4009
3757
4205
3937
4456
4243
3900
4138
4019
4204
3960
4178
3898
4309
4028
3866
4045
3737
3918
4127
4185
3935
4505
4581
4082
4264
3803
4316
3763
4076
3810
4026
4156
4636
3855
4235
3925
3822
3866
4471
3684
3687
4032
3932
3975
3966
3923
4321
4018
4022
3737
3984
4491
4364
3994
3767
3768
4240
4126
4122
4166
3921
3970
4009
3899
3844
4323
3841
4095
3830
3645
3880
3826
3757
3909
4146
4040
3975
3953
4063
3909
3503
3598
3701
3626
3833
3897
3744
4096
4159
4155
4056
3749
4003
3772
3828
4092
3722
3886
3953
3969
3775
4139
4163
4344
3860
3754
4065
4208
3816
3574
4237
4203
3684
3893
4147
4210
4137
3754
3955
4085
4010
4217
3906
3704
3769
3866
4170
3786
3888
3828
3864
4077
3977
4031
4147
4098
4013
3920
4025
3894
3637
3644
4029
4354
3922
3849
3825
4046
3799
3886
4101
3944
4482
3706
3902
3993
3685
4291
3746
3443
3731
3650
4058
4324
3906
3593
4019
3732
3984
4163
4274
4079
3928
4176
3979
4066
4101
3784
3822
3877
4156
3927
3819
3562
3800
3690
3990
3783
3826
3617
4064
4000
4206
3984
4261
4393
4110
3911
3911
3492
3802
3734
4095
4530
3892
4003
3858
3530
4165
4137
3910
4059
4300
4276
3873
4044
3819
3950
4268
4007
3826
4371
4050
3907
4022
3463
4087
4004
3707
3790
3973
4201
4305
3733
3965
3924
3980
3999
3932
3528
3821
3896
3938
3682
3825
3844
3943
4159
4318
3727
3825
4249
4447
4156
4202
3489
3965
3780
4569
4620
4393
4501
3924
4284
4264
4699
4411
4638
4046
4031
4206
4126
4098
4415
4421
4486
4454
4487
4363
4424
3934
4032
3932
4094
4312
3970
3833
4541
4599
4798
4620
4118
4290
4263
4083
4213
4325
4291
4043
4408
4142
4693
4425
4655
4307
4072
4476
4577
4353
4068
4493
4733
4314
4422
4549
4666
4387
4192
4193
4606
4562
4351
4408
4195
4086
3996
4322
4187
4556
4132
4362
4654
4498
4289
4333
4520
4206
4146
4472
4276
4030
4013
4705
4809
4440
4296
4340
4534
4063
4566
4513
4196
4729
4104
4434
4185
4112
4559
4142
3906
4202
4098
4254
4494
4466
4205
4503
4271
4182
4569
4453
4524
4356
4435
4454
4688
4697
3989
4223
4303
4527
4416
4160
4039
4176
4252
3947
4046
4186
4104
4319
4482
4398
3949
4427
4659
4378
4413
4151
3980
4137
4473
4236
4721
4431
4228
4514
4092
4542
4326
4198
4144
4372
4451
4218
4332
4156
4459
4719
4472
4031
4713
4623
4463
4450
3722
4439
4476
4186
4176
4226
4692
4923
4229
4329
4593
4165
4269
4495
4066
3987
4128
4427
4196
4254
4522
4459
4351
4585
4262
4269
4694
4597
4654
4489
3934
4369
4371
4283
3875
3864
4101
3954
3846
3826
3895
3856
3922
3533
3811
4019
3979
3938
3844
4018
4075
4151
3944
3935
3842
3582
3926
3530
3698
3932
3694
3597
3887
4318
3986
3962
3813
4158
3677
3829
3681
3843
3763
3717
3811
3837
4177
3698
4191
3760
3882
4023
4112
3847
3381
4097
4223
4089
3637
4024
4111
3937
3819
3545
4227
4072
3944
4264
3737
3593
3708
4360
3749
3934
3644
3974
4076
4078
3971
4119
4284
3749
3826
3972
4054
3704
3965
4274
4451
4416
3836
3966
4164
3809
3931
3958
3682
4394
3812
4317
3915
3596
4050
3825
3558
3772
3776
4045
4061
4101
3662
3922
3803
3759
4238
4183
4113
4110
4034
4201
4090
3929
3716
3750
4065
4254
4138
3688
3560
3793
3765
3671
3618
3962
3760
4249
3706
3976
3633
4023
4297
4031
3963
3816
3463
3573
3919
3784
4307
3869
4030
3838
3786
4252
3920
3675
4075
4169
3730
3939
3935
3574
3785
4120
3792
3993
4076
4285
3842
4306
3641
4056
3712
3768
3685
3618
4213
4323
3802
4004
3911
3970
3943
4097
3557
3491
3834
3888
3770
3627
3980
3988
4110
4201
3731
4003
4291
4120
3856
3977
3718
4083
4003
4312
3971
4147
3892
4074
4030
3878
4244
3949
4226
3512
3734
3988
3828
3953
4098
4219
3905
4283
3906
4092
3778
3605
3824
3875
3619
3924
3881
3437
4042
4318
4266
3963
3670
4170
3965
3512
3898
3777
4049
3869
3798
4020
4256
3847
4285
3833
3685
3925
4346
3835
3662
4160
4194
3854
3670
3979
4322
4179
3633
3958
4126
4134
3910
4360
4017
3612
3651
4183
4166
3938
3668
3580
4079
3903
3960
4174
4223
3983
3971
4337
4085
3774
3807
4104
4421
4113
4080
3847
4214
3859
4346
3936
3798
4704
3858
4205
3823
3787
4113
3621
3699
4029
3912
4256
4059
4320
3821
3927
3967
3892
4249
4268
4183
4320
4159
4069
4205
4282
3798
3697
3926
4219
4199
3981
3668
3765
4070
3942
3770
3969
3829
4053
3964
4106
3907
4032
4284
4179
3852
3838
3723
3647
3930
3849
4142
4116
4021
3874
3823
4149
3870
4130
3847
4164
3995
4031
3886
3703
3840
4311
3969
3903
4260
4123
3958
4104
3752
4135
3850
3915
3684
3791
4392
4363
3837
4141
4183
3773
3731
3944
3952
3585
4148
3922
3913
4108
3822
4074
4076
3979
3736
4176
4380
4168
4193
4062
3684
3936
4245
4238
3900
4171
3811
3870
3891
3806
3981
3930
3981
3423
3868
3750
3930
3928
3929
4234
3946
4045
3786
3904
4008
3808
3478
3664
3508
3664
4037
3577
3897
4001
3733
3872
3795
4179
3720
3663
3899
3556
4047
3686
3808
3848
4162
3647
4401
4018
3746
3920
3926
3631
3333
4159
4275
3719
3743
3823
4346
4170
3683
3948
3818
3579
3891
4094
3539
3511
3620
4247
3772
3780
3663
3606
4248
3830
3866
3985
4278
3962
3829
3976
4194
3891
3724
3808
4499
4105
3857
3291
3986
3595
3953
3774
3713
4239
4005
4051
3842
3711
4031
3783
3382
3733
3748
3803
4060
4068
3827
3868
3746
4001
4111
4311
4261
3873
4138
3917
4096
3954
3673
3763
3857
4078
4091
3943
3772
3833
3904
3797
3708
3875
3565
3852
3892
3874
3876
4346
4147
3790
3670
3998
3719
3490
3988
3914
4516
3983
3896
3911
3379
4002
3905
4118
3846
4287
4091
3982
3863
3823
3931
4411
4015
3990
4328
4070
3920
3841
3667
4032
3815
3473
3945
3746
4464
4379
3447
3989
3988
3825
3897
3973
3622
3479
3845
4210
3660
3539
3735
3977
3807
4133
3402
3997
4071
4027
3837
3795
3589
3853
4045
4436
4252
4442
4443
4050
4132
3955
4660
4328
4389
3852
4066
4157
4324
4014
4377
4499
4309
4507
4174
4254
4163
4011
3875
3879
3919
3787
4132
4046
4591
4218
4418
4589
4215
4537
4368
4060
4161
3896
4342
4043
4122
4154
4508
4076
4545
4334
4192
4274
4303
4267
3758
4435
4623
4301
4092
4460
4527
4530
3842
4115
4406
4555
4272
4401
3934
3863
3775
4551
4267
4185
4057
4118
4200
4301
4344
4606
4519
4434
3993
4382
4248
3918
3946
4366
4384
4540
4330
4068
4735
4080
4419
4126
3786
4809
4090
4465
4447
3990
4324
4135
3820
3977
3956
4320
4581
4526
4244
4435
4320
3985
4749
4519
4277
4347
4306
4339
4618
4536
4220
4223
4326
4487
4226
4052
3873
4155
4304
4258
4023
4039
4039
4396
4141
4219
3992
4275
4702
4305
4238
3921
3921
4002
4076
4125
4675
4305
4134
4038
3996
4465
4161
4430
4045
4536
4307
4164
4300
3980
4206
4688
4232
4097
4798
4718
4157
4461
3990
4443
4255
4081
3956
4209
4408
4563
4296
4214
4260
4061
4203
4475
4044
3962
4048
4115
4158
3985
4156
4256
4453
4485
4088
4189
4588
4479
4361
4328
3977
4150
4321
4464
4203
4465
4373
4180
4060
4156
4350
4307
4321
3618
4007
4181
4116
4067
4026
4458
4233
4397
4421
4249
4002
3923
3796
3780
3716
4074
4007
3779
4367
4474
4461
4324
3990
4521
4136
3764
4211
3933
4406
3793
4046
4114
4638
4179
4464
4204
3982
4417
4490
4349
3764
4406
4442
4187
3849
4378
4377
4215
3968
4058
4404
4236
4155
4625
4005
3844
3844
4612
4174
4283
3915
4020
4262
4185
4111
4375
4455
4337
4184
4219
4467
3739
4071
4354
4654
4312
4274
4196
4390
3957
4085
4272
3905
4880
3995
4283
4152
3953
4359
4000
3686
4186
3772
4086
4251
4316
4048
4270
4197
3972
4516
4573
4088
4321
4308
4352
4271
4433
4233
4165
4251
4385
4452
3989
3904
4033
4386
4161
3845
4060
3948
4263
4466
4370
3989
4365
4450
4387
4346
4250
3904
4108
4033
4059
4640
4130
4187
4126
4162
4564
3962
4260
4127
4236
4210
4234
4049
3963
4177
4242
4158
4206
4553
4335
4244
4190
3887
4267
4065
3933
3943
4249
4520
4575
4018
4518
4329
4126
4406
4175
3831
3936
4007
4193
3978
3982
4325
4334
4414
4336
3811
4307
4401
4627
4160
4225
3845
4265
4308
4523
4267
4264
4241
4026
4122
4009
4462
4053
4220
3780
3828
4027
3910
4281
4195
4419
3976
4250
4147
4005
3991
3870
3966
3676
3689
4046
3981
3911
4100
4375
4445
4227
3971
4428
4064
3828
4271
3974
4290
4037
3989
4065
4484
3932
4461
4166
4006
4238
4502
3887
3945
4326
4579
4020
4195
4462
4318
4218
3848
4065
4056
4205
4305
4413
3918
3745
3650
4328
4134
4045
4027
4058
4442
4210
4116
4400
4637
4071
3843
4168
4321
3804
3903
4420
4347
4236
4131
4012
4381
3992
4081
4131
3929
4763
3925
4222
4143
3826
4282
4067
3739
4112
3972
4107
4401
4246
4195
4098
4299
4122
4349
4419
4058
4238
4027
4205
4375
4176
3931
4091
4271
4459
4311
4088
3959
4010
4248
4001
3991
4046
4135
4176
4072
4241
3907
4090
4558
4283
4025
4023
3946
3848
4037
3840
4708
4299
4213
4053
3701
4082
4235
4089
4281
4521
4331
4030
4165
3836
4112
4320
4057
3881
4534
4503
4180
4252
3781
4380
3817
3815
4030
3856
4455
4703
3991
4326
4243
3951
4247
4435
3896
4020
4164
4205
3920
3975
4130
4214
4409
4244
3912
4224
4342
4438
4186
4303
3956
4101
4302
4681
4349
4218
4338
4029
4091
4094
4352
4364
4380
3706
3857
3993
4111
3872
4115
4317
4233
4477
4185
4230
4099
3703
4030
3926
3901
3996
4102
3886
4530
4279
4352
4499
4112
4518
4008
3844
4279
4170
4297
4196
4143
4193
4297
4154
4481
4270
4070
4113
4322
4107
3845
4199
4264
4289
4180
4243
4397
4138
3882
4061
4455
4321
4243
4144
3987
3941
3913
4397
4242
4101
4165
4101
4467
4208
4183
4160
4207
4420
4047
4359
4533
4004
4025
4642
4470
4207
4174
3966
4663
3875
4433
4298
4123
4397
3955
4204
4174
3947
4303
4173
3724
4107
3970
4552
4299
4336
4014
4333
4059
3887
4457
4430
4554
4204
4149
4147
4462
4241
3984
4084
4313
4364
4451
4143
3720
3994
4319
4055
3773
4200
3708
4431
4118
4148
3919
4394
4521
4307
4272
4098
3924
3920
4237
4072
4619
4377
4048
4167
3995
4440
3878
4214
4052
4607
4103
3990
4086
3797
3987
4628
4229
4187
4546
4743
4250
4284
3794
4488
4013
4030
3991
3850
4482
4551
3853
4087
4282
4008
4046
4305
3762
3986
4100
4192
4032
4059
4095
4256
4144
4355
3807
4251
4479
4528
4182
4293
3837
3996
4358
4537
4328
4140
4242
3976
3936
3961
4128
4066
4421
4035
3817
4000
4154
3963
3904
4188
4245
4329
3975
4140
4133
3836
3816
3635
4024
3932
4020
3475
4173
4406
4376
4298
3806
4411
4086
4133
3887
3991
4173
4081
4059
4151
4414
4112
4624
4074
3950
4182
4625
3832
3644
4137
4494
4147
3944
4301
4435
4344
3770
3996
4352
4328
4231
4188
4063
4070
4034
4437
4187
4222
3891
4072
4248
4066
4297
4213
4484
3898
3782
4118
4173
3947
3841
4127
4577
4179
4043
3983
4314
3826
4284
4029
4166
4661
4186
4376
3914
3736
4282
4132
3751
4166
4018
4176
4429
4274
3964
4253
3966
4069
4435
4502
4448
4084
4326
4431
4406
4355
3902
4099
3933
4189
4310
4038
3826
3942
3879
3920
4131
4051
3998
4227
3966
4203
3834
4329
4632
4372
4156
3932
3887
3798
4369
4159
4452
4209
4080
4063
3714
4165
4248
4168
4184
4248
3990
4185
4073
3800
4151
4498
4160
4121
4564
4409
4082
4257
3538
4279
3868
3907
3950
3964
4309
4747
3978
3971
4139
4055
4030
4374
3808
3984
4050
4016
4047
4228
4014
4327
4101
4322
3828
4199
4436
4515
4127
4252
3943
4237
4181
4646
4461
4228
4190
3883
4123
4068
4478
3927
4270
3738
3852
4253
4250
4173
4341
4287
4302
4382
4350
4284
4231
3604
3815
3904
4082
3936
4224
3886
4314
4603
4515
4385
4163
4166
4026
4102
4127
4223
4159
4371
4030
4098
4402
4324
4582
4094
4029
4133
4585
4089
3553
4112
4545
4240
4156
4498
4385
4431
3991
4303
4627
4111
4284
4377
4100
4026
4193
4362
4273
4125
4094
4119
4347
4305
4117
4419
4354
4291
4131
4382
4223
3976
4005
4574
4708
4484
3998
4127
4327
3766
4363
4439
4256
4626
4341
4197
4114
3911
4378
4098
3964
3966
4172
4375
4293
4431
3951
4306
4207
3958
4319
4630
4543
4183
4392
4177
4473
4354
4102
3961
4291
4598
4358
4079
3736
4228
4409
4125
3838
4155
4065
4185
3925
4211
3935
4269
4553
4703
4196
4068
3752
3945
4272
4310
4785
4263
4210
4155
3899
4306
4075
4131
4422
4513
4173
4014
4281
3889
4281
4301
4467
4387
4645
4471
4440
4448
3617
4433
4261
4314
4177
4055
4492
4659
4167
4560
4226
4061
4102
4457
3822
3975
4272
4092
4069
4185
4297
4203
4335
4321
4146
4246
4591
4520
4387
4172
3942
4264
4319
4215
4073
3953
4131
3907
3883
3644
4163
4062
4067
3689
3776
3794
3898
3801
4151
4324
4099
4114
4107
4045
3837
3649
3468
3435
3616
3947
4158
3642
3959
3969
4029
4145
3561
3926
3850
3859
3833
3624
3844
3793
3707
3918
4309
3732
4212
4143
3595
3841
4318
4067
3388
3951
4288
4031
3770
4119
4166
4148
3715
3809
4249
3953
4126
4041
3795
3844
3809
4198
4014
4093
3780
4046
3957
3999
3871
3982
4273
3849
3914
4009
4145
3766
3552
4088
4316
4169
3931
4049
4110
3525
4058
3996
3701
4548
3812
4117
3861
3597
3945
3735
3505
3575
3647
3701
4158
4174
3834
4163
3877
3642
4236
4308
3823
4225
3982
4226
4301
4098
3637
3948
4044
4248
4240
3801
3483
3852
4022
3925
3477
3622
3887
3980
3932
4134
3755
4031
4296
4020
3870
3861
3766
3757
3815
3919
4395
4017
4019
3839
3643
4077
3813
3941
3971
4030
3882
3827
3856
3716
3966
4224
3921
3926
4223
4291
4037
3967
3574
4007
3774
3915
3907
3894
4129
4414
3904
3858
3893
3779
3895
4092
3837
3520
3769
3898
3847
3590
3837
4026
4268
4075
3672
3923
4195
4191
3899
4017
3747
3901
3990
3829
4073
4041
3835
3592
3814
3691
3997
3937
3798
3455
3403
3608
3665
3636
3696
4149
3854
3973
3848
3811
3710
3491
3431
3398
3379
3639
3757
3437
4023
3829
4114
3876
3571
3900
3804
3407
3758
3484
3877
3547
3575
3622
4110
3570
4083
3797
3621
3859
4016
3794
3546
3946
4086
3778
3705
4010
3992
4004
3373
3694
3965
3977
3779
3802
3551
3641
3518
3937
3851
3716
3786
3702
3984
3872
3788
3829
4196
3757
3620
3776
4039
3566
3624
3823
4063
3886
3977
3665
4021
3458
3761
3439
3325
4152
3647
3903
3649
3567
3785
3629
3541
3712
3697
3937
3951
3981
3592
3921
3902
3536
4121
4093
4029
4087
4163
3858
4013
3968
3700
3794
3790
3906
4029
3575
3367
3740
3959
3649
3635
3487
3593
3995
3831
3982
3603
3899
4113
3953
3951
3792
3687
3408
3790
3668
4033
3731
3704
3878
3568
4066
3758
3904
3681
4026
3609
3772
3845
3358
3901
4124
3824
3703
4141
3979
3894
3929
3416
3802
3670
3593
3697
3645
4018
4219
3701
3735
3937
3511
3840
4032
3617
3493
3690
3854
3498
3776
4017
3971
3766
4000
3487
3833
3934
4036
3738
3762
3528
3718
3911
4325
4457
4391
4172
4312
4347
4164
4619
4287
4451
3992
3928
3870
3951
3959
4168
4462
4282
4367
4314
4316
4220
3962
3848
3947
3811
3942
4135
3918
4107
4393
4410
4344
3901
4287
4265
3766
4204
3908
4110
4062
3942
4019
4366
3984
4772
4249
3913
4262
4361
4236
3763
4471
4518
4139
4049
4112
4340
4416
3956
4177
4170
4254
4077
4273
4067
3826
3803
4128
4066
4104
4020
3875
4566
4163
4176
4297
4373
4175
4241
4189
4510
3884
3855
4465
4678
4350
4013
4152
4362
4055
4244
4015
4108
4547
3979
4239
4036
3930
4285
4123
3916
4205
4018
4154
4463
4218
3823
4171
4208
4207
4382
4604
4236
4155
4294
4131
4345
4484
3835
4084
4106
4408
4498
4266
3941
4145
4343
4128
3774
4110
4001
4425
4168
4048
4039
4407
4448
4257
4105
4165
3822
3952
4167
4218
4703
4099
4205
3905
4018
4453
4183
4150
4061
4429
4285
4199
4107
4077
3860
4661
4196
4060
4637
4431
4060
4265
3777
4399
4089
3935
4378
4094
4408
4489
3853
4137
4122
4177
4269
4292
3957
3693
4353
4460
3929
4024
4146
4412
4129
4143
4076
4051
4572
4626
4293
4139
4075
3950
4579
4781
4277
4365
4358
4035
4402
4055
4481
4331
4480
3923
4146
4341
4346
4168
4398
4659
4581
4671
4474
4446
4323
3972
4036
4080
4175
4110
4297
4204
4473
4419
4644
4696
4351
4599
4176
4077
4240
4049
4415
4161
4278
4192
4439
4256
4847
4391
4103
4399
4550
4343
3885
4422
4792
4515
4205
4581
4626
4231
4230
4346
4402
4587
4497
4700
4075
3903
4178
4910
4347
4240
4193
4108
4584
4297
4346
4629
4872
4394
4201
4255
4490
4245
4141
4832
4830
4553
4007
4251
4447
4201
4331
4421
4144
4853
4257
4506
4279
4189
4516
4274
3903
4409
4036
4263
4587
4330
3920
4467
4203
4063
4963
4741
4580
4415
4532
4612
4460
4294
4273
4202
4252
4736
4340
4230
4080
4201
4494
4175
3820
4154
3733
4585
4224
4456
4041
4419
4776
4689
4226
4134
3825
3971
4234
4471
4951
4271
4329
4238
3963
4640
4339
4167
4353
4620
4317
4201
4303
4060
4324
4675
4424
4296
4875
4508
4431
4654
3893
4647
4263
4210
4191
4258
4672
4697
4063
4522
4540
4147
4354
4512
3802
4053
4532
4360
3913
4107
4263
4140
4612
4474
4146
4373
4671
4714
4436
4570
4019
4299
4168
4408
4350
4190
4005
3885
4059
3656
4357
4154
4245
3689
3670
3916
3862
3914
3839
4034
4003
4203
4073
4107
3914
3613
3643
3852
3994
3932
4203
3688
3898
4281
4269
4185
3658
4172
3831
3777
3964
4032
4201
3928
3974
3936
4368
3891
4440
4115
3637
4114
4085
3978
3526
4198
4423
4072
3738
4188
4456
4107
3770
4065
4338
4260
4181
4207
3979
3837
3820
4197
4048
3868
3676
3979
4378
4045
4274
4246
4043
3973
3941
4028
4266
3808
3870
4217
4649
4298
3962
4061
4191
3623
4142
3756
4201
4489
4049
4089
3802
3845
4193
3806
3730
3766
4024
4078
4188
4266
4050
4107
4034
3819
4318
4228
4188
3944
4118
4201
4156
4067
3776
4036
3983
4175
4303
4069
3590
3858
4217
3827
3656
3857
3699
4036
3768
3991
3979
4278
4600
4263
4042
3950
3603
3756
4261
3898
4691
4150
3831
3929
3973
4470
3780
3959
3653
4450
4034
3996
4030
3792
4057
4420
4056
3884
4275
4388
4145
4321
3704
4085
3981
4016
3875
3830
4411
4268
3745
3868
4129
3860
4086
3994
3797
3851
4089
4319
3707
3986
4283
4377
4159
4009
3671
4015
4246
4559
4260
4142
3842
4157
4117
4531
4191
4328
4248
4022
4133
4065
3903
4111
4047
3608
3954
4202
4328
3776
3924
4269
4073
4139
3980
4278
4085
3760
3775
3897
4070
4032
4169
3963
4243
4413
4252
4508
3743
4172
3968
3769
4053
3942
4342
4071
4392
4052
4385
4086
4668
4181
4011
4306
4228
3997
3757
4153
4395
4039
4038
4181
4320
4538
3952
4099
4242
4277
4431
4228
4015
3896
3696
4536
4121
4312
4062
4041
4217
4111
4079
4037
4359
4203
4117
4223
4331
3878
3722
4391
4730
4717
4130
4190
4412
3645
4126
4137
3961
4477
4095
4140
4172
3803
4406
4072
3850
3899
3902
3951
4262
4152
3983
4238
4035
3806
4251
4264
4279
4417
4409
4299
4380
4230
3988
3948
4234
4422
4317
4004
3624
4194
4141
4144
3658
4030
3930
4216
4157
4443
4154
4382
4436
4173
4008
4028
3922
3835
4168
4399
4504
4441
4078
4118
3974
4391
3972
3971
4083
4377
4289
4142
4028
3830
4160
4615
4269
4127
4834
4371
4338
4257
3749
4110
4119
4050
4190
3900
4348
4808
3900
4307
4060
3915
4193
4337
4082
3811
4101
4023
4025
3969
4085
4187
4148
4178
3791
4225
4433
4287
4165
4187
3883
3775
4168
4944
4442
4547
4452
4350
4390
4089
4503
4604
4441
3848
4400
4384
4352
4063
4481
4605
4529
4635
4352
4280
4280
4067
4120
3944
4127
4378
4592
4077
4569
4462
4451
4587
4206
4577
4079
4251
4392
4229
4580
4198
4389
4289
4667
4155
4873
4428
4285
4525
4450
4386
3756
4337
5009
4493
4073
4496
4669
4331
4378
4198
4574
4557
4480
4512
4158
4194
4264
4806
4283
4405
4147
4359
4647
4461
4391
4568
4748
4443
4253
4294
4450
4006
3977
4443
4874
4627
4409
4367
4534
4209
4489
4492
4069
4709
4287
4579
4302
4077
4409
4246
4193
4265
4371
4485
4517
4553
4176
4488
4097
4144
4782
4441
4458
4401
4686
4449
4601
4511
4198
4284
4502
4691
4540
4361
4002
4210
4401
4307
3763
4318
3930
4481
4277
4106
4173
4750
4785
4672
4133
4371
4337
4248
4552
4293
4987
4471
4300
4379
4012
4728
4132
4339
4273
4637
4277
4330
4257
4249
4444
4701
4484
4285
4716
4730
4213
4401
4076
4755
4304
4217
4247
4313
4542
4812
4213
4496
4368
4114
4481
4568
3918
4042
4301
4388
4050
3953
4467
4544
4540
4370
4122
4349
4633
4605
4337
4547
3894
4339
4540
4285
4169
3878
4070
3982
3997
3719
4080
3777
3923
3695
3656
3864
3854
3921
3973
4129
3846
3989
3936
4008
4105
3524
3794
3594
3916
3724
3973
3487
3790
4120
4202
4127
3913
4122
3671
3781
4046
3798
4279
3874
3759
3754
4331
3800
4542
3878
3620
3918
4032
3799
3420
4044
4332
3914
3881
4190
4149
4139
3988
4002
4093
3945
4042
4037
3700
3679
3652
4122
3787
4075
3653
4117
4096
3730
3851
3962
4005
4007
3634
3897
4019
3588
3663
4208
4401
4281
3536
4044
4099
3671
3905
4158
3844
4463
3726
3983
3858
3747
3917
3981
3894
3708
3677
4111
4119
3829
3943
4010
3909
3734
4240
4507
3964
3874
3905
3927
4188
4069
3694
3960
4152
4331
4053
3940
3739
3891
4128
3990
3728
3654
3661
3933
3806
3988
3859
4057
4144
4177
3889
4051
3813
3725
4041
3829
4382
4012
3949
3892
3705
4139
3775
4002
3941
4211
4075
3956
3801
3372
3829
4325
4069
3802
4165
4448
3833
4304
3675
4142
3802
3657
3848
3902
4256
4125
3745
4232
3865
3841
3909
3880
3626
3584
3896
3904
3734
3892
3944
3996
4189
3959
3768
3962
4414
4271
4167
4232
3654
4107
4008
3963
3808
3855
3653
3628
3501
3640
4030
3797
3657
3435
3433
3567
3690
3589
3608
3838
3790
3944
3667
3859
3572
3167
3514
3390
3602
3558
3878
3280
3838
3906
4004
3827
3428
3963
3647
3460
3699
3364
3934
3748
3645
3763
3919
3528
4130
3725
3566
3743
3848
3613
3282
3820
3875
3774
3747
3781
3872
3873
3373
3639
3916
3905
3767
3884
3454
3336
3493
3855
3849
3385
3432
3526
3806
3918
3880
3865
4118
3649
3834
3626
4026
3630
3426
3796
3957
3978
3796
3567
3867
3477
3999
3548
3546
4275
3698
3707
3706
3597
3701
3491
3296
3718
3669
3764
3892
3843
3743
3578
3677
3650
4009
3908
3753
3765
3866
3724
3904
3815
3676
3610
3597
3899
3537
3626
3214
3707
3958
3524
3554
3367
3456
3835
3659
3763
3700
3749
4215
3743
3611
3599
3297
3550
3694
3730
4144
3530
3498
3614
3609
3948
3565
3725
3687
4215
3790
3889
3709
3760
3699
4286
3509
3417
4065
4112
3599
4060
3498
3806
3864
3476
3422
3524
4009
3932
3515
3613
3936
3660
3735
3804
3528
3506
3787
3685
3552
3537
3767
3895
3850
3927
3578
3695
3883
4015
3743
3825
3481
3675
3726
tempo: 147