200 200
4345
4197
3684
3880
4378
4471
4199
4028
4320
4244
4402
4552
4272
4305
4472
4103
4377
4249
4271
3886
4214
4191
4090
3952
4408
4101
4514
4505
4298
3771
3939
4077
4141
4697
4116
3947
4112
3985
4544
3937
3894
4130
4310
4454
4254
4440
3972
4147
4400
4053
4534
4402
4145
4021
4369
3653
4367
4615
4439
4425
4323
4116
3982
4587
4624
3593
4080
4233
4366
3997
4178
4363
4361
4146
4464
4234
4528
4004
4168
4220
4574
3997
4102
4370
4499
3978
4429
4180
4373
4338
4364
4199
4247
4405
3810
4479
4281
4182
4481
4323
4045
4096
3949
4700
4048
4294
4111
4083
4408
4539
4311
4044
4301
4282
4417
4462
3884
4481
4172
4145
4226
4347
4286
4044
4001
4139
4420
4348
4489
4278
4391
3849
4678
4170
4187
4383
4476
3780
4134
4164
4459
4607
4217
3964
4274
4205
3907
4329
4126
4146
4507
4214
4093
4231
4301
4098
4399
4623
4593
4275
4230
4287
4350
4189
4175
4306
4326
4194
4099
4148
4360
4102
4103
4114
4279
4086
3983
4305
3929
3621
4203
4176
4843
4524
4097
4414
4473
4128
3862
4207
4609
4534
4266
4337
4590
4344
4339
3952
4089
4008
4105
4255
4041
3995
4226
4583
4045
4002
3917
3961
4460
4414
4421
4044
4347
3912
4645
4055
4211
4029
4117
4368
4194
4132
4419
4201
4318
4493
4110
4035
4148
4149
3741
4604
4219
4216
4332
4020
4558
4029
4039
4161
4280
4400
4354
4270
4361
4152
4297
4213
4267
4356
4137
4194
4544
3845
4304
4440
4257
4056
4045
4015
4330
4788
4476
3719
4007
3861
4182
4133
4486
4323
4389
4164
4406
4162
4591
4143
4135
4140
4329
4172
4121
4195
4560
3920
4315
4341
4293
4179
4195
4130
4375
4382
3720
4475
4360
3989
4394
4153
3999
4042
4004
4775
4072
4151
4538
3799
4255
4380
4259
4157
4411
4101
4512
4288
3960
4247
4067
3813
4210
4229
4160
3959
4163
3829
3999
4170
4525
4092
4185
3915
4742
4207
4034
4299
4328
4015
4149
4202
4285
4422
4187
4485
4197
3940
3933
4273
3952
4221
4470
4236
4152
4132
4391
3891
4276
4362
4063
4332
4173
4341
4208
4197
4102
4364
4421
4201
4299
4073
4584
4226
4060
4268
4059
4097
4261
4400
4030
4141
4023
4400
4610
4473
4255
4455
4341
4255
3836
4212
4508
4477
4359
4062
4259
3995
3997
3923
4408
4087
3740
3838
3591
3815
4278
4131
3753
3660
4090
3790
3976
4089
3787
3828
4076
3785
4044
3826
3868
3828
3777
4339
4039
3585
3982
3754
4020
4276
3949
3689
3699
3951
3713
4358
3801
3660
3956
4071
3803
4119
3908
3780
3874
4012
3834
4060
3864
3793
3950
3931
4253
4025
4190
3689
4216
3449
4205
4188
4253
3993
3825
3834
4114
4537
4287
3758
3648
3734
4235
3843
4049
4181
4155
3961
4196
3924
4233
3933
3982
3854
4068
4015
3696
3847
4171
3849
4266
4043
4022
4263
3881
3798
4013
4391
3391
4198
4213
4151
4156
3807
3858
3872
3836
4448
3803
3770
4234
3626
4314
4358
3956
3777
4134
4165
4218
4013
3620
4091
3798
3564
3865
4169
3931
4129
3931
3678
3874
4196
4149
3923
3879
4014
4589
3875
3842
4070
3970
3636
3869
4196
4070
4221
3772
4144
4181
3892
3840
3849
3632
4046
4112
3817
3727
3789
3957
3821
4130
4250
3970
3910
3968
4005
3964
4077
3687
4323
4248
3932
4003
3899
4323
3762
3830
3753
3721
3854
3997
3978
3829
3644
3912
4253
4219
4145
3979
4141
4167
3727
3687
3771
3980
4038
3975
4155
4222
3853
3759
3775
3930
4040
3780
4025
3926
3787
4216
4220
4130
3938
4064
4060
4329
4167
4132
3839
4186
3880
4255
3635
3915
3903
3908
4241
3991
3891
4137
4015
4196
4352
4020
3905
3850
4122
3793
4405
4096
4023
4161
3917
4030
3806
3827
3872
4192
4382
4022
4054
4071
3843
4351
4170
4364
4086
4097
3759
4280
3552
4134
4325
4243
3981
4208
3949
3993
4646
4346
3829
3834
3911
4212
3753
4391
4271
4457
4031
4230
4248
4199
4110
3799
4030
4263
3915
3868
3874
3997
3721
4123
3752
3895
4110
4111
3914
4307
4283
3656
4379
4345
4112
4452
3989
4047
4199
3624
4432
4110
4223
4242
3870
4254
4214
4101
4005
4078
4136
4231
4205
3827
4042
4137
3928
4088
4133
3790
3855
4095
3631
3914
4245
4340
3829
3885
3756
4472
4079
3727
4252
3981
3682
3903
3853
3969
4257
4091
4169
4106
3940
3621
3963
3954
3866
4248
3903
3863
3835
4273
3998
4123
4134
4014
3753
4027
4061
4065
4135
3817
4067
4221
3915
4007
4062
4291
3732
3806
3885
3839
3669
4080
4303
3930
3762
3762
4186
4470
4299
4251
4215
4090
4159
3776
3999
4279
4269
4142
4044
4491
4155
4110
3452
3969
4120
4188
4077
4033
3916
4442
4582
4080
4239
4067
4093
4536
4449
4281
4090
4345
4113
4500
4169
4340
4093
4153
4679
4327
4069
4515
4243
4199
4722
4089
4297
4319
3923
3820
4863
4235
4023
4321
4075
4414
4141
3936
4278
4389
4351
4409
4306
4410
4219
4391
4110
4371
4362
4132
4199
4366
3766
4558
4715
4739
4111
4175
4007
4269
4873
4697
3782
3925
3876
4509
4366
4314
4226
4284
4234
4433
3929
4556
4006
3683
3923
4102
4046
4105
4041
4390
4073
4146
3986
3880
4116
3909
4048
4327
4145
3682
4507
4131
4003
4218
3900
3987
4117
4060
4350
3808
4258
4233
3757
4229
4373
4091
4306
4035
4103
4014
4463
3703
4146
4161
3820
4071
4068
3768
3810
4017
3678
3942
4209
3974
3992
3940
3671
4453
3871
3851
4158
4248
3848
3855
4010
4123
4374
3949
4242
4054
4169
3990
4084
3940
3967
4215
3957
3899
3957
3803
3913
4164
4370
4326
3945
4002
3910
3833
4025
3932
4162
4253
4177
4035
4167
4413
3998
3838
3591
3772
4059
4041
4252
3729
3819
4023
3916
4235
4446
4152
4033
4241
3775
3796
3974
4112
4260
4052
4365
4343
4089
4125
3534
4077
3923
4061
4459
4138
4070
4662
4471
4075
3887
4353
4149
4590
4714
4288
4086
4821
4074
4583
4049
4127
4196
4216
4518
4189
4301
4622
4162
4472
4765
4246
4126
3843
4281
4117
4423
4258
4139
4360
4090
4265
4203
4084
4212
4545
4460
4347
4258
4175
4075
4286
4407
4418
4486
4247
4038
4449
3986
4489
4489
4457
4192
4097
4037
4400
4779
4767
4085
3812
4056
4734
4431
4465
4502
4847
4320
4667
4125
4761
4345
3847
4152
4348
4344
3983
4242
4479
3928
4272
4434
4308
4413
4264
4232
4566
4403
3951
4515
4428
4226
4597
4323
4100
4247
4332
4684
4058
4416
4667
4087
4351
4604
4144
4172
4576
4296
4682
4607
3857
4460
4245
3974
4377
4467
4279
4065
4281
3971
4333
4354
4313
4203
4362
3904
5035
4271
3923
4425
4322
4034
4304
4269
4191
4750
4151
4072
4370
4195
3980
4363
4124
4245
4610
4101
4111
4236
4324
4289
4506
4563
4353
4279
4395
4215
4477
4175
4040
4601
4632
4493
4071
4315
4596
3874
4087
4198
4085
4260
4088
4536
4052
3948
3971
4609
4612
4686
4486
4350
4472
4202
4006
4223
4737
4512
4422
4472
4563
4447
4205
3714
4335
4198
3667
3957
3648
3887
4001
4404
4241
3893
3870
3862
3994
4284
3991
3860
4374
3727
4170
3989
3935
4011
3979
4257
4055
3750
4356
4255
4218
4512
3871
3858
3723
4097
3780
4266
4304
3940
4081
3761
4148
3712
3760
3777
4117
4131
4016
3974
4082
3744
3898
3905
4207
4233
3889
3785
4060
3559
4138
4348
4109
4032
4014
3757
4260
4651
4263
3753
3794
3818
4222
3911
4277
4103
4537
3921
4229
3997
4487
3819
3864
3792
4289
4101
3838
3935
4344
4083
3985
4084
3833
3972
4069
3909
4252
4127
3534
3982
4128
3832
4308
4114
3783
3871
3799
4393
3591
4096
4203
3767
4305
4272
3886
4109
4207
4083
4160
4316
3711
3760
4049
3786
4005
4285
3906
3787
3997
3587
3927
4397
4093
3849
3792
3853
4619
3835
3898
4080
4110
3699
3832
3979
4159
4219
4057
4077
3960
3664
3773
3904
3874
3878
4146
3879
3731
3969
4198
3714
4000
4170
3989
4040
4054
4034
3918
4177
3820
4212
4279
3956
4105
4104
4112
3920
3829
3741
3826
3793
3789
4406
3824
3580
3863
4091
4366
4135
4074
3917
4167
3882
3869
3834
4171
4227
4166
4488
3906
3947
3888
3699
4024
3982
3642
3645
3667
3574
3908
4189
3639
3490
3735
3648
4056
4096
3652
3986
4211
3651
4081
3768
3808
3574
3668
4210
4136
3734
4158
3832
3908
4279
3882
3784
3645
3804
3652
4076
3824
3742
4076
3639
3810
3674
3889
3908
3992
4060
3968
4003
3872
3928
3761
3829
4030
3901
3785
3799
3985
3574
4234
4306
4098
3726
4091
3788
3820
4405
4201
3534
3557
3841
3911
3844
3932
3905
4068
3980
4245
3674
4299
3843
3773
3589
4067
4009
3905
3989
4212
3643
3908
3769
3902
3878
3710
3755
4265
4031
3224
4137
4038
4001
3911
3852
3471
3833
3628
4083
3656
3895
3879
3611
4052
4033
3812
3912
3925
3675
4034
3950
3677
3807
3741
3445
3917
4102
3675
3629
4157
3690
3815
3991
3893
3932
3882
3663
4298
3470
3686
4092
4023
3535
3625
3975
3979
4087
3850
3945
3827
3777
3589
3555
3814
3905
4057
3687
3589
3762
3657
3624
3996
3846
4058
3834
3894
3708
3833
3719
3736
3891
3876
3806
3843
3846
4136
3594
3703
3575
3506
3744
3791
3769
3740
3521
3753
3843
4015
4086
3876
3793
4190
3585
3670
3906
3934
4178
3509
4009
3809
3928
3842
3544
3995
3815
3776
3866
3569
3924
3966
4308
3988
3673
3479
3765
4212
4440
4100
3881
4376
3931
4439
3872
3996
3839
4106
4084
3843
3852
4108
3938
4099
4390
3974
3903
3964
3895
3652
4333
4152
3879
3980
3733
4206
3673
3719
3767
4095
4023
3974
3878
4163
3804
3985
4001
4180
4177
3857
3796
4062
3704
4151
4318
3978
4087
3943
3716
4058
4374
4466
3521
3592
3713
4239
4017
4153
4090
4185
3882
4331
3877
4403
3893
3985
3814
4161
3806
3660
3963
4028
3873
4013
3807
3942
3979
3784
3858
4138
4116
3526
3998
4325
3951
4199
3836
3893
3785
3727
4408
3880
4140
4087
3761
4121
4188
3994
4034
4035
4064
4007
4289
3837
4105
3970
3636
3932
3941
3966
3769
3980
3616
3797
4079
4049
3727
3967
3925
4559
3717
3692
4205
3890
3754
3829
4136
3901
4063
4030
4207
3995
3748
3856
3792
3728
3659
4134
3849
3906
3737
4007
3961
4198
4069
4046
4007
4082
4048
3813
3867
3875
4196
4082
4018
3978
3840
4189
3724
3515
3817
3862
3822
4013
3994
3702
3507
3644
3998
4116
4064
4215
4243
4116
3691
3905
4031
4050
4168
4130
4043
4112
4032
3863
3565
4232
3951
3479
3751
3607
3581
4275
4021
3810
3792
3790
3609
3927
4210
4020
3823
4140
3703
4311
3666
3865
3770
3743
3794
3850
3491
3825
3315
3829
4217
3826
3434
3637
3568
3834
3947
3843
3601
4193
3736
3970
3547
3582
3632
4003
3887
3928
3813
3630
3920
3817
3981
4061
3893
3873
3436
4078
3416
4083
4087
4009
3783
3823
3634
3866
4271
4209
3733
3417
3673
4139
3824
4089
3931
4236
3729
4003
3685
4345
3981
3956
3708
4064
3738
3645
4020
4042
3583
3776
3775
3786
4139
3577
3752
4101
4054
3491
4175
4013
3850
4007
4006
3603
3840
3769
4061
3906
4096
4093
3707
4278
4003
3989
4058
3855
3914
3940
4017
3636
3839
3859
3478
3856
4157
3924
3928
3703
3637
3713
4203
4049
3594
3766
3696
4040
3709
3978
3991
3841
3494
3641
3736
3782
4045
3850
3895
3874
3714
3725
3808
3418
3781
4041
3667
3733
3587
3944
3827
4091
4112
4166
3727
3836
3859
3939
3876
3581
4176
4122
3857
3615
3842
4200
3685
3680
3850
3762
3732
3693
3904
3833
3407
3589
3848
4276
4230
4050
4046
3945
3710
3672
3626
4042
3878
3951
3920
3874
3698
3966
3777
3821
3886
3879
3966
3938
3618
4278
4474
4093
4021
3972
3966
4261
4418
4049
4044
4368
4175
4453
4059
4216
3727
3989
4257
3995
3995
4189
4180
4101
4513
4171
3863
3950
4170
3728
4471
4230
4002
4162
3745
4198
3951
3658
3781
4137
4101
4103
3970
4010
4029
4177
4167
4247
4185
4236
3927
4285
3853
4291
4463
4163
3999
3923
3758
4103
4547
4533
3919
3801
3909
4292
3960
4488
4303
4446
3825
4428
4069
4497
4084
4009
4054
4326
3967
3719
4064
4089
3748
4094
3806
4135
4136
3958
4014
4294
4194
3519
4281
4416
3998
4243
3989
4074
4065
3775
4319
4196
4151
4260
3726
4329
4321
4224
4218
4147
4043
4139
4181
3788
4091
3950
3878
4243
4520
3962
3882
4216
3806
4082
4370
4433
3729
3965
4002
4819
4096
3850
4322
4241
3895
3805
4027
4241
4337
4172
3892
4224
3764
3797
4027
3957
4077
4219
4055
3922
3764
4052
3787
4032
4169
4094
4037
4048
4211
3899
4087
3867
4194
4147
4147
3995
4092
4283
4088
3792
3965
3833
3930
3943
4227
4131
3860
3791
4208
4405
4129
4342
4208
4311
4156
3942
3852
4285
4248
4071
4134
4379
4171
4113
3855
4106
4158
4396
4414
4284
4189
4762
4869
4339
4495
4542
4332
4655
4847
4401
4418
4512
4217
4649
4320
4378
4528
4258
4699
4547
4046
4804
4434
4514
5027
4264
4301
4116
4316
4195
4782
4600
4257
4451
4340
4657
4385
4103
4303
4543
4651
4387
4506
4409
4442
4558
4091
4438
4638
4592
4384
4351
4118
4658
4694
4661
4158
4663
4244
4569
5144
4942
4094
4133
4260
4619
4527
4544
4649
5075
4537
4778
4411
5147
4577
4137
4215
4647
4524
4514
4695
4635
4627
4490
4438
4276
4517
4398
4272
4872
4843
3885
4643
4427
4259
4672
4365
4135
4325
4068
4852
4242
4448
4612
4193
4476
4619
4429
4688
4555
4493
4362
4960
4128
4214
4464
3940
4444
4697
4492
4268
4532
4043
4442
4655
4358
4324
4273
3994
5143
4448
4106
4541
4655
4090
4249
4462
4765
4727
4457
4471
4472
4249
4357
4534
4213
4575
4501
4277
4330
4515
4583
4349
4701
4532
4581
4152
4501
4191
4173
4542
4294
4435
4675
4630
4450
4573
4571
4428
4333
4294
4174
4351
4459
4640
4278
4011
4453
4441
4806
4640
4219
4580
4737
4326
4338
4401
4735
4630
4487
4399
4422
4314
4547
4144
4354
4444
3753
3714
3929
3532
4015
4308
3788
3748
3744
3987
4287
4266
3850
4111
4266
3776
4238
3868
4098
3806
3699
4188
3950
3811
4083
4020
4052
4327
3736
3549
3814
3821
3612
4471
4002
3885
4183
4063
4132
3985
3908
3821
4088
4107
4141
4045
4045
3920
4037
4087
3931
4144
3906
3718
4013
3788
4063
4232
4249
3990
3954
3891
4025
4617
3976
3586
3729
3769
4105
3974
4080
4177
4347
3928
4222
4069
4276
4056
3967
3956
4270
3943
3596
4106
4379
3818
3949
3793
3790
3970
3861
4043
4226
4096
3688
4246
4304
3912
3948
3937
3844
3910
3891
4115
3677
4044
4024
3805
4258
4169
3963
4103
3936
4022
4153
4097
3739
3943
3854
3721
4085
4125
3984
3886
4140
3811
3730
4335
3878
3837
4200
3838
4227
3896
3951
4234
4122
3793
3830
4054
4215
4223
3965
4012
4013
3942
3898
3812
3961
4132
4168
3982
3588
3968
4099
3686
4192
4233
4367
4115
4019
3847
3930
3890
3679
4135
3962
4045
3883
3897
4059
3687
3658
3902
3539
3839
3802
4214
3701
3595
3848
4009
4158
4220
4213
3967
4217
3813
3534
3971
4175
4278
4113
4080
4268
4130
3886
3691
4030
4081
3875
4212
3801
3473
4114
4209
4280
4060
3911
3999
4175
4330
4151
3900
4391
4029
4506
4052
4193
3947
4092
4272
4206
3993
4209
4237
3960
4638
3736
3677
3987
3853
3875
4504
4184
4019
4456
4111
4394
4050
3884
3968
4406
4160
4267
4354
4061
4051
4364
4096
4128
4073
4198
3855
4118
3883
4149
4353
4502
4029
4004
3983
4342
4693
4438
3855
3716
3832
4070
3960
4275
4436
4406
3948
4443
4196
4413
4106
4094
4033
4127
4013
3811
4128
4309
3911
4261
4039
4083
4201
4021
4110
4335
4245
3772
4325
4146
3908
4247
4030
3851
3996
3842
4470
3998
4125
4308
3877
4141
4256
4060
3851
4233
4164
4182
4270
3822
4117
3800
4032
4226
4328
4160
3895
4025
3806
4130
4357
4228
4113
3977
3848
4453
3980
3980
4325
4221
3784
3939
4186
4255
4387
4220
4071
4247
3894
4010
4177
3926
4034
4233
3946
3676
3836
4192
3874
4376
4473
4378
4050
4018
4094
4168
4081
4046
4314
4326
4340
3925
4241
4567
3924
4196
3866
3886
3944
4031
4253
3998
3795
3728
4255
4353
4559
4181
4255
4168
4064
3977
4068
4610
4268
3892
4296
4150
3904
4111
3572
4223
4002
4291
4152
3883
3911
4402
4671
4356
4444
4133
4223
4516
4449
4078
4116
4622
4203
4798
4147
4206
3986
4299
4570
4298
4046
4371
4084
4151
4770
4002
3982
4040
4254
4113
4825
4178
4186
4389
4039
4680
3995
4023
4138
4573
4453
4220
4428
4486
4317
4217
4356
4668
4163
4254
4032
4527
3879
4494
4698
4445
4236
4419
4079
4274
4852
4662
4050
4007
4307
4340
4178
4466
4449
4567
4239
4378
4277
4674
4352
4521
4291
4453
4304
4069
4260
4556
4256
4125
4268
4222
4481
4296
4314
4563
4515
3790
4547
4368
4483
4455
4274
4204
4381
3850
4767
4156
4253
4249
3980
4599
4520
4127
4415
4418
4331
4439
4501
4050
4417
4183
3979
4399
4388
4448
4075
4302
3952
4331
4371
4488
4320
4302
4089
4665
4243
4252
4481
4222
3927
4049
4280
4460
4603
3937
4306
4287
4240
4246
4245
4060
4310
4495
4247
3999
4148
4469
4300
4562
4590
4523
4087
4411
4441
4290
4242
4055
4596
4370
4469
4164
4076
4538
4210
4239
3909
4229
4124
4127
4548
4144
3914
3955
4566
4560
4458
4176
4345
4396
4124
4213
4333
4695
4633
4217
4250
4351
4190
4438
4065
4436
3948
3964
4043
3952
3895
4564
4391
3975
4027
4125
3952
4150
4182
4017
4200
4657
3865
4299
3907
4212
3972
4190
4515
4050
3980
4289
4081
4191
4727
3995
3955
3823
4017
3836
4321
4336
3970
4356
3771
4106
4039
3807
3915
4143
4256
4227
4070
4053
3984
4265
3990
4276
4131
4144
3832
4355
3657
4298
4276
4473
4108
4037
3815
4126
4855
4468
3954
3746
3975
4185
4250
4224
4438
4339
4101
4256
4097
4290
4313
3806
4097
4158
4020
4029
4347
4320
3778
4141
4153
3930
4127
4133
3998
4279
4386
3656
4468
4232
3997
4383
4045
3889
3966
4006
4375
4089
4503
4364
4017
4341
4297
4061
4238
4239
3852
4156
4307
3737
4035
4063
3920
4201
4358
3902
3941
4221
3756
4002
4518
4131
3948
4175
3901
4516
4368
3925
3996
4166
3895
4025
4190
4261
4297
3997
4047
4041
3878
4024
3999
3939
4142
4188
4095
3860
3897
4123
3929
3934
4166
4243
4242
4355
4118
4054
4337
4002
4078
4273
3952
3732
4240
4381
3890
3794
4185
3984
4126
4028
4258
3836
3863
4044
4338
4572
4273
4244
4220
4147
4233
4007
3863
4266
4415
4083
4177
4122
4157
4232
3704
4304
4021
3592
3663
3478
3489
3956
3865
3662
3476
3479
3550
3712
4034
3809
3557
4071
3622
3861
3758
3729
3696
3476
3805
3779
3273
3907
3491
3761
4123
3740
3642
3438
3491
3422
4102
3750
3571
3819
3397
4079
3382
3542
3602
3678
3892
3709
3835
3830
3728
3814
3568
3861
3888
3577
3389
3808
3227
3804
3959
3942
3740
3856
3404
3907
4206
4052
3347
3454
3633
3770
3567
3842
3864
3937
3494
3838
3623
3966
3775
3444
3605
3731
3709
3510
3770
3818
3520
3791
3579
3758
3777
3611
3564
3753
4082
3272
3819
3947
3814
3791
3715
3557
3500
3486
4174
3469
3815
3885
3515
3667
4043
3622
3927
4007
3831
3627
3832
3468
3554
3767
3401
3576
3954
3774
3629
3722
3368
3686
3915
3844
3735
3514
3532
4334
3793
3555
3708
3747
3453
3557
3748
3792
3762
3666
3489
3824
3456
3583
3694
3530
3578
3832
3690
3600
3270
3652
3408
3589
3953
3760
3776
3814
3721
3712
3785
3580
3890
3901
3873
3547
3783
3962
3696
3468
3530
3674
3625
3719
3866
3268
3136
3760
3758
4140
3890
3757
3931
4026
3568
3698
3661
4013
3880
3782
3798
3640
3781
3617
3471
3820
3347
3578
4073
3703
3802
4071
4319
3945
3955
4118
4019
4319
4320
4220
4066
4170
3813
4237
3699
4055
3919
3960
4244
4023
3817
4212
3924
4199
4465
3761
3644
3782
3999
3787
4398
3888
3934
4203
3783
4206
4015
3828
3989
4231
4193
4028
3972
3907
3938
4204
4064
4276
4002
3965
3732
4128
3582
4098
4266
4212
3901
4264
4007
4164
4633
4337
3754
3669
4049
4011
3791
4203
4195
4607
4012
4156
3860
4436
4013
3884
3778
4152
3903
3654
3995
4100
3983
4102
3917
4017
4116
4054
3788
3933
4139
3517
4143
3839
4002
4381
3964
3916
3690
3707
4437
3688
4017
4144
3921
4280
4480
3746
4065
4203
4065
4018
4264
3814
3965
3993
3815
4045
4119
3932
3829
4050
3664
3900
4198
4111
3962
3986
3901
4696
4064
3891
4166
3957
3672
3822
3820
4214
4440
3989
3970
4135
3783
3714
4019
4027
3881
4067
3935
3863
4181
4153
3968
4251
4351
4136
4088
4192
3985
4082
3982
4012
4245
4260
4051
3959
3930
4347
3670
3805
3793
3764
4071
3941
4213
4070
3603
3871
4155
4512
4287
4245
4038
4104
3834
3992
3957
4364
4370
4201
4244
4527
3986
4053
3673
3904
3800
3905
4024
3899
3782
4184
4161
3878
3924
4088
4257
4148
4109
4063
4023
4036
3836
4520
3848
4154
3866
4133
4198
4061
3883
4141
3881
4216
4338
3894
3645
3882
4014
3813
4337
3972
4000
4219
3853
4053
3779
3743
4187
4107
4162
4066
3851
3835
3929
4232
3840
4048
4125
3982
3777
4093
3480
4443
4434
4314
4119
4032
3714
3888
4471
4419
3740
3757
3632
4223
3939
4170
4067
4019
3993
4559
3939
4456
4147
3840
4103
4197
4083
3633
4267
4112
3917
4111
3957
4013
4021
3935
3918
4134
4323
3627
4155
4098
4045
4328
3915
3802
3818
3889
4256
3977
4339
4199
3637
4143
4422
4107
4013
4141
3880
4067
4149
3579
3996
4283
3694
4204
4097
3817
3683
4009
3659
3884
4179
4049
4041
3948
3864
4636
3916
3823
4059
4211
3848
3863
3930
4121
4225
3894
4090
4118
3956
3689
3964
3784
3867
4070
3965
3794
3987
3999
3769
3924
4221
4179
3952
3925
4013
3772
3942
3882
4144
4065
4291
3948
4063
4455
3711
3694
3910
3773
3872
3930
4034
3765
3700
4016
4148
4460
4178
4146
4194
4230
3941
3769
3808
4257
4191
4029
3919
4286
4254
4221
3440
4156
4076
3808
3963
3233
3654
4429
4113
4017
4026
4111
3794
4366
4351
4250
4132
4175
3735
4515
4041
4023
3611
3979
4233
4007
3699
4290
3951
4009
4254
3515
3787
3739
4112
3924
4409
4041
3932
4320
3688
4253
3959
3689
3949
3931
4180
4186
3953
3866
4076
4176
3816
4085
4035
4026
3575
4197
3650
4214
4241
4126
4001
4027
3815
3915
4389
4368
3462
3637
3739
4019
4051
3975
4354
4348
3859
4093
3790
4354
3788
3775
4022
4201
3820
3911
4125
4250
3675
4286
4093
3893
3912
3845
3988
4144
4247
3311
4152
4172
3963
4425
4147
3754
3809
3784
4286
4038
4001
4334
3661
4086
4329
3856
4108
4059
3902
3960
4220
3673
4017
3854
3655
4203
4275
3782
3987
3856
3679
4007
4019
3901
3759
4003
3859
4321
3916
3992
4047
4150
3922
3588
4057
4096
4073
3777
3870
4016
3796
3823
4026
3933
4199
4028
3813
3837
3669
3884
3829
4319
4435
4213
4104
4078
3875
4005
4144
3848
4127
4118
4151
3837
3942
4304
4010
3745
3970
3815
3954
3879
4095
3904
3695
3933
4059
4244
4499
3974
4083
4040
3747
3557
4069
4311
4291
3835
3960
4205
3949
4189
3750
4279
3915
4055
4115
4112
3806
4215
4569
4050
3736
4241
4321
4392
4617
4046
4082
4423
4005
4447
3918
4288
4054
4043
4222
4454
4001
4296
4246
4325
4632
4044
3898
3965
3973
3747
4539
4018
4061
4224
4097
4315
4225
4007
3956
4141
4189
4020
4418
3840
4006
4364
4172
4266
4484
3997
3985
4271
3696
4380
4549
4568
4204
4301
4170
4533
4758
4621
3760
4114
4251
4420
4228
4258
4305
4340
4342
4352
4073
4352
4224
3888
4168
4230
3982
4021
4565
4597
4142
4485
4059
4129
4112
4045
4044
4293
4508
4019
4477
4396
4211
4368
4288
4038
4017
3722
4563
3875
4235
4289
3999
4316
4395
4242
4107
4417
4192
4243
4383
3606
4290
3974
3911
4239
4395
4087
4103
4122
3742
4298
4380
4133
4193
4324
3840
4931
4277
4029
4111
4130
3885
4089
4482
4502
4259
4259
4332
4147
3973
3993
4230
3943
4213
4484
4136
3899
4163
4161
3908
4165
4754
4405
3995
4209
4366
4124
4187
3958
4384
4433
4484
4110
4123
4276
3876
3951
4109
4012
4074
3964
4565
3903
3874
4269
4438
4273
4321
4205
4201
4615
3885
3890
4034
4336
4615
4357
4554
4510
4151
4188
3936
4033
4019
3515
3814
3451
3462
4050
3933
3813
3807
3683
3837
3798
4070
3765
3878
3852
3753
4260
3615
3753
3687
3585
4015
4006
3698
3950
3802
3916
3959
3773
3597
3665
3415
3644
4083
3827
3681
3991
3753
3784
3631
3573
3751
3770
3943
3954
3650
3517
3678
3959
3620
3832
3983
3985
3558
4195
3419
3877
4130
3991
3777
3766
3462
3975
4182
4128
3439
3632
3649
4120
3759
3848
3867
4125
3705
3949
3619
4161
3724
3689
3743
3755
3697
3618
3886
3862
3614
4009
3686
3714
4050
3634
3830
3955
4018
3303
4108
3867
3856
3839
3814
3754
3578
3517
3953
3777
3873
3977
3201
4045
3995
3976
3896
3924
3741
3769
4031
3255
3668
3871
3526
3954
4159
3598
3901
3743
3377
3547
4063
3853
3861
3588
3712
4239
3743
3411
3887
3744
3684
3632
3754
3876
4151
3932
3748
3865
3607
3858
3764
3492
3886
3816
3581
3473
3842
3738
3689
3668
4117
4132
3829
3467
3888
3883
3789
3625
3959
3933
4081
3646
3911
4118
3585
3478
3541
3603
3685
3738
4067
3649
3650
3518
4040
4265
4146
4132
3818
3918
3666
3620
3723
3848
4061
3750
4068
4055
3827
3749
3406
3885
3626
3772
4024
3778
3854
4308
4165
3874
3538
3809
3838
4242
4446
4021
4042
4179
3763
4142
4040
3921
3941
3981
4185
3979
3892
4142
3852
4262
4228
3792
3776
3792
4033
3763
4342
4160
3958
3915
3814
4178
3867
3797
3859
4226
4171
3933
4205
3962
3936
3980
4144
4346
4100
3950
3844
4329
3742
4019
4185
4043
4047
3863
3889
4052
4472
4213
3584
3773
3810
4104
3973
4097
4038
4293
3938
4174
4082
4375
4088
4094
3946
4272
3997
3864
4097
4196
3865
3963
3893
3964
3882
4004
4048
4047
3993
3479
4233
4208
3948
4104
4090
4053
3699
3703
4362
3549
3970
4069
3845
4152
4222
3713
4036
4186
4064
4160
4226
3807
4066
3825
3576
3962
4182
3847
3985
3940
3880
3825
4189
4079
3920
3978
3746
4574
4022
3811
4219
4089
3675
3840
3937
4089
4255
3842
3985
4155
3936
3698
3778
4018
3962
4084
3979
3839
4022
4158
3569
4176
4265
3962
4097
4004
4224
3958
4014
3656
4292
4429
3909
3874
3914
4306
4010
3829
3766
3784
3951
4064
4131
3848
3548
3920
4119
4358
4171
4199
4063
4030
3810
3809
4108
4088
4238
4201
4003
4245
4164
3744
3642
3998
3696
4203
4081
4039
4050
4386
4654
4129
3995
4109
4153
4398
4512
4223
4174
4338
3981
4474
4209
4467
4071
4219
4354
4331
4000
4764
4333
4290
4744
4092
3992
3976
4046
3831
4454
4218
4145
4242
4046
4380
4248
4175
3965
4105
4304
4248
4060
4045
3958
4508
4114
4333
4372
4099
4101
4274
3699
4401
4826
4490
4286
4142
4031
4090
4820
4621
3675
3760
4068
4401
4061
4367
4210
4631
4191
4393
4223
4777
4196
3989
4208
4597
4116
4031
4289
4391
3790
4448
4194
4339
4282
4032
4180
4417
4210
3779
4452
4267
4368
4300
4242
4186
4150
4008
4939
4020
4381
4307
3865
4186
4337
4371
4303
4424
4111
4446
4624
3801
4185
4324
3949
4287
4524
3915
3962
4457
3960
4178
4598
4279
4049
4181
3960
4876
4243
4055
4322
4479
4256
4051
4269
4597
4484
4060
4117
4134
4031
4123
4188
4183
4114
4422
4275
3996
3886
4408
4080
4206
4521
4390
4260
4242
4167
3986
4168
4076
4351
4417
4324
4082
3954
4364
3896
4008
4107
4011
4033
4053
4365
4167
3887
4150
4238
4663
4523
4274
4008
4455
4237
4146
4110
4502
4565
4119
4425
4623
4328
4210
3590
4352
4301
3684
3557
3542
3741
3966
3888
3861
3710
3826
3769
4120
4162
3974
3688
4096
3651
4265
3763
4032
3717
3699
4250
4068
3769
3827
3861
4001
4278
3827
3687
3717
4176
3586
4543
4145
3947
4267
4006
3991
3819
3783
3972
4153
4154
3996
4275
3922
3854
4045
4027
3943
4330
4015
3824
4300
3663
4231
4317
4044
4064
4090
3938
4185
4518
4277
3861
3759
3899
4102
3859
4038
4293
4341
4168
4139
4179
4521
3974
3915
3847
4095
4007
3981
4067
4112
3971
4131
3858
3937
4062
3792
3700
4287
4290
3550
4123
4000
3945
4277
3989
3796
3843
3649
4323
3897
4206
4337
3889
4229
4256
3826
4100
4307
3882
4147
4370
3773
3926
3796
3802
4174
4097
3944
3755
3915
3712
3945
4157
4167
3880
3973
3791
4720
4048
3807
4083
4095
3641
3848
3943
4212
4239
3927
4174
4020
3609
4024
4051
3758
4068
3926
3956
3666
3658
3993
3873
4066
4154
4147
4122
3936
4152
4036
3958
3894
4207
4095
3880
3949
3882
4236
3681
3953
3921
3760
3848
3833
4248
3885
3589
3773
3995
4360
4076
4050
4005
4220
3823
3731
3967
4262
4260
4014
4044
4352
3877
3890
3750
4034
3840
tempo: 0.175565