200 200
3434
3855
3730
3711
4055
4035
3775
3546
3759
3737
3961
4096
3930
3814
4161
3751
4040
3915
3861
3637
3690
4230
3686
3746
4035
3962
3664
4177
3653
3739
3809
3846
3778
4275
4211
3766
4035
3838
3926
3661
3508
3827
3948
4054
3721
3645
3751
3562
4027
3698
3971
3871
3877
3638
3976
3472
3908
3994
3996
3764
3825
3802
3796
4564
4134
3520
3539
3566
3978
4038
4218
4036
4268
3966
4081
3647
4396
3979
3781
3803
4120
3863
3580
4087
4223
3925
3934
3664
3752
4003
3638
3684
4062
4027
3430
4222
4037
3975
3826
3964
3598
3624
3666
4234
3795
4020
3984
3671
3930
4096
3947
3812
3935
4050
4094
4040
3720
3539
3827
3688
4029
4005
3696
3874
4037
3620
3872
4046
3983
3792
3817
3531
4432
4097
3695
3951
3985
3678
3773
3625
3831
4008
3864
4094
4001
3648
3646
3580
3628
3843
4140
3613
3533
3800
3914
3746
4040
4160
3894
3724
4127
3786
3528
3906
3729
3828
4090
3987
3669
3870
4236
3744
3543
3551
3699
3720
3719
4043
3787
3517
3794
3965
4136
4027
4267
3949
3851
3677
3587
3911
3957
4004
3939
3897
4188
3838
3910
3537
3859
3864
3844
4173
3947
3662
4169
4625
3754
3865
3940
3789
4100
4417
4023
3781
4236
3746
4231
3937
4117
3976
3896
4036
3743
3720
4197
3975
4059
4539
4019
3882
3861
3837
3902
4015
3948
3806
3925
3950
4320
3859
3798
3795
4131
3980
3898
3949
4033
3943
3982
4149
4142
4164
4199
3867
4285
3720
4267
4067
4214
3778
4012
3614
4211
4563
4252
3833
3780
4042
4234
3849
4419
4133
4286
4063
4198
4010
4447
3964
3825
3886
4265
4183
3726
4213
4164
4074
3793
4083
3821
4099
3867
4130
4249
4250
3791
4362
4050
4038
4170
4041
3790
3948
3707
4392
3770
4096
4181
3856
4122
4185
3977
4007
4059
4031
4058
4368
3732
3914
4212
3813
3904
4164
4085
3939
4050
3648
3993
4141
4035
4010
4030
3767
4327
3934
3821
4096
4213
3642
3902
4005
3721
4326
4027
4219
4151
3848
3768
3952
3775
3824
4479
3878
3787
4029
3951
3806
4128
4222
4175
3939
3743
4008
4020
4015
3947
4203
4095
3996
3917
4037
4376
3608
4028
4033
3822
3724
3775
4309
4011
3621
4108
4046
4224
4214
3954
3951
4290
4094
3653
3797
4311
4239
4056
4163
4166
3875
4042
3668
3883
3605
3897
4073
3740
3659
4293
4325
3884
3810
3865
3769
4188
4207
4054
4030
4184
3743
4556
3725
4051
4056
3984
4199
4285
3733
4002
4131
3986
4337
3880
3887
3644
3946
3705
4509
4265
4063
4129
3594
4029
3973
3777
3783
4074
4315
4304
4099
3836
3839
4145
4087
4370
4185
3871
3731
4405
3737
4058
4222
4259
4034
4253
3776
4168
4526
4430
3477
3784
3701
4194
3921
4254
4178
4328
3939
4228
3797
4374
4059
3950
4077
4222
3943
3898
4092
4169
3750
4158
4085
4110
3862
3995
3993
4381
4417
3402
4172
4110
4047
4065
3957
3802
4016
3829
4359
4081
4139
4147
3944
4213
4164
4021
3870
4225
3932
4331
4193
3701
3947
4026
3866
4052
4345
4064
3980
3840
3618
3749
4195
4069
4092
4066
3989
4466
3865
3958
4184
4217
3696
3832
4055
4201
4372
4053
3924
4252
3842
3931
4176
3896
3993
4140
3951
3878
3835
4106
3815
3932
4294
4288
4101
4111
4121
4101
4054
3944
4311
4220
4117
4022
3810
4399
3781
3829
3769
3975
3895
3814
4271
3855
3771
3882
4218
4273
4308
4058
4268
4341
3776
3894
3908
4405
4401
3936
4105
4264
4081
3899
3681
4083
3877
3705
3790
3681
3867
3941
4046
3818
3767
3853
3911
4224
4358
3949
3635
4209
3586
4373
3714
4022
3808
3888
4235
4078
3776
3990
3858
3925
4300
3539
3635
3625
3765
3515
4239
4072
3704
4000
3704
3890
3681
3591
3567
4079
3934
4053
3853
3771
3777
3871
3807
4226
3917
3962
3683
3826
3676
3851
4153
4033
4119
4064
3783
3813
4326
4269
3561
3481
3715
3968
4020
3822
4038
4213
4110
4176
3843
4323
3790
3827
3802
4026
4088
3918
3959
4115
3738
4082
3967
3735
3870
3741
3989
3886
4005
3571
4159
4141
3754
4016
3847
3662
3902
3702
4495
3787
4070
4276
3632
4039
3926
3908
3844
4065
4034
4005
4188
3716
4036
3792
3459
3975
3994
3642
3900
3835
3497
3856
3894
3995
3676
3974
4030
4252
3735
3584
4056
3876
3650
3803
4001
4087
4254
3796
3951
4096
3702
3910
4140
3903
4037
3893
3536
3607
3750
3855
3507
3812
3889
3968
3911
3966
3972
3912
3880
3607
3947
4035
4110
4032
3789
3997
3659
3758
3664
3694
3515
4104
4139
3893
3637
3728
4061
4282
3974
3943
3997
4087
3867
3579
3777
4002
4170
3753
4054
4017
3878
3717
3456
4075
3862
4016
4014
4120
3826
4471
4150
4061
3898
3999
3951
4145
4309
3965
4060
4268
3898
4545
3846
4102
3805
4048
4232
4108
3969
4398
3857
4070
4642
3814
3969
4015
4015
3773
4449
4104
4056
4328
4102
4252
3871
4036
3856
4410
4273
4224
4246
4098
4171
4187
4114
4037
4322
4229
3481
4479
3886
4294
4399
4203
4198
4111
3992
3981
4382
4665
3903
3706
4029
4347
4054
4392
4314
4343
4150
4257
4000
4412
4225
4166
4108
4342
3996
4258
4229
4420
3761
4076
4069
3897
4211
3954
4057
4237
4307
3415
4365
4255
3962
4320
4236
3903
4162
3901
4505
4144
4365
4372
4071
4274
4444
4344
4185
4381
4150
4346
4331
3696
3828
3918
3736
4182
4357
4025
3769
4237
3623
4198
4324
4153
3934
4032
3894
4559
4179
4039
4088
4031
3702
3919
4032
4140
4383
3835
3924
4291
3748
3985
4109
3935
4171
4157
3854
3768
3953
4196
3903
4059
4237
4326
3899
4050
3957
4247
4345
3844
4334
4446
4092
4136
4034
4437
4063
3721
4138
3935
4124
4094
4260
3741
3485
4045
4092
4569
4133
4364
4332
4211
3665
3776
3971
4207
4289
4283
4371
4290
4060
4216
3687
4284
3987
3996
3976
3957
3780
4404
4459
3845
4176
4056
4130
4218
4420
4110
3998
4238
3880
4627
3920
3999
3844
3854
4355
4069
3970
4191
3952
4154
4342
3932
3859
3798
3930
3947
4269
4014
3926
4026
3969
4143
3920
3607
4021
4113
4204
4174
4077
3847
4079
4309
3766
4353
4092
4024
3974
4359
3641
4057
4306
4230
3956
4225
3767
4156
4448
4682
3691
3875
4115
4256
3941
4095
4152
4468
4336
4194
3934
4334
3995
3917
4104
4178
3944
3861
4316
4181
3833
4004
4020
3902
4264
4260
4069
4179
4325
3600
4405
4044
4066
4228
4028
3971
3919
3852
4619
4011
4180
3985
3727
4213
4143
4254
4079
4125
4117
4184
4365
3708
4080
4015
3724
4120
4188
4200
4051
4202
3866
4240
4060
4305
4057
4123
3852
4519
4173
3938
4197
4078
3889
4044
4217
4204
4067
4091
4091
4273
3791
4151
4355
3768
4339
4127
3863
3891
4101
3965
3967
4263
4277
3949
3911
4051
4094
4095
4128
4033
4136
4216
4295
4025
4231
4143
4057
3691
3918
3889
3765
4077
4329
3973
3575
3689
4353
4630
4234
4029
4274
4132
3886
3812
4002
4330
4569
3962
4064
4161
3962
4016
3882
4133
3729
3824
4259
3797
3734
4243
4281
3984
3914
4155
3903
4029
4235
4240
4000
4409
3937
4480
3831
4109
4102
3884
4428
3959
3869
4144
3777
4393
4322
3964
3755
4060
3767
3952
4498
4023
3958
4200
4147
4137
4143
3855
3784
4157
4415
4002
4134
4105
3983
4275
4096
4148
4289
3889
3988
4458
3599
4167
4351
4302
3924
4024
3829
4224
4701
4416
3963
3748
4090
4079
3890
4146
4165
4315
4137
4440
3925
4369
4100
3946
3855
4346
3917
3994
4390
4369
3762
4381
3905
4098
4195
4100
4096
4428
4376
3640
4338
4082
4327
4487
4149
3965
4073
3879
4501
3944
4071
4143
3846
4286
4478
4177
3990
4386
3766
4191
4184
3744
3974
4028
4000
4254
4367
3903
3925
4143
3876
4093
4502
4351
4081
3771
3803
4653
4137
4035
4249
4068
3788
3892
3950
4152
4302
4042
4015
3967
3866
3770
4051
3889
4030
4154
3788
4028
3835
3976
4018
4157
4474
4173
3874
3966
4110
3966
4091
3932
4260
4280
4133
3983
4090
4303
3722
4003
3824
3952
3714
3993
4291
3828
3926
3723
4064
4459
4286
4293
4291
4266
4151
4023
3782
4244
4560
4185
4255
4352
3933
4027
3723
4048
3829
4132
4256
4128
4131
4373
4473
4070
4059
4254
4346
4494
4480
4171
4223
4428
4158
4547
4011
4334
4156
4160
4424
4472
4021
4528
4162
4385
4624
3988
3782
4046
4052
3997
4473
4324
4058
4503
4157
4297
3996
4020
4265
4354
4293
4124
4145
4176
4085
4504
4096
4440
4333
4186
3990
4532
3568
4428
4567
4433
4175
4219
4166
4192
4802
4534
4026
3873
4007
4510
4246
4527
4482
4575
4309
4594
4091
4829
4337
4191
4286
4231
4369
4007
4429
4597
4170
4328
4209
4360
4364
4161
4129
4365
4647
3907
4392
4520
4395
4453
4360
4250
4038
3927
4684
4239
4243
4335
3958
4465
4238
4354
4473
4514
4185
4460
4366
3916
4330
4210
3933
4456
4342
3965
4151
4495
3930
4184
4370
4345
4096
4353
3966
4996
4399
4002
4494
4282
4106
3947
4193
4373
4501
4086
4297
4053
4110
4203
4279
4043
3948
3979
3908
3793
3725
3931
3598
3920
4194
3741
4056
3829
3878
3828
3766
3662
3963
4227
3815
3837
3985
4123
3610
3777
3595
3727
3942
3956
4090
3861
3602
3811
4066
4175
4012
3839
4023
3960
3742
3763
3994
4227
4135
3922
3963
4207
3758
3662
3346
4192
3733
3932
3945
3687
3738
4353
4355
3808
3701
3806
4222
4328
4344
4068
4277
4256
3854
4560
4022
3974
3981
4114
4252
4041
3734
4113
4089
4124
4453
3847
3839
4024
3980
3726
4295
4157
4013
4108
3846
4241
4029
3872
3983
4304
4271
3846
4039
3905
3798
4075
4187
4327
4307
3998
3896
4413
3794
4506
4289
4395
4078
3969
3824
4147
4526
4494
3929
3726
3747
4332
4073
4271
4096
4207
3993
4439
3925
4577
4123
3981
4165
4175
4029
4150
4142
4361
3813
4325
4080
3998
4097
3889
4223
4290
4257
3586
4217
4039
4070
4266
4221
4129
3845
3735
4457
3930
3872
4150
3658
4262
4336
4231
3979
4065
3951
4243
4301
3606
4001
3977
3589
4076
4111
4009
3991
4081
3789
4044
4207
4035
3983
4174
3982
4657
4007
3718
4060
4230
3734
3755
4165
4001
4281
4193
3944
3997
4019
4026
3917
3718
4005
4131
3902
3723
3919
3950
3818
4133
4286
4381
4186
4102
4097
4181
4198
3873
4144
4396
4036
3875
3899
4441
3778
3860
3905
3857
3826
3915
4318
3841
3568
4108
4105
4331
4359
4014
4241
4370
3705
3909
4211
4042
4251
4155
3967
4309
4009
3968
3928
4086
3968
3747
3870
3650
3570
4091
3949
3773
3649
3676
3746
4080
4124
3814
3813
4222
3728
3937
3690
3840
3716
3807
4124
3956
3904
3842
3826
4104
4294
3957
3798
3754
3905
3643
4147
3836
3601
4077
3721
3841
3752
3570
3717
3893
3846
3863
3917
3958
3761
3754
3933
3907
3998
3898
3681
4204
3493
3887
4165
4273
3716
3875
3799
3844
4277
4148
3793
3570
3787
4142
4001
4081
4048
4210
4112
4018
4075
4303
3907
3977
3854
4066
4027
3842
3904
4061
3952
3931
3998
3813
3970
3835
3919
4091
4270
3583
4165
4079
3751
4212
3993
3678
3709
3759
4320
3884
4028
3928
3892
3941
3967
3877
4274
4258
3863
3878
3972
3541
3796
3774
3315
3892
4033
3854
3865
3793
3681
3739
4104
3923
3797
3755
3833
4480
3920
3799
4120
3954
3477
3739
3874
4063
4175
4086
4101
3912
3757
3787
3774
3729
4045
3851
3819
3853
3788
3961
3759
4130
4203
3927
4025
3883
3938
3843
3876
4002
3972
4396
3821
3910
4079
4052
3707
3655
3800
3773
3612
4025
4235
3701
3389
3779
4158
4201
4105
3946
4107
4054
3712
3808
3682
4037
4230
4257
4500
4211
4084
4399
4139
4357
4130
3623
3815
3479
3534
4081
3961
3756
3857
3779
3856
3918
4168
3841
3684
3901
3797
4316
3792
3767
3719
3820
3931
3827
3643
3991
3669
3749
4289
3576
3706
3683
3709
3616
4188
3578
3714
3880
3842
4086
3613
3670
3653
3972
4075
3779
3817
3955
3711
3826
3710
3928
4005
3802
3742
4154
3479
3697
4174
3917
3825
3840
3761
4053
4373
4246
3523
3575
3877
3800
3883
3845
4150
4113
4058
3883
3834
4166
3891
3764
3945
4025
3880
3827
4049
4109
3724
3957
3795
3684
4048
3770
3757
3931
4022
3484
4255
3944
3947
4104
3813
3697
3622
3386
4210
3471
4008
3942
3551
4121
4047
3799
3813
4191
3780
3974
4247
3551
3760
3667
3491
3983
3866
3864
3989
3894
3470
4041
3842
3949
3733
3740
3590
4214
3662
3638
3990
3994
3642
3759
4216
3844
4195
3603
4082
3723
3556
3782
3840
3677
3927
3980
3917
3553
3670
3829
3754
4080
3981
4054
3767
3825
3892
3941
4006
3523
3941
3898
3856
3834
3817
3888
3669
3974
3693
3828
3779
3771
4022
3673
3356
3684
3977
4269
4021
3830
4005
3920
3730
3722
3873
3974
4287
3712
4166
3892
3884
3838
3652
3930
3618
4133
4261
3916
3930
4459
4599
3871
3834
4213
4026
4141
4572
4250
4123
4361
3879
4309
4027
4197
4277
4028
4288
4024
3920
4340
4233
4211
4458
3934
3908
3928
4040
3658
4587
4327
4167
4228
4097
4351
3977
3864
4239
4204
4287
4081
4306
3928
4057
4061
4251
4405
4406
4038
3962
4525
3776
4242
4277
4321
4248
4172
3965
4382
4975
4665
3950
3743
4033
4265
4195
4688
4363
4686
4158
4255
4155
4527
4202
3926
4142
4249
4010
4037
4259
4419
4156
4392
4145
3992
3977
4394
4098
4101
4333
3595
4315
4105
4048
4396
4154
3934
4201
3862
4501
3961
4361
4299
3857
4221
4362
4193
4071
4085
4077
4338
4403
4092
3853
4194
3843
4136
4493
4311
4024
4265
3900
4200
4217
4218
4094
4086
3776
4880
4366
4205
4447
4384
3732
4052
4155
4195
4321
4130
4045
4423
3955
3836
4187
3932
4094
4235
4069
3884
4023
4242
3989
4010
4151
4277
4364
4374
4114
4151
4217
3960
4175
4258
4157
4247
4325
4341
3895
3884
4060
3816
3891
3994
4268
3816
3779
4005
4346
4578
4242
4405
4358
4457
4191
3868
4016
4764
4410
4133
4132
4296
4323
4019
3613
4145
3886
3639
4046
3688
3575
4420
4227
4006
3968
3732
3701
4002
4290
4194
3886
4251
3597
4422
3840
3958
3687
3837
3963
3876
3558
4116
3861
3870
4419
3748
3910
3618
3701
3791
4368
4036
3805
4037
3847
3979
3792
3547
3849
4006
4150
4151
3863
3808
3926
4060
3757
4091
4186
3984
3764
4114
3635
4061
4054
4098
3883
4062
3734
4049
4395
4315
3595
3675
3951
4180
3987
4190
4173
4378
3981
4057
3641
4264
4010
3745
3856
4073
3845
3654
4081
4177
3601
4001
4085
4077
3850
4065
3900
4188
4284
3564
4261
3853
3972
4199
3964
3735
3759
3770
4317
3763
4110
4227
3742
4177
4203
3913
4042
4187
3714
4216
4322
3842
3922
4006
3633
3805
4172
3707
3899
3962
3680
3725
3946
4079
3806
3989
3678
4477
3910
3820
3981
4029
3776
3685
4056
3852
4099
4138
3867
4086
3785
4011
4156
3736
4052
3959
3905
3916
3988
3987
3768
4106
4313
4149
3991
3851
3991
4016
3926
3771
4101
4185
4113
3738
3872
4419
3723
3717
3920
3684
3968
4100
4208
3844
3295
3851
3874
4139
4073
3983
4164
4074
3832
3737
3864
4296
4360
3981
4103
4158
3839
3883
3559
4131
3998
3822
4104
3853
3666
4307
4506
4096
4002
3999
4179
4407
4549
4360
4026
4400
3872
4182
4247
4178
4208
4192
4241
4174
3807
4328
4198
4258
4664
3935
3853
3830
3916
3775
4397
4175
4020
4239
3937
4325
4013
3940
3927
4252
4150
4153
3978
4238
3988
4189
4296
4475
4079
4081
3871
4360
3861
3972
4417
4471
4093
4176
4063
4389
4722
4693
3873
3793
3898
4217
4086
4280
4365
4579
4188
4358
4132
4458
4236
4066
4042
4022
4100
3993
4474
4317
4144
4442
4182
4005
4092
4091
3999
4394
4391
3810
4353
4216
4049
4268
4172
4019
3982
3792
4525
3907
4283
4221
3636
4391
4159
4342
4159
4163
4216
4377
4558
3999
3907
4403
3606
4262
4143
4169
4015
4033
3843
4088
4308
4234
4097
3992
3986
4568
4121
4053
4216
4293
4041
4018
4217
4399
4226
4165
4226
4399
4140
4034
4015
3886
4171
4259
4052
4078
3887
4053
3954
4286
4242
4194
4151
4020
4153
4005
4107
4082
4202
4437
4164
4193
4254
4321
4065
4139
3926
4078
3759
4143
4395
3967
4118
4040
4431
4615
4469
4040
4298
4372
4266
3855
4179
4536
4338
4126
4333
4054
4213
4194
3752
4100
4090
4075
4280
3964
4010
4641
4501
4173
4295
4242
4262
4332
4591
4280
4270
4603
4046
4615
4164
4134
4196
4106
4580
4433
4065
4545
4238
4477
4901
4195
4007
4092
4093
4032
4647
4396
3950
4519
4100
4489
4124
3973
4181
4510
4520
4269
4292
4225
4163
4362
4185
4632
4374
4256
4070
4636
3834
4287
4610
4668
4182
4431
4113
4231
4790
4824
3994
3739
3981
4230
4333
4438
4429
4309
4136
4388
4256
4549
4110
4040
4011
4272
4127
3899
4344
4309
3868
4319
4008
4311
4342
4263
4193
4247
4143
3768
4692
4251
4020
4279
4386
4081
3925
3909
4613
3757
4155
4081
3890
4266
4435
4402
4157
4182
4246
4370
4311
4012
4208
4150
3835
3987
4311
4151
4163
4178
4059
4365
4418
4364
4282
4068
3851
4641
3974
4177
4087
4218
3674
4066
4276
4444
4258
4136
4046
3980
4093
3977
4060
3790
4070
4482
4173
3827
4099
4152
3971
4154
4515
4378
4242
4275
4122
4178
4286
4006
4292
4345
4052
4133
4055
4478
3918
3822
4081
3734
4045
4054
4380
3955
3697
3984
4411
4742
4536
4356
4345
4313
4083
4134
3959
4297
4392
4096
4142
4468
4036
4276
3944
4010
3912
3744
3698
3757
3724
3884
4076
3791
3647
3743
3723
4223
4276
3743
3849
4041
3737
4176
3592
3978
3769
3657
3974
3818
3771
4155
3763
4035
4277
3730
3571
3564
3637
3642
4152
3789
3770
3846
3788
4019
3907
3476
3747
3900
4034
3748
3811
3790
3671
3876
3880
4329
4170
3816
3836
4207
3514
4107
4241
3849
3608
4225
3667
3979
4365
4334
3624
3702
3863
4070
3824
4013
4016
4156
4204
3988
3829
4258
3795
3763
3846
4209
3993
3860
4056
4109
3881
3879
3879
3771
3986
3869
3742
4193
4270
3451
4194
4017
3920
4106
3706
3868
3909
3809
4179
3938
4004
3912
3491
4004
3993
3773
3919
3999
3905
3890
4178
3480
3798
3900
3525
3766
4120
3925
3771
4066
3847
3762
4096
3759
3871
3858
3768
4547
3864
3834
3930
4073
3864
3741
3990
3989
4100
3888
3980
4241
3852
3723
4000
3623
3859
4067
3749
3585
3858
3910
3697
4226
4095
3836
3774
3897
3884
3813
3664
3781
3985
4271
3927
3955
3763
3831
3713
3597
3636
3759
3794
3814
4189
3767
3515
3869
3821
4127
3879
3611
3785
4126
3664
3658
3822
4017
4281
3768
4157
3819
3789
3785
3361
3908
3754
3648
3994
3526
3520
4264
4203
3773
3891
3742
3650
4109
4204
3703
3879
4107
3606
4350
3747
3819
3829
3750
4042
3991
3442
3789
4058
3753
4377
3779
3673
3487
3676
3473
4268
3988
3703
4206
3817
3936
3693
3321
3837
4023
3888
3828
3811
3774
3825
3836
3866
4059
3851
3729
3971
3833
3488
4031
4048
3811
3835
3856
3522
3904
4409
3986
3635
3520
3579
4076
3832
4070
4279
4285
3857
4110
3745
4273
3917
3933
3724
3915
3998
3646
3892
4179
3914
3911
3949
3839
3923
3802
3857
4090
4184
3457
4098
3847
3906
3832
3777
3676
3879
3527
4098
3465
4125
3916
3664
4056
3997
3709
3870
4077
3730
3950
4041
3706
3822
3839
3560
3845
4036
4090
3838
3935
3430
3909
3955
4019
3857
3771
3632
4320
3902
3720
3942
3924
3439
3817
3964
3843
4030
3786
3794
3775
3686
3873
3975
3697
4088
4079
4010
3558
3692
3907
3598
4094
3908
4016
4120
4026
3871
3891
3923
3597
3846
4045
3912
3877
3761
4146
3606
3610
3649
3629
3647
3837
4051
3904
3459
3819
3873
4254
4195
3941
3986
3899
3730
3854
3760
4257
4347
3893
3939
4075
4037
3869
3611
3992
3832
3356
3789
3430
3822
3930
3859
3803
3612
4034
3649
4083
4305
3886
3626
3950
3680
4020
3848
3682
3739
3470
4092
3808
3705
3867
3455
3903
4106
3690
3790
3763
3824
3609
4155
3701
3451
4044
3894
3882
3719
3674
3623
3954
3988
3882
3921
3878
3756
3915
3902
3978
3870
4082
3669
3925
3415
3876
4283
4075
3686
3771
3698
3833
4318
4336
3559
3578
3753
4029
3829
3774
4060
3963
4025
4075
3791
4185
3530
3604
3700
3867
3830
3787
3888
3948
3506
4009
3616
3708
4051
3832
3926
4010
4046
3306
4145
4056
4027
4043
3961
3809
3854
3706
3994
3757
3884
3970
3706
3771
4017
3973
3613
3803
3969
3831
4105
3653
3841
3690
3667
3858
3942
3772
3815
3828
3647
3683
3997
3914
3652
3603
3472
4305
3648
3675
3884
3984
3576
3735
4015
3606
4199
3704
3845
3901
3449
3610
3723
3534
3985
4067
3591
3768
3504
3630
3802
4068
4185
3836
3704
3767
3759
3914
3880
3590
4044
4070
3672
3775
3943
3882
3690
3655
3808
3604
3515
4078
3756
3585
3575
3673
3692
3998
4109
3778
3852
3883
3667
3534
3770
3727
3826
3799
4011
4184
3704
3835
3458
3978
3655
3864
4125
3665
3592
4134
4371
4067
4152
4001
4041
4208
4127
3946
4116
4476
3969
4124
4059
4191
3857
3792
4246
3774
3836
4190
3812
4248
4490
3992
3858
3826
3964
3699
4256
4164
4062
4272
3739
4002
3868
3711
3844
4161
4217
3938
3860
4277
3932
4043
4086
4167
4047
4069
3666
4412
3618
4203
4305
4218
4073
3993
3903
4096
4693
4374
3732
3863
3817
4116
3873
4205
4340
4353
3917
4351
4069
4297
4024
3884
3786
4223
4191
3752
3987
4098
3652
4189
4121
4053
4026
3858
3793
4324
4208
3593
4334
4105
4224
4221
4035
3956
4182
3917
4301
3892
3882
4282
3690
4185
4549
3876
4068
4016
3870
3864
4245
3805
3957
3955
3888
4037
4227
3987
3766
4122
3941
3851
3996
4273
3836
3852
3738
4427
4227
3824
4203
4138
3722
3655
4243
3906
4390
3960
3933
4099
3941
3663
4191
3798
3940
4224
3992
3809
3633
3897
3746
4130
4060
4301
4034
3870
4136
3976
3936
3861
4223
4000
3901
3975
3932
4359
3517
3732
4025
3847
3933
3970
4327
3971
3750
3797
3861
4124
4249
4097
4113
4308
4021
3683
3936
4263
4152
3970
3902
4130
4013
4110
3663
3959
3919
4116
4052
3798
3869
4383
4595
3992
4086
4152
4037
4506
4335
4042
4081
4368
3871
4608
3737
4141
4013
4003
4167
4243
3956
4106
4190
4237
4417
3992
3969
4081
4066
3951
4299
4151
4142
4262
3924
4375
4063
3871
4200
4326
4202
4210
4057
4117
4090
4308
3965
4254
4117
4032
3812
4184
3673
4272
4668
4445
4075
4285
4002
4178
4920
4552
3803
3578
3990
4125
4082
4296
4311
4811
4272
4147
4047
4454
4148
3964
4294
4257
4212
4077
4233
4574
3963
4013
4056
4037
4108
4160
4101
4418
4317
3750
4419
4209
4280
4347
4037
3900
4245
3917
4567
3829
4212
4537
3805
4421
4306
4381
4088
4312
4463
4101
4216
4035
3959
3933
3998
4236
4379
3977
4066
4343
3778
4173
4125
4148
4088
3937
3971
4625
4014
4037
4381
4111
3818
4189
4111
4314
4474
4242
4226
4146
4000
3781
4056
3880
4181
4398
4116
3845
3992
4202
3878
4227
4362
4379
4187
4383
3952
4103
4260
3896
4364
4481
4327
4263
4020
4438
3619
4057
3993
4028
4129
4070
4422
4168
3843
4037
4140
4348
4350
4194
4249
4164
3768
3847
3991
4483
4439
4287
4334
4400
3938
4100
3657
4212
4342
3693
3808
3433
3856
3957
4111
3585
3417
3541
3805
3967
4145
4018
3801
3797
3681
4230
3420
3696
3661
3832
3990
4004
3576
3928
3746
3793
4050
3608
3581
3562
3671
3551
3978
3722
3779
3601
3464
3817
3419
3534
3681
3899
4020
3849
3700
3835
3475
3727
3810
3973
4056
3830
3675
4052
3301
4053
4126
3979
3728
4040
3608
3828
4288
4224
3393
3442
3749
3976
3833
4042
3867
4029
3700
3945
3788
4185
3790
3640
3884
3846
3722
4021
4565
4597
4142
4485
4059
4129
4112
4045
4044
4293
4508
4019
4477
4396
4211
4368
4288
4038
4017
3722
4563
3875
4235
4289
3999
4316
4395
4242
4107
4417
4192
4243
4383
3606
4290
3974
3911
4239
4395
4087
4103
4122
3742
4298
4380
4133
4193
4324
3840
4931
4277
4029
4111
4130
3885
4089
4482
4502
4259
4259
4332
4147
3973
3993
4230
3943
4213
4484
4136
3899
4163
4161
3908
4165
4754
4405
3995
4209
4366
4124
4187
3958
4384
4433
4484
4110
4123
4276
3876
3951
4109
4012
4074
3964
4565
3903
3874
4269
4438
4273
4321
4205
4201
4615
3885
3890
4034
4336
4615
4357
4554
4510
4151
4188
3936
4033
4019
3515
3814
3451
3462
4050
3933
3813
3807
3683
3837
3798
4070
3765
3878
3852
3753
4260
3615
3753
3687
3585
4015
4006
3698
3950
3802
3916
3959
3773
3597
3665
3415
3644
4083
3827
3681
3991
3753
3784
3631
3573
3751
3770
3943
3954
3650
3517
3678
3959
3620
3832
3983
3985
3558
4195
3419
3877
4130
3991
3777
3766
3462
3975
4182
4128
3439
3632
3649
4120
3759
3848
3867
4125
3705
3949
3619
4161
3724
3689
3743
3755
3697
3618
3886
3862
3614
4009
3686
3714
4050
3634
3830
3955
4018
3303
4108
3867
3856
3839
3814
3754
3578
3517
3953
3777
3873
3977
3201
4045
3995
3976
3896
3924
3741
3769
4031
3255
3668
3871
3526
3954
4159
3598
3901
3743
3377
3547
4063
3853
3861
3588
3712
4239
3743
3411
3887
3744
3684
3632
3754
3876
4151
3932
3748
3865
3607
3858
3764
3492
3886
3816
3581
3473
3842
3738
3689
3668
4117
4132
3829
3467
3888
3883
3789
3625
3959
3933
4081
3646
3911
4118
3585
3478
3541
3603
3685
3738
4067
3649
3650
3518
4040
4265
4146
4132
3818
3918
3666
3620
3723
3848
4061
3750
4068
4055
3827
3749
3406
3885
3626
3772
4024
3778
3854
4308
4165
3874
3538
3809
3838
4242
4446
4021
4042
4179
3763
4142
4040
3921
3941
3981
4185
3979
3892
4142
3852
4262
4228
3792
3776
3792
4033
3763
4342
4160
3958
3915
3814
4178
3867
3797
3859
4226
4171
3933
4205
3962
3936
3980
4144
4346
4100
3950
3844
4329
3742
4019
4185
4043
4047
3863
3889
4052
4472
4213
3584
3773
3810
4104
3973
4097
4038
4293
3938
4174
4082
4375
4088
4094
3946
4272
3997
3864
4097
4196
3865
3963
3893
3964
3882
4004
4048
4047
3993
3479
4233
4208
3948
4104
4090
4053
3699
3703
4362
3549
3970
4069
3845
4152
4222
3713
4036
4186
4064
4160
4226
3807
4066
3825
3576
3962
4182
3847
3985
3940
3880
3825
4189
4079
3920
3978
3746
4574
4022
3811
4219
4089
3675
3840
3937
4089
4255
3842
3985
4155
3936
3698
3778
4018
3962
4084
3979
3839
4022
4158
3569
4176
4265
3962
4097
4004
4224
3958
4014
3656
4292
4429
3909
3874
3914
4306
4010
3829
3766
3784
3951
4064
4131
3848
3548
3920
4119
4358
4171
4199
4063
4030
3810
3809
4108
4088
4238
4201
4003
4245
4164
3744
3642
3998
3696
4203
4081
4039
4050
4386
4654
4129
3995
4109
4153
4398
4512
4223
4174
4338
3981
4474
4209
4467
4071
4219
4354
4331
4000
4764
4333
4290
4744
4092
3992
3976
4046
3831
4454
4218
4145
4242
4046
4380
4248
4175
3965
4105
4304
4248
4060
4045
3958
4508
4114
4333
4372
4099
4101
4274
3699
4401
4826
4490
4286
4142
4031
4090
4820
4621
3675
3760
4068
4401
4061
4367
4210
4631
4191
4393
4223
4777
4196
3989
4208
4597
4116
4031
4289
4391
3790
4448
4194
4339
4282
4032
4180
4417
4210
3779
4452
4267
4368
4300
4242
4186
4150
4008
4939
4020
4381
4307
3865
4186
4337
4371
4303
4424
4111
4446
4624
3801
4185
4324
3949
4287
4524
3915
3962
4457
3960
4178
4598
4279
4049
4181
3960
4876
4243
4055
4322
4479
4256
4051
4269
4597
4484
4060
4117
4134
4031
4123
4188
4183
4114
4422
4275
3996
3886
4408
4080
4206
4521
4390
4260
4242
4167
3986
4168
4076
4351
4417
4324
4082
3954
4364
3896
4008
4107
4011
4033
4053
4365
4167
3887
4150
4238
4663
4523
4274
4008
4455
4237
4146
4110
4502
4565
4119
4425
4623
4328
4210
3590
4352
4301
3684
3557
3542
3741
3966
3888
3861
3710
3826
3769
4120
4162
3974
3688
4096
3651
4265
3763
4032
3717
3699
4250
4068
3769
3827
3861
4001
4139
3910
3655
3702
3894
3599
4058
3960
3756
3978
3623
4146
3732
3431
3766
3713
4180
4003
3638
3914
3559
3823
3785
4152
3950
4054
3771
3965
3480
3790
4212
4141
3751
3998
3681
3788
4575
4440
3558
3418
3550
3894
3884
3937
3912
4164
3965
4137
3762
4151
3689
3842
3911
4044
3864
3750
3754
3916
3492
4045
3829
3842
3913
3686
3649
4119
4384
3402
4040
4350
3733
4197
3678
3583
3836
3956
3968
3910
4115
3976
3645
4015
4304
4232
3938
3926
3959
3776
4100
3520
3905
3949
3723
3972
4009
3590
3623
3841
3569
3895
3994
4043
3603
3929
3760
4404
3629
3607
3852
4016
3709
3694
3894
4050
4075
3794
4031
3654
3592
3565
3931
3810
3984
4039
3721
3792
3595
3634
3456
3952
4083
3725
3719
3643
3749
3797
3813
3912
3998
3914
3920
3974
3760
3804
3703
3759
3672
3617
3784
3878
4100
3763
3778
3639
3735
4133
4000
3755
3972
4138
3845
3405
3621
3963
3984
3837
4007
4036
3920
3713
3576
3928
4059
tempo: 0.146886