200 200
3960
3754
3804
3736
4108
3520
4022
4206
3706
3938
3665
4127
3718
3895
4198
3685
4172
4074
4133
4233
4085
3900
3866
3840
3902
3805
3760
3974
3500
3855
3848
4240
3969
4047
3692
4067
3759
3824
4274
4061
3911
3609
3781
3951
3948
4021
3910
3587
3743
4110
4236
4155
4183
3318
3954
3860
3872
3961
3944
4072
4107
3846
3661
3754
3853
4338
3842
4134
3957
3805
4107
3921
3586
3872
3986
4070
3978
3951
3748
4443
4221
3848
3756
3890
4127
3842
3603
3793
4143
3940
3551
3613
3935
4398
3905
4166
3910
4002
4382
3944
3973
4061
3833
3607
4065
4130
4135
3800
3712
3718
3723
3683
3792
3721
3968
4013
3858
4150
3595
3850
3910
4166
3649
3624
4134
4204
4018
4239
3495
4021
3747
3969
3778
3675
4020
3721
3855
3918
3560
3504
3753
3965
3870
3922
4097
4011
3804
3723
3865
4012
3747
3652
3821
4064
3973
3938
3803
3920
3573
3713
3809
3618
3950
4297
3676
4025
3664
4304
4089
4256
4065
3868
3985
3901
3728
4216
4028
3872
3485
4159
3986
4009
3753
3693
4138
4032
4049
3818
3733
3823
3739
3756
4171
3840
3694
3924
3589
4007
3499
4147
4062
4037
4009
4027
4348
3572
4070
3986
3928
3984
3862
4049
3995
3906
4395
3977
4314
4155
4239
4108
4351
4269
4070
3850
4069
4020
3546
4067
3904
4285
4129
4428
4004
4185
3898
4045
4126
4049
4261
3943
4094
4084
3987
4322
4126
4191
4012
3869
3909
3880
4205
4085
4348
3556
4292
4048
4081
4115
4227
4167
4314
4011
3624
3865
4132
4397
3999
4576
4289
3754
4305
3877
3903
4012
4344
4329
4406
4132
4075
4467
4360
4108
3952
4059
4374
4128
3984
4112
4314
3986
3860
3975
4093
4446
4341
4359
4332
3959
4728
4155
4172
4439
3992
3523
4254
4201
3901
3948
3909
4073
3855
3797
4115
4025
4202
4211
4185
4187
3761
3884
4064
4424
4216
4032
4185
4121
4294
4513
3964
3893
3987
4036
4062
3568
4580
3844
4025
4077
4057
3815
3783
4076
3966
4485
4093
4337
4057
3709
4125
4132
4212
4112
3833
4373
4060
4112
3953
3995
3872
3990
3847
4324
4453
3931
3813
4444
3955
4426
4159
4358
3938
4151
4039
4123
3571
4474
4442
3898
3586
4088
4056
4242
3962
4075
4482
3990
4184
3983
3890
3826
3913
3826
4491
3985
4251
4063
3695
4038
3818
4364
3883
3892
3944
3613
4504
3516
3900
4317
3668
3976
3817
4230
4127
3941
4370
3958
4097
4153
4008
4113
4359
4160
4029
3682
4126
3889
3782
4132
3645
4103
4013
4397
3977
4170
3963
4196
3874
4122
4266
4015
4137
3735
3919
4371
4198
4263
3963
3736
4276
4044
3790
4334
4214
3762
4114
3917
4173
4111
4070
4062
4187
4029
3446
3791
4063
4433
4212
4323
4232
3600
4015
3820
3715
3962
4241
4072
4215
3930
3799
4518
4355
3962
3908
3794
4419
4039
3858
3890
4231
3988
3791
4011
3783
4472
4251
4268
4049
3805
4513
3829
4088
4335
3897
3546
4196
4121
3984
3847
3899
4012
3942
3917
3905
3735
3852
4368
4171
4253
3638
3936
3981
4438
3866
3789
3943
4182
4116
4128
3636
4027
3929
4204
3840
3890
4237
3795
3681
4137
3792
3880
3591
3966
3562
4334
3872
4313
3779
3928
4085
3934
3673
4030
3932
4084
4046
3871
3856
4076
3725
3812
3901
4044
3966
3956
4151
4392
3815
4257
4405
4294
4375
3908
4130
4176
4046
4163
4038
4087
3895
4296
4068
4132
3979
3982
4281
4004
4156
4155
3900
3779
3824
3890
4417
3924
4117
3994
3787
3968
4011
4374
3584
3599
3793
3459
3883
3335
3827
4012
3735
3947
3652
3844
4032
3762
4098
3805
4045
3820
4021
4014
3881
3834
3899
3872
3775
3767
3556
3761
3702
3882
3755
4033
3844
4082
3731
3610
3959
3955
4183
3947
4065
3762
3750
4133
4005
3916
3849
3334
3900
3673
4093
4168
4158
3543
4058
3947
3973
3849
3881
4018
4332
3928
3428
3455
3800
3927
4008
4189
4099
3762
3922
3605
3599
3956
4052
3944
4219
3926
3855
4408
4018
3878
3786
3583
4033
3874
3723
3909
3995
4007
3625
3758
3789
4368
4050
4196
3943
3827
4164
3792
3923
3935
3895
3506
4060
3948
3758
3632
3783
3839
4037
3874
3649
3836
3777
3875
3999
3998
3306
3833
3969
4051
3692
3752
3690
4019
3808
4344
3743
3821
3783
4079
4135
3487
4081
3697
3762
4026
3680
3490
3548
3828
3555
3997
3609
3951
3740
3717
3853
3714
3731
3658
3584
4032
3957
3742
3772
3805
3600
3765
3485
4017
3651
3728
3852
4097
3789
4112
4087
4263
3824
3768
3813
3820
3606
3866
4156
3783
3375
3803
4122
3957
3479
3637
4093
3938
3916
3656
3747
3502
3746
3586
4014
3671
4097
3760
3721
3606
3697
3878
3973
3916
4177
4037
4341
3598
4156
4169
4173
4126
3648
4198
3965
4045
4378
3914
4347
4198
4235
4361
4317
4017
4149
4259
4105
3990
3814
4039
3919
4161
4157
4419
3921
4267
4159
4074
4042
4276
4476
4136
4269
3794
4236
4209
4115
4033
4212
3726
4259
3889
4333
4698
4167
3619
4447
4047
4250
3906
4313
4132
4413
4151
3776
3891
4138
4279
4410
4485
4471
4106
4328
3935
3765
4061
4580
4168
4528
4087
4091
4597
4246
3945
4361
3882
4346
4175
4047
4048
4496
4325
3693
4019
4127
4497
4028
4420
4125
4187
4501
4162
4319
4479
4055
3555
4372
4341
4037
3884
3997
4228
4124
4095
4068
3833
4066
4514
4267
4209
3753
4095
4085
4515
4037
3745
4130
4234
4314
4284
3964
4178
4023
4158
4202
3914
4503
4017
4016
4118
4145
3807
4076
4340
3643
4383
4018
4578
4077
3840
4115
4010
4205
3921
3893
4277
4222
4162
4262
4390
3867
4067
4221
4130
4436
4267
3831
4563
3767
4363
4348
4382
4123
4038
4015
4107
4203
4223
4452
4078
3796
4325
4212
4050
3991
4063
4398
4090
4419
4345
3950
4046
4181
4072
4620
3664
4201
4204
3682
3990
3782
4373
3915
3962
3727
4110
4485
3658
3943
4080
4253
3839
3951
4294
4033
4030
4236
4006
4399
4039
4087
4388
4211
4275
4080
3777
4052
4101
3717
4027
3612
4117
3925
4318
4098
4161
3731
3607
3798
3907
4222
4048
3806
3886
4138
4173
4072
4052
3972
3416
4155
3962
4242
4412
4251
3569
4296
4021
3849
3903
4039
4263
4297
4038
3596
3889
4082
4102
4021
4112
4220
3968
4066
4138
3728
3807
4470
4316
4417
4012
3944
4515
4478
4056
4282
3990
4354
4094
3809
4012
4364
4164
3853
3904
3904
4403
4173
4304
3875
4072
4498
3949
4114
4218
3789
3611
4145
4251
4045
4078
3824
4037
3771
3880
3829
3900
4228
4281
3951
4200
3427
4134
4236
4197
3863
3815
3978
4087
3996
3989
3829
4208
3927
4020
4110
3788
4398
3724
3831
3952
3895
3711
3801
4031
3956
4255
3981
4114
4024
3680
4009
3831
4146
3847
4171
4193
4272
3931
4256
4033
3595
3802
3635
3949
4397
4081
3661
4432
3727
4123
4148
4383
4055
3774
4132
4079
3643
4033
4325
3801
3641
4047
4061
3879
3807
4045
4200
3960
4316
4205
3749
3687
3787
3977
4350
3914
3875
4032
3670
3654
3778
4113
3863
3668
3689
3624
4018
3542
3885
3997
3733
3993
3635
3923
4015
3876
4210
3947
4190
4061
4222
3973
4189
3931
3712
3649
3992
3893
3408
4013
3493
4096
3811
4107
3891
3916
3656
3947
3834
4024
4278
4120
4052
3666
3748
4172
3987
4009
3847
3270
3781
3856
4216
4092
4134
3528
4056
3834
4080
3890
3798
3991
4050
3781
3279
3837
4039
4232
3969
3912
4197
3838
4123
3677
3662
3772
4099
4074
4277
3817
3804
4491
4023
3944
4037
3739
4458
3877
3724
3921
4190
3943
3727
3524
3899
4237
4213
4112
4055
3849
4539
3824
3982
4103
3661
3541
4013
4033
3917
3859
3807
3943
4137
3799
3712
4015
3866
4013
3971
3926
3494
3700
4054
4219
3571
3852
4038
4024
3865
4055
3684
3885
3997
4081
3918
3797
4167
3738
4010
4090
3794
3651
3610
3902
3918
4255
3856
4076
3864
3697
3860
3761
3622
3472
3801
4064
4070
3698
3927
3883
3695
3833
3615
3856
3975
3770
3690
4108
3844
4251
4105
4407
3851
3790
3971
3989
3465
4131
4146
3873
3577
3721
4122
3887
3732
3905
4247
4068
4160
3811
3511
3627
3663
3565
4003
4001
3885
3882
3761
3611
3832
3827
3846
4049
4155
3774
4415
3417
4051
4310
3965
3958
3819
3986
4176
3852
4486
4234
4273
4299
4048
4156
4162
4039
3657
3762
4045
4220
3815
4091
3813
3948
4188
4236
4243
4313
3767
4013
3996
4045
4318
4284
4126
3883
4044
4147
4191
4386
4260
3796
3886
4041
4045
4175
4071
3539
4133
4010
4275
4162
4019
4386
4407
3797
3398
3794
4119
4403
4136
4353
4261
3961
4210
3747
3777
4024
4288
4246
4290
3989
4097
4605
4256
4032
4137
4009
4373
4014
4102
3916
4429
3917
3866
3676
3918
4453
4182
4450
4154
3876
4308
4244
4332
4311
3938
3920
4221
4220
3998
3902
3854
4061
4146
3867
3919
3881
4001
4346
4129
4192
3704
3974
4106
4159
3831
3814
4055
4243
4229
4218
3766
3813
3820
4032
4037
4020
4407
3946
3904
4091
3940
3822
3892
4133
3701
4149
3999
4338
3732
3807
4070
4102
4007
3959
3886
3999
4211
3891
3894
3963
3840
4046
3731
3935
4178
4052
4033
4178
3706
4495
4257
4389
3960
3938
4241
4188
3896
4205
4549
3959
3700
4245
4331
4270
4017
3846
4369
4111
4357
4097
4028
3768
3881
3940
4385
4136
4035
4247
3897
3927
3998
4103
3440
3572
3614
3459
3841
3310
3545
3926
3643
3441
3318
3861
3715
3318
4020
3440
3889
3702
3523
3889
3736
3727
3558
3502
3795
3483
3479
3609
3389
3657
3680
3832
3535
3717
3317
3451
3605
3674
4056
3541
3467
3461
3519
3755
3742
3653
3629
3282
3729
3499
4003
3726
3829
3210
3633
3702
3803
3678
3832
3891
3881
3588
3459
3387
3629
3734
3880
3931
4008
3583
4015
3527
3273
3337
3883
3753
3786
3765
3687
4166
3778
3458
3600
3566
3896
3569
3378
3690
3850
3701
3463
3475
3779
4073
3873
3891
3595
3679
4020
3820
3628
3952
3590
3185
3881
3801
3647
3635
3557
3415
3542
3516
3598
3374
3644
3794
3537
3856
3483
3495
3617
4151
3447
3537
3507
3848
3672
4032
3527
3575
3667
3661
3447
3245
3979
3434
3457
3554
3392
3370
3461
3764
3663
3967
3596
3872
3617
3270
3656
3685
3634
3580
3571
3823
3753
3508
3505
3686
3348
3625
3481
3598
3804
3946
3414
3758
3509
4157
3881
3993
3742
3733
3711
3596
3415
3792
3828
3531
3247
3977
3724
3863
3451
3593
3909
3724
3973
3651
3553
3632
3566
3470
3919
3499
3634
3830
3343
3468
3420
3987
4012
4216
4030
4097
4218
3729
4266
4142
4048
4018
4076
4181
4271
4151
4415
4067
4526
4280
4449
4403
4451
4396
4095
4111
4017
4228
3814
4151
3925
4041
4213
4509
4152
4360
3845
3927
4035
4039
4511
4410
4353
3984
4036
4206
4009
4221
4062
3923
3897
3687
4341
4406
4453
3573
4173
3953
4340
4154
4071
4201
4430
4082
3645
3983
4056
4393
4202
4579
4143
3963
4509
4177
3691
3858
4278
4302
4358
4047
4154
4642
4321
3923
3999
3952
4341
3971
3995
4129
4352
4129
4028
4046
3997
4341
4269
4417
4304
3809
4700
4344
4120
4293
4036
3730
4413
4270
4243
3810
3968
4066
3947
3878
3973
4039
4095
4511
4237
4504
3620
3969
4146
4267
3885
3974
4066
4336
4119
4503
3988
3960
4281
4199
4134
4106
4718
3661
3927
4257
3814
3978
3940
4195
3998
4191
4071
4429
4016
3969
3933
3983
4200
3783
3886
4403
3938
4177
4179
4298
3879
3673
3877
4131
4380
4220
3866
4365
4012
4306
4162
4548
3966
3953
4044
4262
3842
4265
4552
3944
3672
4236
4214
4375
3987
4039
4519
4115
4294
4284
3769
4112
3863
4114
4249
4098
4156
4221
3789
4029
3838
4274
4377
4253
4241
4274
4627
4049
4534
4675
4229
4491
4175
4724
4224
4228
4874
4348
4671
4635
4330
4537
4736
4574
4558
4186
4390
4345
3954
4469
4360
4492
4533
4807
4512
4692
4197
4296
4457
4530
4959
4676
4463
4220
4331
4818
4718
4417
4464
4084
4376
4450
4628
4831
4700
4001
4464
4385
4476
4497
4815
4495
4772
4364
3959
4131
4628
4797
4483
4748
4545
4264
4702
4492
4377
4505
4824
4722
4603
4583
4243
4951
4726
4394
4310
4369
4766
4518
4336
4412
4730
4581
4396
4389
4418
4837
4735
4759
4578
4467
5044
4473
4425
4665
4277
3871
4739
4562
4815
4333
4455
4351
4261
4030
4387
4186
4328
4917
4679
4717
4050
4200
4386
4771
4284
4243
4337
4666
4670
4914
4141
4573
4371
4534
4212
4530
4499
4355
4047
4456
4319
4185
4083
4523
4334
4785
4263
4692
4386
4106
4562
4407
4509
4355
4363
4383
4714
4128
4242
4587
4260
4292
4155
4359
4497
4594
4225
4660
4193
4758
4850
4887
4566
4448
4765
4646
4028
4968
4662
4455
4111
4576
4681
4640
4221
4439
4766
4510
4585
4402
4374
4379
4232
4363
4617
4559
4353
4159
4137
4286
4122
4784
3979
4096
4272
3902
4315
3429
4265
4341
4075
4225
3905
4167
4210
4431
4526
4170
4295
4374
4472
4416
4370
4154
4137
4241
4171
4167
3987
4201
3888
4275
4137
4608
4198
4283
3766
4228
4075
4165
4646
4344
4208
4101
4072
4477
4281
4022
4091
3749
4134
4065
4274
4551
4407
3772
4210
4014
4460
4091
4295
4349
4296
4187
3772
4055
4056
4563
4533
4545
4495
4029
4198
3947
3874
4101
4303
4481
4515
3999
4292
4686
4342
4169
4118
4122
4609
4016
3913
4028
4601
4070
3844
3867
3966
4830
4127
4441
4303
3967
4498
4192
4329
4295
3932
3951
4407
4191
4288
4263
3946
4122
4046
3977
4108
3923
4277
4505
4120
4223
3652
4002
4320
4320
3935
3983
4180
4481
4164
4432
3690
3965
4269
4233
4160
4103
4482
4022
3830
4342
4094
3942
3863
4429
3820
4376
4404
4242
3859
3940
4097
4041
3894
3994
3881
4523
4214
4553
4202
4342
3927
4114
4009
4200
4367
4340
4024
4367
4039
4543
4462
4702
4118
4050
4178
4210
3955
4207
4429
4033
4022
4508
4333
4002
4085
3934
4378
4034
4351
4275
4150
3812
3832
4106
4326
4226
4051
4163
4180
4021
3883
4348
3692
3826
3775
3657
4191
3546
4082
3838
3901
3953
3566
4057
3715
3882
4361
3732
4058
4224
4068
4194
4160
3902
3940
3841
3915
3641
3669
3851
3704
3891
3869
4250
3868
4101
3796
3887
3769
4041
4317
4074
4144
3875
3763
4062
4079
3998
3861
3373
4003
3794
4036
4247
4191
3557
4038
3912
4038
3910
4227
4016
4074
3745
3649
3794
3979
4105
4092
4277
3992
3816
4182
3846
3601
3904
3965
3979
4273
3948
3761
4507
4073
3948
3923
3791
4147
3883
3764
3920
4217
4106
3521
3781
3777
4392
3921
4076
3895
3932
4160
4012
4009
4115
3866
3576
4105
3941
3929
4216
3626
3860
3670
3758
3898
3739
4102
4307
3935
4157
3544
3814
4068
4278
3677
3626
3947
4062
3830
4177
3753
3915
4237
3847
4001
3704
4060
3653
3799
3928
3845
3469
3638
3965
3690
3997
3842
4074
3727
3737
3872
3645
3821
3754
3538
4121
3962
3908
3992
4097
3609
3744
3773
3951
3876
3890
3680
4295
3781
4102
4288
4296
3898
3894
4126
3968
4002
3990
4242
3721
3495
3899
3678
3926
3596
3748
4106
3991
4281
3869
3518
3642
3641
3735
4071
3827
3706
4050
3839
3731
3599
4081
3849
4058
4116
3933
4495
3660
4386
4298
4073
4178
3769
4149
4114
3996
4325
4118
4535
4158
4356
4333
4392
4341
4159
4166
4370
4154
3932
4392
3893
4233
4225
4535
3956
4280
4169
4053
3940
4268
4377
4174
4319
3798
4107
4451
4349
4269
4162
3855
4286
4167
4365
4551
4364
3711
4422
4297
4074
4055
4262
4079
4484
4063
3784
3899
4209
4440
4163
4513
4410
3985
4027
4215
3892
4300
4498
4410
4392
4038
4127
4747
4361
4186
4214
3990
4521
4209
4067
4043
4576
4260
4089
3963
3924
4518
4314
4523
4060
4090
4756
4022
4195
4543
3881
3650
4385
4385
4090
4239
4170
4359
4084
3916
4248
4136
4128
4665
4142
4354
3787
4173
4221
4440
4102
3941
4268
4325
4173
4382
4003
4249
4137
4357
4127
3793
4558
4035
3963
4213
4103
4102
3853
4155
4179
4599
4226
4542
4101
3941
4264
4105
4118
4175
4142
4369
4208
4323
4230
4342
3873
3974
3899
4039
4347
4200
4087
4355
3887
4338
4487
4449
4208
4058
4394
4394
4163
4420
4394
4303
3807
4293
4439
4204
4005
4159
4373
4149
4359
4372
3882
3976
4096
3994
4377
4056
4143
4229
3814
3990
3998
4514
4194
3991
4185
4134
4402
3711
4497
4307
4224
4526
3881
4351
4120
4292
4598
4362
4441
4471
4310
4590
4613
4454
4290
4076
4369
4055
3963
4323
4048
4231
4217
4648
4462
4472
4176
4119
4364
4390
4686
4525
4491
3974
4207
4513
4328
4127
4359
3905
4527
4306
4360
4641
4723
4033
4476
4255
4508
4212
4321
4582
4530
4179
4052
4063
4349
4697
4314
4683
4559
4321
4495
4001
4102
4235
4799
4206
4733
4315
4342
4960
4482
4035
4294
4181
4648
4266
4157
4403
4488
4410
4043
4067
4061
4752
4380
4627
4534
4286
4859
4129
4426
4622
4308
3904
4441
4421
4273
4131
4033
4365
4289
4194
4280
4108
4177
4707
4365
4571
3910
4213
4330
4736
3937
4250
4269
4273
4260
4702
3880
4216
4433
4251
4424
4145
4654
4202
4151
4410
4245
4092
3835
4479
4203
4521
4333
4550
4232
4118
4192
4218
4256
4121
3983
4521
4432
4301
4294
4459
4066
3999
4099
4216
4283
4454
4208
4530
3932
4673
4719
4601
4401
4252
4658
4397
4077
4392
4691
4354
3942
4420
4328
4308
4034
4189
4658
4045
4552
4266
4225
4067
4051
4186
4579
4402
4469
4493
4071
4054
4216
4473
4155
4101
3888
3941
4214
3459
4345
4460
4103
4123
4099
4110
4206
4072
4324
4048
4224
4221
4083
4206
4313
4216
4004
3957
4106
4060
3673
4296
3731
4229
4127
4636
4181
4561
4069
4004
3960
4140
4488
4402
4157
4075
3930
4468
4064
4259
3905
3844
4071
4211
4349
4282
4278
3673
4237
3934
4346
4068
4061
4383
4335
4168
3734
4081
4015
4227
4152
4467
4334
3744
4220
3964
3685
3986
4492
4427
4602
3844
3978
4689
4419
3952
4258
3773
4389
4100
3800
4201
4407
4132
3738
3794
4070
4601
4391
4313
4261
3910
4703
3957
4306
4281
3950
3654
4322
4170
4130
3961
3818
4344
4109
4184
4028
4068
4134
4511
4020
4252
3745
3819
4173
4359
4029
4069
4099
4261
4075
4349
4008
4066
4312
4303
4080
4046
4245
3864
3921
4131
4016
3777
3841
4296
3930
4414
4277
4498
4018
4014
4169
4048
4139
4090
4050
4308
4304
4252
4046
4011
3742
3884
3933
3885
4126
3952
4232
4445
3758
4401
4464
4571
4139
3935
4266
4225
4004
4170
4517
3998
3666
4439
4346
4149
3954
4085
4456
4029
4089
4153
4129
3835
3965
3992
4255
3948
4257
4342
3636
4041
3952
4512
4152
3931
4010
3943
4359
3552
4254
4363
4175
4207
3853
4435
4302
4155
4536
4023
4221
4094
4179
4163
4264
4273
4067
4171
4342
4110
3755
4058
4009
4192
4126
4310
4034
4435
4102
4176
4017
4180
4515
4445
4216
3949
3819
4528
4086
4191
4045
3662
4289
4012
4298
4379
4324
3884
4068
4019
4284
4241
4233
4338
4455
3995
3675
3855
4096
4345
4298
4397
4389
3958
4483
4058
3851
3847
4416
4382
4364
4201
4310
4599
4344
4059
4205
4188
4326
3964
3951
4255
4324
4320
3975
3993
3989
4502
4326
4440
4195
3960
4642
4228
4194
4350
4142
3716
4321
4331
4238
4207
4058
4242
4151
3888
4076
3877
4008
4312
4259
4176
3835
3955
4216
4405
3917
4005
4002
4472
4293
4533
3891
4066
4203
4015
4131
4224
4441
3765
4023
4219
3963
3784
4006
4229
3879
4546
4235
4535
3932
4292
4251
4021
4059
4131
4050
4118
4151
4103
4138
4219
4094
3911
3717
3969
4020
4079
3875
4495
3945
4234
4502
4561
4396
3931
4177
4288
3976
4436
4294
4080
4059
4385
4142
4249
4015
4148
4520
4231
4245
4128
3984
3841
4192
4145
4424
4231
3951
4173
3860
4009
3952
4333
3897
3863
4137
3792
4284
3671
3924
4187
4043
4005
3717
4203
4062
4017
4500
3918
4308
4169
4057
4118
4164
4334
3900
3830
3953
3979
3873
3931
3936
4082
4006
4341
4110
4380
3615
4033
3999
4152
4475
4177
3902
3939
3774
4173
3818
4050
3959
3649
3966
3848
4034
4373
4115
3479
4045
4205
4180
4204
4144
4045
4243
3906
3629
3607
4110
4509
4113
4342
4200
3813
4319
4031
3908
3910
4120
4156
4318
3762
4025
4526
4378
3783
3928
3973
4439
3978
3793
4080
4447
4058
3732
4003
3913
4425
4020
4204
4377
3758
4466
4243
4118
4126
4051
3623
4431
4009
4206
4126
4177
3964
3992
3814
3859
3833
3925
4220
4179
4054
3726
3974
4180
4267
3847
3947
4047
4415
4009
4463
3849
4007
4153
4076
4154
3947
4474
3889
3982
4161
4016
3867
3768
3956
3717
4203
3963
4252
3935
3609
4103
3970
3769
3883
3707
4236
4146
4216
4090
4004
3754
3879
3784
4099
4017
4235
3732
4363
3794
4333
4474
4370
4010
3898
3961
4067
3878
4379
4328
3841
3695
4138
3990
4134
4102
3868
4195
4385
4345
3962
3914
3846
3872
3648
4292
3943
4033
3950
3779
3742
3818
4394
3799
3671
3759
4242
4070
3661
3780
4199
3909
3995
3670
4116
3840
3872
4297
3833
4249
3924
3974
4006
4343
4071
3899
3884
3948
3951
3663
3943
3811
3849
3895
4137
4006
4015
3744
3898
3953
4141
4242
4192
4027
4177
4037
3954
3896
4065
3758
3400
3734
3835
4293
4096
4150
3506
3996
3913
4105
3865
3852
4037
4285
3917
3433
3729
4065
4194
4096
4239
3908
3690
4209
3885
3638
3945
4204
4226
4166
3820
3925
4477
4263
4059
4064
3722
4276
4007
3671
3875
4218
3928
3820
3724
3806
4315
3838
4105
4064
3740
4348
4081
3934
4142
3804
3638
4073
3901
3766
3737
3722
3891
3797
3701
3892
3983
3797
4447
3887
4084
3622
3711
3747
4339
3746
3806
3959
4256
4092
4197
3761
3924
3985
4074
3973
3685
4251
3829
3978
4044
3691
3491
3967
3911
4002
4169
3853
4230
3719
3576
3984
3962
3889
3599
3724
4108
3934
3973
4152
4091
3769
3517
3565
3725
4092
4129
3854
4449
4148
4237
3931
4441
3967
3790
4009
4098
3861
4318
4119
3934
3798
4069
3913
3990
3899
3857
4236
3862
4105
3897
3991
4104
3665
3752
4203
3947
4013
3971
3524
3708
3778
4142
3642
3704
3852
3527
4101
3585
3988
3950
4031
4161
3699
3850
4022
3965
4463
3791
4390
4105
4099
4014
4228
4012
3932
3703
4073
3913
3674
4130
3435
4008
3980
4368
3980
3980
3735
3817
3796
3865
4108
4127
4098
3950
3893
4179
4055
3889
3744
3318
4162
4024
4152
4180
4153
3387
4154
3779
4129
3997
3984
3966
4279
3968
3750
3851
3932
4028
4110
4374
4140
4035
4207
3779
3389
3807
4261
3961
4148
3881
3906
4504
4218
3893
4080
3970
4195
3933
3629
4113
4390
3938
3845
3804
4001
4546
4034
3977
4123
3883
4434
3755
4107
4142
3766
3660
3935
4135
3828
3753
3688
4183
3918
3767
3913
3781
3809
4350
3833
4155
3564
3915
4040
4220
3616
3888
3924
4010
3958
4207
3694
3830
4002
4151
4125
3612
4326
3820
3930
3991
3729
3640
3742
3921
3780
4077
3946
4293
3781
3631
3953
3904
3803
3744
4025
3986
4290
4198
3999
4090
3570
3837
3765
3956
3946
3856
4127
4275
3583
4278
4307
4365
3947
3932
4205
3810
4011
4089
4310
3928
3575
4052
4132
3966
3736
3889
4071
3786
4212
3847
3598
3642
3530
3629
4322
3922
4119
4050
3658
3843
3884
4196
3529
3417
3332
3458
3695
3376
3724
3718
3696
3607
3421
3633
3607
3438
4011
3535
3848
3599
3806
3653
3585
3742
3438
3314
3567
3602
3347
3638
3275
3571
3621
3809
3489
3521
3294
3481
3448
3499
3845
3620
3755
3437
3390
3803
3679
3647
3378
3111
3630
3442
3548
3857
3582
3064
3754
3630
3772
3388
3478
3873
3841
3507
3170
3348
3669
3803
3717
3798
3606
3411
3811
3536
3194
3484
3821
3814
3815
3557
3475
3972
3702
3609
3427
3259
3917
3451
3270
3546
3811
3393
3297
3352
3566
3991
3749
3771
3539
3443
4009
3438
3589
3772
3359
3525
3725
3579
3496
3499
3265
3535
3346
3060
3408
3251
3375
3791
3468
3732
3271
3478
3404
3941
3390
3447
3495
3669
3760
3720
3455
3576
3575
3659
3465
3398
3743
3395
3540
3632
3410
3426
3480
3623
3396
3841
3607
3645
3479
3190
3562
3429
3299
3238
3725
3532
3726
3580
3398
3603
3480
3466
3361
3431
3677
3585
3355
3865
3423
3814
3836
3986
3561
3290
3532
3666
3520
3712
3637
3531
3321
3778
3673
3572
3448
3514
3986
3408
3765
3564
3366
3399
3233
3401
3723
3477
3298
3626
3171
3479
3269
3775
3994
3735
3925
3769
4052
3699
4007
3906
3898
4320
3575
4119
3685
4053
4311
3802
3981
3975
4035
4200
4283
4088
3988
3777
3958
3811
3704
4055
3519
3914
3911
4323
3908
4182
3895
4138
3867
3851
4288
3966
4118
3723
3838
4279
4162
4195
3933
3661
4050
3960
4142
4214
4208
3805
4251
3917
4283
3943
4142
4146
4183
3907
3483
3798
4164
4216
4098
4152
4126
3810
4122
3735
3591
4034
4254
4010
4531
4055
4017
4513
4222
3565
4025
3532
4330
3875
3724
4002
4255
4005
3640
3890
3767
4374
4066
4030
4286
3944
4514
3892
3934
4132
3764
3683
4141
4119
3808
3858
3755
3986
3960
3579
4031
3763
4104
4320
3982
4228
3687
3784
3995
4256
3712
3780
3922
4099
3963
4333
3713
4028
3895
4192
3984
3649
4267
3745
3943
3983
3870
3763
3749
4061
3856
4023
4095
4279
3812
3712
3968
4003
3766
3944
3940
4115
4163
4113
3984
4143
3560
3791
3697
3916
3993
4138
3882
4196
3733
4208
4442
4481
4079
4032
3964
3947
3912
4088
4176
3998
3691
3987
4068
4147
3696
3960
4274
3826
4212
4065
3792
4000
3855
3835
4207
3679
3772
3887
3690
3785
3927
4254
3753
3517
3750
3469
3868
3349
3951
3943
3604
3693
3551
3853
3756
3790
4120
3900
4044
3984
3704
4132
4048
3876
3743
3738
3597
3764
3206
3796
3666
3837
3786
4145
3867
3909
3562
3643
3759
3717
4178
3962
3753
3888
3829
3884
3752
3889
3610
3312
3761
3865
4084
4237
4090
3400
3996
3786
3734
3430
3888
3853
3890
3772
3310
3779
4002
3960
3908
4046
3989
3781
4028
3571
3516
3845
3963
4022
4042
3924
3941
4336
4097
3620
3717
3668
4215
3715
3432
3610
3959
3631
3591
3596
3676
4242
3710
3856
3892
3719
4033
3771
3808
4014
3601
3467
3778
3871
3732
3742
3383
3649
3618
3646
3740
3594
3758
4138
3941
3835
3425
3798
3717
4328
3648
3635
3912
3889
3713
3870
3583
3614
3822
3723
3775
3409
4082
3627
3795
3683
3717
3312
3482
3943
3703
3910
3816
4048
3610
3504
3544
3606
3812
3493
3475
4022
3770
3790
3936
3893
3543
3718
3664
3813
4026
3906
3634
3980
3540
4013
4026
4081
3808
3612
3989
3941
3684
3890
4068
3626
3343
3770
3834
3807
3470
3800
3995
3915
3986
3908
3515
3635
3593
3563
4093
3523
3829
3949
3481
3479
3454
3814
3902
4093
4203
3995
4234
3651
4262
4287
4057
4236
3695
4277
4152
3935
4518
4044
4390
4113
4230
4109
4204
4367
4044
3925
4095
4020
3920
4235
3915
4049
4197
4066
4090
4239
3867
3866
3969
4176
4469
4216
4270
4137
3941
4229
4164
4379
4054
3782
3958
3993
4008
4279
4139
3751
4165
4067
4343
4064
4257
4294
4270
4055
3653
3777
4330
4211
4189
4591
4390
3891
4152
3900
3769
4122
4378
4324
4399
4125
4035
4600
4267
4112
4220
3940
4346
4073
3787
4051
4360
3848
3799
3933
3835
4665
4146
4238
4271
3912
4289
4180
4348
4198
3930
3807
4264
3894
4018
3938
3952
4138
3991
3616
4227
3948
3996
4494
4093
4488
3835
4018
4318
4465
3950
3905
4070
4317
4062
4381
3906
3883
4172
4077
3931
4009
4459
3892
3983
4236
4132
3649
3888
4157
3760
4231
4078
4377
3747
3751
4018
4112
3882
3891
3869
4081
4159
4214
4125
4330
3759
3955
3726
3899
4147
4352
4098
4432
3998
4459
4393
4422
4054
3750
4215
4222
4016
4265
4432
4113
3819
4293
4129
4161
4023
3943
4445
4005
4261
4282
3982
3984
3953
3947
4382
4082
4170
3981
4093
4044
3711
4433
3615
3686
3830
3661
4033
3552
3815
3720
3474
3828
3605
3748
3718
3665
3928
3819
3896
3848
3875
3904
4147
3956
3842
3642
3816
3777
3659
3731
3453
3861
3905
3993
3692
3940
3580
3620
3719
3869
3926
3894
3793
3551
3714
4022
3902
3886
3840
3625
3656
3587
3988
3767
4049
3329
4096
3752
3594
3668
3979
3760
4033
3654
3318
3470
3816
4176
3782
4117
4224
3658
4103
3631
3604
3841
4183
3969
4034
3659
3640
4035
4030
3856
3533
3721
4039
3471
3661
3791
4050
3854
3640
3579
3714
4318
3828
4068
3716
3743
4027
3693
3940
3896
3762
3427
3900
3660
3841
3607
3517
3784
3498
3534
3764
3778
3643
3907
3870
4064
3533
3575
3729
4201
3644
3672
3727
4031
3742
4156
3473
3534
3642
3599
3545
3527
4027
3587
3821
3853
3708
3495
3505
3615
3601
4064
3694
3852
3666
3545
3695
3782
3864
3666
3456
3905
3884
3769
3737
3790
3477
3730
3565
3750
3737
3874
3654
4186
3531
3988
4010
4279
3638
3459
3807
3753
3590
3898
3897
3623
3611
3872
3966
3939
3574
3805
4152
3655
3962
3668
3461
3531
3590
3720
3992
3923
3820
3727
3473
3621
3430
4134
tempo: 0.011993