200 200
4413
4069
4205
3998
3976
4209
3929
4363
4074
4295
3523
3890
3971
4277
3881
4250
4407
4067
4325
4084
4171
4080
3701
3892
3816
3656
4014
3970
3923
4261
4098
4137
4480
4099
4360
4048
3806
4030
3829
4278
3916
4074
3955
4250
4038
4514
4207
3856
4280
4371
4320
3465
4294
4428
4151
4076
4214
4465
4055
3822
4157
4044
4055
4122
4262
3874
3846
3874
4423
4036
3923
3777
3895
4325
3967
4092
4078
4261
4292
3986
4278
4216
4030
3868
4137
4530
4160
3920
4073
4544
3809
4316
3898
3926
4660
4044
4264
3981
3870
4229
4070
3616
3991
4055
3957
4287
4190
3939
4199
3914
4074
4372
4396
4433
4016
4325
4101
4220
4224
3920
3993
4050
4370
4152
3916
3692
3984
4015
4144
3667
4064
3739
4359
3968
3884
3913
4295
4360
4234
3828
3882
3907
3631
3929
3807
4653
4028
4197
3885
3878
4287
4031
4145
4155
4416
4063
3995
4043
3880
3936
4551
4012
3968
4413
4388
4039
4191
3805
4280
3958
3765
3982
3972
4632
4604
3903
3954
4123
4109
4051
4089
3810
3821
4097
4253
3943
3701
4082
4309
4252
4087
3869
4031
4400
4438
3910
4156
3821
3912
4127
4547
4181
4487
4509
4132
4299
3996
4342
3975
4277
3809
3880
4240
4264
3998
4018
4437
4277
4212
4155
4225
4235
3591
3936
3773
3743
4022
4151
3929
4497
4341
4592
4326
4089
4388
4303
4051
4258
4213
4380
4088
4084
4336
4567
4227
4639
4391
4013
4492
4521
4374
3806
4158
4450
4201
4065
4591
4609
4353
3924
4236
4595
4313
4446
4493
3958
3887
3720
4422
4057
4394
3964
4288
4404
4041
4139
4283
4444
4182
4164
4233
4404
4116
4161
4499
4657
4609
4110
4242
4243
3742
4280
4230
3987
4632
3980
4191
4261
4070
4358
4073
3842
4180
3975
4128
4349
4274
4041
4322
4208
3990
4449
4656
4457
4453
4316
4391
4353
4260
4312
4088
4377
4465
4316
4512
3863
4306
4355
4177
3880
4184
3775
4334
4550
4455
3995
4281
4635
4246
4134
4062
3916
3862
4197
4231
4505
4296
4072
3949
3940
4573
3941
4336
4252
4633
4217
4142
4208
3975
4058
4595
4340
4306
4511
4277
4260
4609
3650
4534
4004
4242
3993
4005
4453
4638
4151
4631
4235
4067
4206
4228
4037
4004
3867
4316
3960
4285
4268
4393
4267
4338
4064
4129
4440
4615
4266
4162
3955
4199
4271
4495
4285
4353
4409
4118
4285
4052
4177
4049
4309
3724
3984
4252
4364
4009
4341
4472
4280
4346
4030
4145
4186
3821
3948
3851
4052
3857
4181
3737
4406
4418
4346
4578
3970
4265
4401
4093
4126
4133
4108
4205
3902
3964
4549
3949
4651
4233
4018
4218
4447
4037
3500
4252
4589
4217
3913
4650
4325
4336
3880
4082
4474
4215
4224
4277
3950
3846
4115
4515
4259
4185
3903
4210
4337
4146
4679
4233
4408
4373
3997
4300
4381
3951
3910
4149
4617
4319
4159
4238
4535
4015
4299
4362
4001
4698
3966
4627
4169
4212
4138
4121
3785
4376
4188
4227
4653
4155
4036
4437
4054
4121
4324
4647
4540
4248
4418
4369
4576
4299
4029
4079
4178
4388
4593
4161
3981
4029
4113
4225
3955
4066
3851
4300
4139
4199
4052
4374
4433
4255
4117
4049
4015
3840
4353
4347
4537
4456
4224
4181
3972
4507
4192
4102
4059
4454
4254
4395
4097
3803
4290
4406
4487
4234
4639
4548
4356
4473
4105
4570
3980
4049
3913
4039
4548
4766
3963
4281
4220
4145
4131
4174
3863
3904
4204
4298
4001
4220
4161
4323
4444
4327
4005
4134
4648
4583
4160
4238
4025
4302
4220
4649
4510
4361
4564
3981
4065
4238
4489
4130
4361
3966
3917
4099
4315
4164
4119
4271
4320
4502
4078
4377
4256
3954
3836
3781
4145
4198
4140
3886
4314
4709
4457
4452
4139
4452
4233
4066
4059
4220
4341
4154
3891
4251
4601
4372
4618
4319
3955
4358
4607
4144
3836
4362
4556
4344
4144
4299
4529
4279
4067
4082
4576
4338
4444
4447
4308
3903
3823
4312
4047
4110
3985
4299
4372
4324
4424
4460
4516
4276
4255
4118
4457
4219
4129
4478
4470
4494
4043
4212
4402
4011
4250
4200
4113
4727
4018
4570
4285
4038
4333
4195
3834
4090
4110
4467
4408
4296
4355
4397
4186
4199
4599
4685
4363
4442
4347
4222
4597
4273
4066
4102
4522
4466
4423
4348
3726
4321
4268
4150
3870
4005
4216
4298
4466
4387
3937
4329
4592
4438
4088
3978
3824
3848
4272
4187
4784
4472
4461
4171
3978
4430
4359
4492
4210
4656
4289
4396
4402
3858
4140
4635
4323
4364
4483
4491
4158
4484
3928
4383
4064
4064
4183
4043
4795
4589
4173
4368
4335
4033
4445
4249
4267
3917
4374
4350
4252
4122
4263
4377
4193
4281
4105
4298
4665
4720
4201
4454
3917
4287
4264
4462
4245
4299
4262
4062
4199
3818
4347
4181
4131
3905
3868
4085
3893
4114
4137
4311
4030
4302
4018
4126
4051
3584
3775
3698
3938
4082
4247
3960
4049
4301
4313
4320
3859
4139
3772
3982
4005
3826
4177
3899
3997
3966
4358
3982
4534
4128
3859
4193
4308
3849
3586
4132
4614
4053
4054
4175
4454
4250
3715
4180
4076
4096
4273
4169
3850
3741
3770
4242
4240
4110
4077
3999
4279
4093
3920
4270
4489
3976
3930
4164
4237
3891
3786
4083
4719
4395
3999
4085
4343
3752
4009
3914
3767
4480
3889
4107
3922
3620
4201
3884
3852
3731
3769
4053
4184
4197
4114
4326
4281
3671
4570
4214
4463
4224
4290
4187
4486
4229
3997
3999
4203
4494
4505
3891
3705
3912
4230
3949
3869
3865
3893
4126
3843
4322
4082
4104
4355
4170
4020
3897
3959
3847
4186
4096
4501
4280
3942
4089
3865
4237
4053
4114
4087
4234
3988
3951
4185
3851
3953
4402
4032
4067
4522
4381
4149
4443
3582
4273
4121
3869
3987
3886
4366
4618
3740
4128
4019
4193
4297
4361
3758
3692
3929
4093
3862
3701
3924
4123
4236
4313
3774
4152
4219
4192
4334
4153
3911
4046
4279
4104
3861
4138
4049
3978
4035
3981
4135
3809
4211
3540
3714
3857
3917
3996
4308
4352
4102
4110
3868
3880
3846
3729
3740
3591
3746
3898
3887
4042
4112
4173
3985
4155
3583
3896
3880
3969
3972
3747
3825
3716
3697
3712
4306
3722
4344
3910
3808
4042
4088
4036
3561
3902
4345
4014
3853
4079
4254
3919
3676
4059
4181
4096
4034
4275
3811
3956
3717
4115
4196
4088
4039
3908
4118
4022
3975
4197
4323
4126
3791
3966
4033
3872
3865
3999
4245
4277
3510
4009
4218
3601
3853
3987
3761
4412
3789
4198
3800
3794
4450
3996
3537
3729
3853
3688
4078
4134
3752
4126
4032
3829
4224
4290
4197
3811
4254
4048
4204
4163
3964
3982
3959
4315
3964
3784
3609
3839
3932
3832
3404
4042
3765
4100
3807
3919
3990
3968
4230
4166
4021
3808
3691
3724
4143
3842
4351
4171
3963
3824
3843
4131
3874
3669
3807
4194
3774
3784
4036
3674
3867
4162
4041
3876
4460
4158
4346
4133
3590
3897
4082
3793
3935
3554
4354
4370
3581
4205
3844
4080
3943
4049
3645
3844
3888
4152
3701
3790
4156
4145
3897
4196
3628
4007
4416
4193
4062
3936
3903
3930
4163
4294
4032
4282
4053
4032
4202
3981
4035
4025
4194
3954
3920
4267
3989
4026
4039
4332
4003
4291
3964
4115
4035
3627
3784
3912
3968
4052
4160
3757
4217
4295
4313
4519
3874
4189
3935
3997
4211
4017
4304
4061
3918
4138
4316
4055
4337
3950
3954
4172
4476
4149
3804
4005
4453
4059
3883
4188
4420
4173
3827
4104
4321
4228
4157
4290
3826
3787
3822
4272
3916
4146
4047
3777
4296
3948
4223
4221
4258
4243
3824
4270
4348
3956
3724
4337
4555
4440
4100
3972
4383
3733
4284
4213
3995
4702
4199
4357
4168
3979
4267
3986
3699
4032
4054
4173
4319
4563
3982
4256
4049
4063
4493
4249
4555
4173
3982
4320
4261
4470
3960
3976
4238
4333
4265
4173
4074
3955
4127
3885
3807
4148
3695
4224
4046
4135
4028
4407
4522
4156
4176
3855
3743
3845
4132
4053
4512
4223
3986
3739
3750
4381
3875
4121
4089
4457
4355
4160
4005
3770
4095
4539
4126
4119
4607
4505
4192
4170
3695
4296
3942
3990
3890
3950
4385
4431
3882
4195
4158
3863
4063
4614
3779
3967
4072
4120
3734
3891
4035
4167
4213
4230
3544
4248
4464
4384
4361
4205
3804
4140
4365
4089
4074
3847
3798
3928
3985
3768
4168
3966
4166
3675
3620
3873
3981
3922
3853
4108
4094
4079
4095
3953
3844
3618
3765
3564
3699
3769
3815
3749
4070
4186
4291
4254
3796
3980
4169
3908
3732
3903
4033
3992
3767
3569
4110
3685
4176
4063
3721
4034
4166
3766
3623
4109
4427
3835
3629
4093
3883
3978
3680
3743
4123
3926
4158
4160
3923
3850
3723
4049
4005
3845
3828
3905
4044
3934
4030
4224
4229
3945
3851
3988
4160
3566
3895
3930
4292
3983
3786
3912
4046
3625
3850
3707
3906
4502
3900
3982
3724
3718
3843
3799
3378
3589
3899
4058
4088
4218
3556
4071
3828
3774
3953
4164
4276
3767
4128
4231
4157
4012
3674
3839
3907
4261
4144
3738
3521
4129
4027
3757
3624
3768
3774
4215
3515
3835
3700
4246
4533
4303
3935
3779
3743
3763
3851
3755
4487
3959
3997
3714
3696
4158
3842
3852
4023
4068
3876
4045
3950
3617
4126
3981
4053
3818
4407
4123
4074
3984
3385
4036
3693
3737
3732
3734
4325
4638
3711
3883
3826
4020
4144
4150
3805
3783
3984
3912
3632
3509
3924
3930
4094
3991
3485
4025
4075
4122
4166
4003
3842
3886
4064
3973
4285
4057
3909
3887
4017
3887
4147
4084
4061
3651
3750
3902
4102
3845
3853
4061
3769
4106
3765
4029
3981
3646
3731
3541
3597
3948
3930
3720
4038
4107
3969
4090
3593
4070
3547
3807
4050
3957
4091
3847
3848
3785
4055
3797
4335
3882
3563
4095
4141
4050
3587
4160
4265
3753
3682
4034
4069
3974
3920
3997
4113
3877
3968
4081
3878
3576
3614
4101
4038
3906
3897
3803
4113
3900
3902
4005
4130
3989
3852
3905
3961
3582
3710
3954
4354
4268
3772
3953
4312
3480
4008
3945
3699
4412
3944
4223
3958
3517
3977
3868
3604
3753
3729
4074
4104
4069
3911
4198
3812
3892
4072
4067
3995
4111
3865
3949
4000
3991
3769
3892
4067
4324
3984
3805
3636
3710
3773
3891
3702
3818
3944
4009
3767
3886
3764
4074
4141
4024
4026
3714
3445
3723
4020
3852
4345
4116
4010
3823
3681
4204
3938
3821
3933
4004
3950
3867
3982
3618
3694
4189
3860
3804
4147
4182
4075
4193
3634
4006
4020
3772
3882
3775
4320
4428
3637
3710
4015
3673
3996
4110
3573
3573
3738
4034
3958
3722
3858
4102
3916
4130
3617
3945
4311
4244
3874
4107
3533
3801
4164
4355
3996
3906
4050
3690
3658
3784
4039
4133
4053
3598
3760
4042
3760
3713
3936
4106
3907
4179
3954
4141
3739
3600
3595
3573
3661
3903
3953
3814
4104
4275
4143
4143
3775
4103
3863
3763
3795
3960
4330
3930
4008
3883
4169
3975
4052
4086
3693
4041
4151
4021
3642
3918
4426
4027
3515
3894
4427
3975
3848
3912
4440
4104
3923
4125
3736
3622
3724
4249
4025
3870
3551
3771
3900
3963
4260
4216
4098
4126
3882
4108
4154
3596
3951
4221
4389
4099
3854
3993
4071
3517
4116
3955
3688
4493
4025
4074
4070
3668
4055
3949
3334
3903
4022
3915
3984
4039
3982
4177
3973
3896
4423
4282
4218
4134
4166
4134
4211
4102
3881
3709
3931
4070
4052
3604
3350
3794
3943
4046
3422
3845
3707
4199
3744
3954
3739
3931
4358
4037
3969
3910
3941
3684
3820
3967
4450
4041
3817
4010
3789
4043
4160
4024
3648
4187
3815
3912
3874
3737
4091
4327
3938
3830
4306
4209
4186
4132
3302
4084
4046
3901
3741
3760
4229
4484
3635
4177
4129
3956
4186
4123
3591
3848
3632
3911
3856
3836
3857
3881
4242
4129
3587
4264
4283
4342
4075
4219
3786
4026
3975
4624
4704
4336
4631
4182
4223
4414
4877
4267
4325
4038
4258
4348
4224
4287
4571
4763
4546
4581
4487
4597
4305
3974
4260
3990
4096
4325
4209
4047
4458
4747
4624
4695
4275
4635
4323
3908
4373
4128
4467
4375
4444
4285
4794
4150
4624
4460
4111
4635
4520
4253
4014
4623
4624
4352
4242
4499
4671
4486
4258
4212
4522
4633
4386
4649
4184
4135
4135
4620
4451
4650
4104
4291
4412
4539
4387
4719
4659
4405
4302
4713
4715
4158
4231
4599
4756
4671
4479
4601
4504
4204
4611
4431
4238
4861
4322
4501
4492
4137
4576
4053
4022
4130
4325
4261
4752
4584
4506
4552
4438
4295
4782
4681
4631
4703
4540
4515
4802
4506
4180
4363
4496
4596
4613
4094
4052
4448
4548
4247
3988
4361
4191
4573
4316
4484
4458
4493
4801
4507
4315
4309
4034
4248
4369
4320
4953
4575
4522
4232
4329
4716
4436
4485
4341
4538
4459
4363
4333
4068
4389
4710
4324
4546
4791
4924
4511
4647
4129
4814
4365
4200
4391
4379
4757
5010
4256
4420
4489
4396
4322
4648
4114
4192
4347
4419
4316
3975
4383
4460
4744
4671
4036
4504
4712
4915
4303
4201
4306
4559
4699
4376
4218
4232
4131
3930
4112
3996
4389
4038
4242
3551
3773
4048
3933
3787
4106
4493
4101
4250
3857
4166
4137
3518
3788
3601
3843
3951
4389
3745
4213
4200
4114
4437
3958
4235
3960
3951
4122
3973
4084
4057
3752
4038
4206
3868
4369
4007
4058
4225
4233
3916
3666
4095
4267
4054
4179
4379
4389
4194
3794
4113
4260
4368
4115
4234
3771
3980
4134
4345
4003
4022
3816
4012
4214
4003
4356
4305
4351
4288
3862
3978
4270
3940
3665
4164
4492
4148
4019
4054
4369
3810
4207
4065
3998
4401
3936
4347
4071
4072
4226
3999
3673
4007
4070
4179
4476
4018
4039
4081
4032
4114
4491
4322
4306
4122
4143
4125
4127
4316
4091
3917
4132
4373
4093
4147
3767
3988
3817
4011
3826
4257
3705
4277
3932
4201
3925
4199
4318
4051
4021
3999
3865
3829
4290
4069
4645
4348
4127
4196
3956
4326
3882
4306
3938
4522
4079
4052
3993
4134
4104
4620
4201
3869
4346
4413
4061
4523
3681
4429
4235
4135
3966
3762
4476
4494
4209
4060
3971
3963
4257
4314
3605
3680
4050
4160
3843
4009
4190
4199
4181
4065
3888
3937
4412
4268
4153
4377
3896
4103
4150
4721
4371
4407
4535
4510
4445
4212
4550
4340
4394
4154
3978
4289
4241
4296
4344
4650
4332
4641
4279
4434
4220
4022
4022
4061
3989
4405
4360
3973
4460
4426
4589
4736
4020
4695
4447
4065
4280
4200
4504
4495
4208
4293
4752
4257
4614
4367
4248
4612
4808
4757
3996
4589
4632
4558
4295
4590
4676
4431
4093
4228
4615
4411
4232
4360
4141
3950
4015
4657
4242
4389
4077
4164
4571
4273
4482
4693
4617
4331
4075
4164
4657
4311
4088
4269
4817
4357
4177
4395
4626
4237
4497
4547
4048
4756
4070
4648
4358
4072
4391
4159
4118
4428
4151
4512
4815
4612
4289
4475
4202
4227
4798
4685
4538
4417
4436
4209
4594
4633
4272
4433
4493
4722
4422
4208
3867
3988
4478
4127
4138
4243
4010
4616
4507
4330
4158
4701
4671
4410
4372
4360
4018
4243
4243
4162
4776
4478
4343
4222
4071
4559
4371
4463
4292
4576
4417
4535
4249
4127
4180
4837
4379
4448
4644
4584
4339
4447
4021
4557
4468
4112
4133
4306
4866
4959
4178
4367
4526
4438
4326
4556
4015
3908
4224
4347
4458
4162
4285
4317
4597
4511
4212
4516
4790
4850
4455
4514
3975
4397
4486
4288
4152
3984
4086
3778
3958
3840
4105
3831
4345
3706
3690
4156
4028
3853
4027
4173
4021
4172
4155
4052
4091
3694
4012
3667
3951
3810
3822
3659
4186
4089
4120
4245
3975
4230
4079
3897
3785
3969
4109
3858
3925
4064
4001
4224
4231
3749
3782
4089
4360
3925
3612
4043
4270
4059
3906
4228
4266
4130
3819
3891
4335
4328
4086
3992
4023
3881
3621
4136
4226
3997
3544
3757
4233
4012
4061
4161
4046
3923
4000
4045
4050
3643
3722
4271
4402
4265
3945
4000
4323
3555
4247
4128
3973
4562
4027
4379
3810
3947
4323
3871
3642
3805
3934
3876
4206
4457
3910
4135
3779
3880
4359
4481
4310
4013
4119
4293
4244
4203
3713
3991
4106
4102
4298
3843
3519
4001
4022
3672
3835
3870
3893
4046
3881
4027
3790
4120
4488
4267
4015
3842
3642
3513
4030
3844
4224
3901
4064
3979
3860
4102
4008
4069
4007
4199
3944
3989
4017
3777
4001
4136
4351
3763
4321
4441
4111
4325
3666
4352
4076
3802
3872
3822
4264
4339
4117
4034
4166
3899
4069
4241
3842
3883
4009
3965
3909
4122
4184
4163
4016
4284
3794
4024
4460
4409
4183
4170
3643
3992
4161
4120
4285
3930
3890
3881
3935
3766
4258
3920
3984
3527
3721
3737
3763
3785
4088
4233
4115
3875
4027
3953
3859
3391
3492
3466
3692
3986
3884
3536
4143
4173
4203
3964
3658
3966
3938
3593
3946
3744
4039
3920
3951
3799
4159
3716
4071
3980
3776
4071
4044
3890
3851
3766
4437
4159
3772
3963
4243
4141
3639
3813
4187
4024
4225
4043
3740
3828
3942
4023
4033
4179
3840
3728
4041
4003
3993
3788
3993
3872
3698
3901
4052
3734
3720
4010
4215
4082
3845
3809
3902
3668
4125
3886
3947
4242
3964
4022
4018
3506
4184
3996
3600
3750
3812
4181
4148
4055
3919
4143
3644
3624
4074
4175
4084
4010
4113
4008
4070
3938
3806
3757
3759
4436
4197
3643
3445
3912
3784
3736
3802
3836
3665
4045
3781
4098
3899
4093
4210
4120
3879
3752
3585
3669
4232
3927
4396
4017
4005
4021
3574
4167
4028
4063
3911
4266
3950
4009
3892
3667
3896
4509
3788
4007
4245
4273
3786
4239
3280
3974
4102
3852
3877
3655
4483
4456
3968
3835
4004
3587
3898
4065
3841
3794
3786
3874
3626
3873
3842
4057
4010
3934
3618
3822
4413
4219
3925
3923
3847
4035
4027
4102
4078
3805
4000
3918
4031
3894
4134
4071
4021
3833
3913
3882
3577
3710
3934
3925
3892
4249
3881
4068
3814
3753
3765
3615
3753
3884
4023
3645
4001
4160
3992
4271
3707
4328
3943
3904
3965
3886
3984
4054
3846
3823
4165
3889
4329
3921
3862
4071
4039
3856
3448
4061
4339
3723
3807
4023
3926
4171
3712
3813
4115
4042
4039
3870
3761
3788
3645
4089
3906
3820
3949
3908
4049
4066
4060
4063
4035
3899
3664
3971
4164
3849
3763
3971
4635
4215
3925
3689
4333
3685
4026
4098
3937
4276
3825
4186
4065
3461
3964
4047
3567
3965
3828
4022
4184
4075
3872
4259
3757
3843
4086
4252
4364
4130
4065
4039
4190
3790
3600
3755
4232
4116
4181
3919
3584
3842
3964
3737
3913
3898
3868
4273
3758
4053
3710
4361
4380
4032
3980
3765
3859
3718
3940
3702
4355
4070
4026
3948
3652
4076
4061
3945
3870
4269
3955
4183
3972
3538
3803
4326
4039
3968
4448
4271
4058
4155
3508
4248
3991
3695
3706
3814
4102
4371
3666
4025
3978
3956
4042
4253
3572
3763
3815
4155
3662
3833
3981
3930
3982
4224
3789
4082
4096
4246
3917
4036
3618
4180
4082
4295
4037
4134
4014
4050
3929
4019
4349
4337
4178
3700
3980
3961
3994
4079
4158
4370
4194
4275
3967
4198
4021
3882
3594
3671
3957
3978
4069
3927
4222
4388
4027
4554
3953
4466
3939
3751
4223
4011
4181
3992
4052
4300
4467
4135
4506
4165
3839
4351
4305
4080
3623
4125
4444
4091
3956
4114
4325
4277
4132
4105
4241
4362
4169
4206
3938
3959
3810
4486
3975
4035
3795
4029
4260
4161
4180
4269
4307
4157
4040
4423
4330
4057
3941
4132
4608
4377
4137
3733
4335
4010
4094
3813
4164
4563
4044
4232
4008
3881
4366
4126
3699
3905
3908
4123
4305
4164
4070
4080
4129
4059
4675
4333
4382
4148
4348
4282
4219
4226
3882
3975
4068
4390
4201
4221
3815
4264
3927
4038
3857
4105
3818
4281
4013
4019
4033
4228
4578
4357
4102
3862
3803
3661
4143
3966
4503
4259
4151
3951
3794
4251
4037
4264
4145
4354
4017
4093
4156
3889
4004
4583
4276
4072
4521
4505
3999
4141
3779
4326
4070
3864
3846
4041
4363
4547
3835
4213
3902
3945
4145
4150
4120
3708
4210
4026
3824
4028
4081
4303
4353
4237
3715
4148
4289
4414
4233
4421
3728
4145
4199
4532
4308
4244
4216
3898
4129
3991
4203
4444
4298
3814
3938
4181
4278
4141
4013
4202
4463
4429
4300
4425
4402
4028
3991
3678
3805
4252
4149
3958
4295
4435
4547
4442
4424
4555
4345
3917
3954
4076
4325
3923
4154
4250
4365
4190
4578
4275
4255
4131
4415
4294
3672
4200
4805
4199
3934
4305
4613
4299
3882
3996
4485
4527
4202
4260
4034
3997
3847
4478
4172
4244
4178
4179
4482
4160
4202
4268
4485
4114
4148
4411
4417
3993
4089
4418
4580
4326
4287
4043
4414
3895
4375
4171
3827
4612
4260
4330
4200
3705
4219
4150
3887
3982
4171
4252
4268
4404
4185
4516
4107
4095
4595
4591
4379
4340
4418
4238
4548
4233
4090
4235
4421
4578
4404
4086
3802
4062
4282
4356
3814
3923
3964
4154
4069
4234
3912
4283
4656
4339
4152
3983
3933
3755
4157
3981
4541
4317
4096
4493
4040
4486
4206
4202
4297
4474
4071
4158
4336
3816
4204
4460
4255
4131
4595
4635
4180
4438
3871
4361
4059
3836
4114
4175
4758
4553
3933
4483
4369
3964
4113
4334
3974
3757
4233
4220
3949
4231
4091
4347
4260
4429
3894
4264
4720
4672
4470
4385
3663
4139
4367
3853
4016
4028
3914
3753
4009
3510
4212
3812
4045
3487
3418
3884
3841
3746
3918
4183
3901
3981
4038
4007
3812
3565
3607
3650
3490
3731
3899
3660
3839
4052
4076
3797
3876
4178
3866
3578
3813
3655
3983
3799
3735
3990
4143
3850
4166
3961
3769
3963
4161
3831
3652
4111
4177
3934
3809
4308
3910
3984
3914
3771
4085
4069
3945
4271
3709
3758
3685
4067
3844
3677
3510
3787
3844
3896
3836
4008
3997
3865
3967
3938
4078
3585
3851
4028
4178
4145
3868
3698
4175
3494
3940
3858
3650
4416
3783
3764
3956
3525
3977
3940
3485
3508
3693
3917
4101
4287
3747
3993
3807
3907
4285
4156
3817
4122
3864
4027
4044
4033
3639
3689
4106
4060
4084
3856
3475
3881
3960
3717
3610
3670
3672
3738
3734
3992
3551
4001
4102
3910
4013
3721
3535
3520
3976
3751
4398
3726
3912
3776
3508
3948
3843
3796
3892
4058
3831
3864
3895
3474
3828
4219
4097
3586
4326
4186
3955
4009
3403
4039
3742
3877
3629
3808
4105
4152
3668
3807
3936
3739
3921
4034
3676
3661
3817
3775
3953
3735
3799
3912
3889
4088
3735
3963
4266
4151
3962
3751
3442
3789
4020
4651
4464
4558
4531
4395
4481
4547
4851
4500
4411
4041
4105
4316
4192
4448
4533
4860
4312
4710
4412
4684
4545
3889
4226
4020
4322
4461
4332
4085
4457
4715
4633
4713
4280
4774
4430
4110
4573
4267
4675
4576
4363
4341
5007
4483
4704
4593
4214
4775
4687
4302
4087
4370
4800
4422
4165
4440
4771
4640
4189
4341
4780
4708
4461
4627
4022
4311
4247
4753
4465
4828
4388
4192
4479
4492
4262
4485
4577
4471
4209
4555
4826
4115
4208
4659
4604
4480
4671
4384
4726
4306
4611
4466
4425
4955
4366
4657
4621
4225
4572
4398
4152
4274
4256
4481
4802
4867
4526
4512
4355
4386
4797
4708
4388
4697
4703
4486
4597
4658
4280
4279
4623
4771
4701
4299
3974
4383
4664
4236
4077
4476
4222
4474
4554
4474
4431
4687
4966
4621
4281
4362
4545
4330
4493
4560
5248
4492
4335
4469
4236
4479
4557
4607
4359
4712
4604
4562
4501
4002
4429
4951
4289
4268
4765
4881
4332
4573
4053
4440
4642
4206
4477
4239
4853
4859
4212
4491
4358
4087
4237
4694
4285
4364
4437
4457
4396
4293
4392
4508
4512
4538
4166
4479
4876
4748
4428
4608
4273
4479
4735
4294
4132
4172
4206
4071
4071
4000
4251
4027
4238
3696
3776
4199
4037
3853
4142
4464
3872
4342
4003
3993
4053
3725
3669
3761
3726
3918
4025
3601
4050
4443
4104
4317
3771
4546
4074
3663
4240
3742
4380
4011
3997
4005
4445
4078
4432
3974
3812
4316
4329
4134
3731
4280
4332
4245
3989
4121
4329
4124
3663
3910
4042
4047
4146
4344
3922
4021
3869
4176
4244
4157
3840
3835
4174
4014
4123
3943
4330
4210
4035
3987
4491
3716
3636
4059
4588
4166
3880
3918
4490
3617
4224
4150
4205
4350
3816
4239
3859
3889
4006
4026
3662
4022
3759
3973
4231
4191
4169
4088
4135
4061
4363
4390
4300
4128
4249
4010
4210
4459
4052
3884
4329
4371
4314
3906
3587
4096
4033
3915
4021
3789
3742
4262
3909
4048
4144
4169
4446
4296
4013
3980
3908
3746
4057
3801
4444
4049
4028
3880
3955
4152
3816
4169
3983
4231
4021
4185
4057
3806
4062
4303
4065
4047
4519
4538
4246
4065
3824
4454
4263
3796
3874
3786
4432
4341
3873
4202
4047
3966
3979
4289
3799
3807
4026
4094
3869
4105
4045
4340
4090
4046
3592
4175
4497
4481
4258
4093
3878
4068
4406
4723
4612
4531
4393
4235
4350
4222
4661
4405
4436
3830
4265
4272
4000
3840
4429
4593
4251
4488
4101
4370
4045
3940
4131
3971
4113
4237
4437
3979
4378
4525
4624
4454
4232
4480
4282
4247
4251
4102
4386
4054
4216
4272
4345
4177
4749
4269
4149
4298
4481
4140
3795
4313
4563
4388
4226
4341
4586
4370
4172
4082
4411
4383
4452
4363
3959
4016
3908
4557
4273
4173
4043
3924
4320
4396
4185
4459
4386
4407
4092
4399
4643
4131
3954
4381
4824
4438
4384
4447
4425
4086
4417
4217
4077
4623
4134
4577
4270
3955
4342
4317
3941
4235
4021
4341
4409
4290
4222
4507
4183
4010
4611
4481
4592
4382
4503
4269
4464
4396
4172
3967
4511
4524
4519
4001
3869
4180
4219
4151
3869
4321
4023
4399
4299
4252
4193
4458
4537
4583
4072
4407
4087
3936
4188
4086
4581
4451
4316
4420
4066
4621
4213
4363
4287
4454
4283
4266
4112
4006
4238
4485
4307
4256
4621
4811
4168
4193
3820
4485
4492
4102
4132
4218
4391
4877
4070
4502
4254
4281
4242
4608
3987
3944
4383
4269
3936
3874
4157
4366
4375
4228
4074
4257
4486
4638
4310
4357
4002
4246
4433
4132
4280
4063
4030
3887
4069
3921
4143
3972
4158
3595
3511
3786
3925
3661
3726
4223
3992
4120
3802
4024
3970
3532
3708
3365
3511
3827
3904
3598
3914
4014
4122
4272
3714
4093
4116
3555
3844
3942
3903
3954
3690
3909
4092
3791
4062
4029
3846
4080
4088
3947
3729
4213
4222
4108
3947
4157
4270
3912
3667
3837
4053
4140
3992
3999
3826
3601
3667
4209
3871
4015
3654
3806
4130
3870
4070
3860
4073
3829
3832
3808
3870
3696
3620
4101
4181
4011
3966
3891
4301
3579
4037
4015
3741
4321
3845
4174
3998
3743
4000
3891
3349
3762
3740
4085
4316
4172
3794
4194
3797
3974
4065
4081
3985
3920
4085
4152
3994
4077
3807
3759
4268
4302
4215
3609
3613
3825
3903
3622
3540
3976
3689
3926
3760
3940
3600
4009
4458
4154
4100
3937
3699
3641
3905
3935
4322
4078
4084
3887
3700
4154
3773
3993
3680
4395
3884
3952
3840
3739
4002
4362
4030
3725
4306
4197
3994
4093
3642
4143
4023
3864
3846
3717
4213
4188
3761
3854
3919
3808
4044
4126
3738
3640
3831
4002
3724
3745
4277
4197
4008
4186
3716
3892
4077
4257
4057
4093
3871
3727
3900
4299
4079
4103
4262
3841
4177
3891
4081
3893
4121
3628
3602
3987
3879
3857
3770
4251
4049
4051
3892
3997
3990
3668
3960
3658
3936
3886
3754
3710
4011
4434
4202
4297
3889
4043
4065
3719
4065
3782
4052
3828
3871
3974
4376
3955
4676
4030
3775
3976
4363
3854
3619
4272
4281
4007
3869
4107
4291
4194
3799
3925
4045
4064
3953
4120
3712
3798
3684
4234
4071
4160
3888
3852
4032
4134
4075
4186
4293
3984
3922
4172
4033
3666
3792
4194
4445
4247
3863
3979
4310
3782
4144
3973
3844
4363
3791
4289
3887
3538
4149
3829
3825
4109
3721
4052
4148
4174
3924
4222
3986
3745
4297
4171
4315
4095
3920
4179
4147
4276
3634
3885
4006
4250
4230
4031
3549
3980
3951
3939
3926
3954
3767
4170
3943
4119
3812
4025
4205
4217
3999
4089
3771
3627
3921
3755
4159
4253
3977
3979
3909
4204
4031
3916
3973
4240
4022
3900
3959
3884
3903
4277
3896
4004
4380
4234
4076
4162
3626
4027
3805
3808
3541
3683
4184
4380
3885
4215
4201
3891
4010
4034
3686
3688
3773
3987
3747
3943
3877
4231
3944
4085
3693
4177
4404
4338
4156
3981
3939
4095
3952
4344
4007
3976
4127
3836
4007
3830
4182
3860
4057
3601
3734
4046
3948
3695
4000
4161
4013
4486
4311
3978
3826
3631
3596
3686
3938
3717
3920
3711
3936
4090
4203
4101
3912
4135
3979
3637
4000
3972
3900
3794
3870
3961
4293
4014
4406
3985
3854
4055
4187
4053
3577
4102
4036
3963
3890
4210
4234
4259
3888
3692
4332
4274
4014
4099
3817
3611
3782
4398
4038
4014
3684
3706
4038
4005
3910
4136
4277
4241
3953
4200
4071
3848
3872
4061
4721
4401
3833
3886
4294
3668
4144
3935
3963
4427
3695
4248
3858
3544
3970
3864
3686
3917
3661
4226
4052
4261
3886
4056
3895
3862
4433
4261
4147
4160
3972
4225
4219
4039
3819
3783
4135
4045
4257
3830
3703
3733
3943
3778
3620
3708
3679
4046
4107
4125
3693
4080
4141
4157
3911
3701
3732
3618
4124
3938
4250
3878
3924
4083
3951
4167
4110
3974
3869
4235
4050
4074
3898
3615
3893
4027
4078
3801
4259
4197
4029
4221
3905
4182
3936
3784
3647
3883
4172
4353
4079
4233
4200
3660
3973
3960
3862
3546
4003
4195
3727
3886
3948
3836
4063
4128
3971
3848
4418
4172
4266
4091
3484
4049
3903
tempo: 736