200 200
3807
3703
3796
3802
4018
3681
4105
3926
3784
3951
3618
3842
3738
3865
4295
3703
4086
3983
3976
4082
4234
3898
3912
3886
3805
3763
3844
3837
3622
3873
3818
4081
3927
4001
3589
3888
3831
4107
4224
3949
4001
3735
4074
3942
4056
4268
3993
3798
3978
3741
3983
4005
3939
3424
4050
3829
4000
3815
3893
3992
4309
4175
3522
3615
3871
3990
3982
3895
3906
3622
3952
3700
3741
4031
4125
4168
4252
3751
4015
4189
4247
3866
3854
3774
4300
3707
3477
3723
4247
3961
3690
3756
3841
4319
3895
4202
3990
3552
4197
3684
4084
4181
3682
3609
3966
3994
4020
3759
3526
3967
3790
3779
3958
4004
4087
4202
3962
4044
3348
3780
4003
4332
3968
3698
4069
3892
3985
4126
3672
3933
3783
3940
3732
3709
4261
3788
3843
3944
3789
3713
3788
3800
3773
4237
3770
3929
3503
3628
3882
3601
3744
3730
3790
4047
4123
3941
3940
3860
3474
3513
3805
3970
4073
4041
3813
4002
3549
4293
4060
4219
3817
3787
3874
4105
3789
4001
4098
4029
3671
4012
4112
3736
3816
3748
4392
3738
4071
3796
3778
3836
3917
3702
3954
3714
4135
4147
3597
3614
3706
3994
3999
3812
3808
3645
4203
3432
3731
3961
3919
3977
3767
4154
4093
3765
4368
4023
4108
4243
4102
4111
4398
4021
4011
3898
3881
3797
3660
3972
3551
4012
3908
4373
4022
4063
3702
4028
3698
3992
4288
3982
3780
3914
3765
4015
3901
4185
3966
3595
3973
3898
3984
4341
4221
3621
4071
3936
4187
3979
4116
4057
4193
3972
3619
3803
3959
4178
4233
4039
3990
3806
4003
3878
3831
3939
4104
4474
4078
4082
3733
4481
4175
3910
4063
3930
4325
4103
3567
3805
4254
3814
3874
3819
3820
4329
3966
3957
4103
3782
4300
4055
3963
4177
3992
3580
3865
3899
3849
3787
3975
4021
3854
3723
3973
3805
4074
4266
3989
4235
3579
3959
4160
4101
3919
4013
4002
3841
4010
4148
3468
3809
3922
3802
3826
3666
4121
3723
3843
3872
3792
3757
3826
4018
3732
4155
4069
4296
3948
3717
3956
3946
3793
3623
3674
4083
4035
4233
3981
4123
3862
3822
3568
3891
4038
4077
3828
4293
3688
4240
4189
4413
3949
3738
4106
4273
3788
4157
4244
3820
3846
3972
4057
4115
3837
3660
4111
4183
4176
4098
3766
3703
3677
3826
4282
4002
3807
4097
3995
3479
3828
4185
3736
3696
3808
3597
4134
3451
3861
3996
3832
3813
3744
3934
3665
3914
4122
3558
4321
3894
4197
4033
4136
3928
3758
3573
3745
3618
3547
3864
3488
3803
3839
4236
3863
3789
3597
3609
3764
3745
4095
3818
3662
3555
3749
4084
3922
3648
3764
3220
3839
3910
3889
3904
3954
3401
4036
3702
3974
3620
4041
3757
3902
3771
3675
3766
3682
4116
3893
4002
4084
3579
4107
3693
3620
3763
4113
3822
4189
3671
3795
4395
4059
3678
3889
3687
3995
4041
3495
3876
4067
3739
3652
3786
3736
4390
3925
3939
3902
3738
4274
3847
3953
4008
3539
3321
4016
3882
3845
3722
3716
3911
3969
3429
3844
3792
3892
3924
3604
4026
3512
3736
3737
4364
3637
3729
3863
4027
3884
4278
3716
3738
3956
3935
3738
3498
4269
3535
3751
3815
3562
3545
3566
3716
3573
4049
3623
4005
3740
3433
3914
3702
3729
3667
3750
4051
3844
3933
3929
3842
3445
3801
3740
3658
3938
3935
3728
4188
3643
4362
4003
4095
3830
3906
3703
3665
3630
3860
4032
3860
3343
3743
3984
3792
3710
3683
3981
3899
3981
3519
3558
3706
3588
3581
3866
3614
3615
3889
3526
3808
3570
3943
3873
4048
3946
3970
4364
3448
3998
4363
4062
4128
3797
4073
4166
3850
4415
3786
4206
4225
4217
4217
4029
4084
4006
3871
4085
3915
3775
4021
3877
4008
4126
4210
4077
3988
3921
3846
3872
4041
4398
3979
4080
3784
4015
4361
4236
4163
3976
3462
4088
4000
3986
4188
4250
3704
4351
4139
4214
4045
4098
4089
4347
4082
3667
3902
4150
4276
4219
4293
4204
3814
4248
4006
3855
3981
4402
4054
4192
4067
3946
4495
4229
4192
4002
3708
4479
4138
3709
4017
4126
4262
3820
3823
3991
4125
4233
4473
4147
4043
4391
3918
4259
4316
3870
3581
4156
4336
3844
3759
4054
4004
4228
3880
3893
3845
4081
4402
3956
4110
3685
4003
4180
4421
3993
3948
3965
4129
4255
4305
4031
4067
3949
3966
4162
3876
4351
3818
4091
4065
3719
3832
3947
3891
3864
4399
4053
4261
3900
3972
4079
4025
3842
3912
3941
4226
4241
3923
3999
3968
3721
3883
3845
4147
4182
4098
3901
4491
3860
4295
4203
4491
4297
3941
3965
4023
3895
4131
4083
4029
3576
4113
4193
4064
4021
3898
4241
4095
4201
4189
3915
3829
3825
3937
4351
3816
4074
4160
3863
3924
3794
4309
3744
4017
3866
3826
4162
3317
3837
3997
3928
3771
3364
3971
3855
3732
4225
3780
4158
4187
3749
4254
4116
3996
3862
3519
3833
3948
3694
3944
3536
3868
3861
3987
4005
4107
3623
3736
3848
3929
4187
3935
3716
3690
3783
3912
3966
4174
3750
3622
4052
3864
4009
4029
3976
3314
4025
3808
3816
3711
3932
4100
4147
3787
3627
3508
4131
4375
4028
4138
3735
3853
4086
3865
3703
3927
4161
4135
4111
3818
3875
4450
4074
3706
3848
3801
4330
3879
3720
3873
4151
3697
3886
3676
3593
4123
4103
3994
3994
3482
4246
3904
3968
4253
3892
3638
4198
4101
3736
3698
3782
4013
3828
3668
3814
3973
3887
4181
3738
4005
3533
3875
3584
4232
3748
3672
3833
3920
3770
3961
3587
3687
3881
3886
3770
3726
4117
3768
4029
3683
3605
3584
3730
3753
3593
4153
3983
3889
3788
3647
3831
3827
3813
3795
3595
4063
3873
4007
3851
4007
3543
3771
3587
3628
3944
3927
3795
4258
3565
4277
4139
4266
3973
3763
3769
3983
3833
4045
4179
3804
3379
3876
3870
3841
3510
3876
4153
3810
4150
3933
3669
3722
3806
3843
4135
3782
3698
3917
3538
3718
3682
3870
3610
3783
3879
3787
4443
3409
3903
4035
3941
3945
3720
3896
4024
3806
4084
3895
4440
3918
4154
3993
4087
4186
3839
3785
3791
4090
3501
3986
3830
3914
4042
4299
3876
4109
3686
3470
3670
3830
4398
4108
4111
3801
3941
4039
4055
3987
3770
3552
4104
3902
3941
4170
4498
3433
4279
3771
4113
3980
3847
4109
4084
3947
3371
3791
3839
4026
3989
4252
4258
3979
4039
3707
3573
3981
4306
3974
4277
3874
3814
4603
4211
3893
3850
3627
4339
4077
3728
3923
4170
3819
3684
3818
3879
4329
3921
4270
4102
3774
4397
4024
3940
4022
3681
3509
3925
3936
3912
3736
3759
4034
3956
3719
3830
3812
3877
4066
4034
4202
3578
3546
4027
4263
3681
3900
3793
4186
3939
4188
3674
3716
3908
4181
3896
3819
4240
3532
3813
3919
3976
3667
3621
4054
3654
4108
3956
4110
3932
3562
3871
3729
3855
3811
4070
4153
4061
3954
3769
4240
3419
3825
3663
3943
4157
4050
3803
4209
3808
4151
4205
4536
3941
3961
3973
3976
3855
4111
4361
3890
3441
4179
4072
4048
3951
3816
4052
3859
4271
4085
3943
3761
3711
3663
3883
3968
4029
3970
3581
3725
3586
4018
3635
3692
3839
3575
3955
3545
3938
4024
3808
3944
3500
3957
3751
3679
4083
4112
4074
3981
3933
4164
4173
3902
3759
3583
3708
3728
3394
3835
3472
3798
3742
4026
3825
4010
3768
3742
3552
3848
4188
3857
3936
3586
3692
4052
3720
3808
3934
3385
3924
3885
3995
4359
4246
3570
4081
3900
3923
3748
3859
4020
4076
3708
3227
3811
3663
4115
3645
4136
4001
3848
3987
3847
3408
3966
4036
4086
4102
3782
3523
4379
4114
3700
3782
3654
4245
3940
3543
3734
4164
3630
3682
3546
3607
4381
3747
3994
3954
3832
4272
3865
4164
4066
3493
3624
3984
4000
3933
3740
3582
3872
3592
3805
3772
3616
3670
4301
3933
4094
3432
3674
3891
4067
3780
3527
3979
4091
3924
3927
3525
3618
3855
3930
3650
3538
4171
3705
3705
3965
3848
3444
3648
3855
3633
3917
4040
4030
3788
3543
3835
3829
3616
3635
3974
3866
3799
3705
3751
3703
3532
3714
3608
3741
3966
3893
3729
4172
3618
4161
3974
4380
3650
3548
4112
3924
3712
3916
4133
3794
3597
3887
4008
3946
3709
3696
4073
3866
4118
3874
3692
3550
3527
3454
4086
4040
3609
3912
3786
3575
3557
4233
4295
4239
4271
4195
4431
3999
4539
4436
4183
4174
4224
4561
4452
4250
4810
4278
4688
4481
4559
4744
4545
4536
4351
3947
4420
4257
4070
4510
3973
4574
4309
4866
4404
4456
4089
4572
4147
4317
4584
4338
4356
4248
4301
4423
4218
4426
4245
3988
4371
4610
4529
4526
4446
3696
4531
4538
4658
4198
4189
4458
4674
4320
3893
4128
4231
4660
4483
4690
4468
4068
4473
4188
3836
4154
4517
4517
4655
4231
4186
4974
4399
4174
4562
3958
4779
4343
4028
4497
4722
4278
4252
4401
4233
5033
4631
4616
4413
4082
4793
4315
4436
4587
4143
3840
4655
4319
4243
4247
3966
4525
4301
4125
4177
4215
4479
4860
4232
4481
3985
3851
4239
4525
4217
4281
4392
4482
4354
4720
3953
4229
4367
4322
4298
4014
4761
3920
4333
4485
4256
4153
4202
4370
4395
4707
4482
4688
4165
4179
4224
4260
4175
4072
4256
4534
4459
4408
4388
4466
3827
4095
3969
4351
4294
4381
4232
4510
3944
4606
4688
4915
4373
4225
4489
4450
4160
4606
4674
4228
4202
4631
4470
4493
4217
4276
4786
4305
4687
4399
4110
4033
4117
4110
4375
4409
4607
4558
4027
4218
4200
4596
3879
3960
4016
3957
4274
3538
4040
4097
4006
3987
4008
4085
4265
4060
4241
4021
4238
4176
4257
4250
4574
3980
3884
3973
3977
3896
3566
4117
3577
3917
3985
4498
4040
4066
3914
3950
3986
4060
4247
4266
4116
3847
3798
4008
4124
4201
3963
3843
3902
3995
3977
4131
4291
3340
4157
3866
4114
3753
4030
4239
4253
4054
3674
3864
4039
4160
4180
4144
4073
3783
4299
3855
3648
4006
4239
4166
4233
3970
4041
4590
4406
4016
4248
3785
4257
4182
3942
3921
4453
3851
3780
3935
3963
4493
4056
4266
4039
3937
4522
3853
4352
4155
3769
3612
4044
3968
3909
3789
3776
4044
4058
3759
4032
3995
3924
4397
3956
4308
3697
3831
4052
4348
3809
3894
4130
4140
4130
4208
3766
3958
4019
4233
3936
3744
4290
3604
4023
4125
3738
3751
3615
4087
3713
4241
4071
4177
3886
3901
3910
3619
3992
3844
3942
3978
3986
4007
4072
4139
3862
3727
3968
3854
4175
3962
3811
4239
3702
4165
4360
4523
3871
3837
4195
4247
3896
4108
4381
4139
3521
3958
4268
4147
3925
3732
4457
4004
4200
3914
3716
3703
3710
3714
4123
4102
4080
4073
3981
4007
3753
4285
3936
3790
3855
3843
4230
3553
3907
4095
3762
4048
3743
4051
3877
3843
4429
3911
4188
4114
3920
4396
4208
3899
4050
3659
3963
3860
3714
4039
3811
4084
3791
4034
3900
3969
3560
3884
4038
4062
4269
4201
3974
4033
3800
4310
4147
4022
3924
3481
4235
3969
4099
4164
4347
3516
4155
4003
4080
3983
4017
4115
4289
3898
3560
3734
4062
4243
4110
4399
4022
3866
4210
3755
3579
4230
4044
4150
4208
4133
3882
4582
4242
3890
3878
3721
4393
4065
3813
3873
4357
4055
3793
3849
3821
4365
4056
4070
4257
3920
4281
3834
4131
4169
3915
3756
3991
4070
3918
3679
3896
4009
3815
3962
3815
3912
3894
4080
3998
4137
3608
3859
3818
4106
3767
3815
4024
4138
3892
4212
3625
3889
3799
4104
3893
3793
4388
4029
3825
4096
3751
3823
3636
3913
3932
4158
3983
4119
3812
3705
4132
3926
3840
3818
3799
4017
4005
3867
4066
4178
3595
3859
3719
4108
4121
3967
3856
4317
3725
4235
4081
4428
4087
4021
4129
4010
3654
4303
4253
3950
3632
4133
4053
4017
3789
4012
4239
4104
4134
4004
3659
3754
3780
3753
4268
3932
3911
4028
3611
3764
3700
4127
3668
3793
3690
3883
4221
3565
3843
3835
3834
3772
3582
3957
3818
3889
4147
3924
4180
4011
4079
4142
4380
3992
3757
3912
4035
3875
3677
3943
3685
3838
3955
4288
3938
3883
3508
3754
3629
3816
4065
3909
3988
3915
3852
4055
3994
4112
3759
3492
3783
3876
3849
3920
4186
3483
3875
3719
3962
3846
3748
3991
4190
3907
3411
3844
3914
4029
4035
3948
4111
3623
3930
3976
3659
3754
3998
4187
4232
3917
3853
4362
4051
3732
3553
3683
4328
4098
3776
3936
4138
3969
3865
3609
3611
4006
4006
3975
3885
3626
4301
3949
3833
4055
3838
3496
3909
3920
3771
3873
3605
3909
3842
3710
3843
3758
3747
3992
3876
4171
3472
3712
3999
4287
3731
3737
3782
3943
3958
4118
3730
3986
3763
3884
3938
3572
4360
3370
3799
3972
3584
3637
3583
4028
4055
4314
3955
3878
3995
3717
3903
3732
3576
3804
3590
3951
3972
3853
3809
3905
3630
3623
3612
3430
4022
4099
3797
4178
3660
4092
4038
4320
4026
3998
3928
4027
3702
3982
3883
3917
3494
3895
3705
3801
3525
3788
4189
3841
4287
4093
3557
3687
3768
3718
4107
4013
3804
3902
3738
3651
3853
4002
3923
3868
3848
3860
4193
3867
4115
3933
3922
4085
3940
4049
4073
3763
4474
4053
4308
4332
4138
4067
4489
3806
4168
3948
4114
3890
3771
3946
3807
4060
4125
4320
4267
4323
4124
4256
4081
4022
4190
4465
4258
4135
3769
4233
4125
4141
4193
3693
4085
4052
4299
4486
4260
3421
4293
3910
4170
3992
4160
3958
4343
3877
3656
3828
4063
4493
4152
4241
4194
3666
4387
3859
3560
4095
4350
4192
4263
3812
4038
4660
4158
3822
4071
4011
4263
4006
3719
3977
4492
4046
4018
3990
3841
4507
4186
4155
4307
4108
4492
4159
4066
4140
3954
3760
4195
4170
4162
3838
3728
4148
3948
3570
4131
4058
3824
4319
4264
4371
3529
3907
3971
4344
3736
3928
4140
4184
4186
4419
3713
3925
4096
4352
3935
4033
4358
3779
4104
4199
4098
3697
3951
3951
3743
4284
4065
4159
3981
3651
4213
4033
4003
3728
3756
4078
4222
4057
4082
4125
4003
3771
3792
4223
4205
4258
4129
4408
3681
4466
4257
4450
4135
3819
4283
4222
4028
4502
4455
4121
3656
3997
3946
4262
3856
4030
4446
4094
4485
4028
3937
3910
3858
3645
4331
4097
3982
3982
3951
3741
3821
4283
4073
3863
3717
3798
4327
3641
4170
4206
4073
4121
3939
4200
4075
4086
4398
3839
4213
4046
3939
4257
4126
4161
3985
3719
4224
4034
3833
4014
3675
3928
4256
4539
3919
4224
3809
3945
3755
4075
4317
4096
4165
3810
3752
4251
4156
4172
4154
3623
4188
4167
4095
4351
4228
3651
4247
3977
4406
4081
4173
4222
4144
3731
3619
3873
4241
4356
4039
4300
4117
3910
4306
3977
3623
3887
4204
4185
4467
4135
3995
4382
4222
3989
4005
4018
4424
4045
3640
4080
4419
4275
3838
4248
3895
4656
4216
4027
4148
3962
4525
3972
3824
4172
4025
3740
4107
4186
4146
3865
3869
4028
3914
3785
4175
3828
4107
4330
3884
4283
3587
4056
4071
4504
3750
3819
3945
4165
4061
4281
3697
4283
4193
3823
3972
4019
4418
3775
4024
3903
3914
3600
3906
3951
3930
4289
3829
4395
3766
3719
4156
3887
3953
3883
4164
4150
4285
3913
4120
4345
3605
3808
3793
3911
3916
3914
3860
4392
3621
4299
4489
4379
4247
3919
4349
4159
3986
4130
4309
4004
3692
4122
4140
4226
3979
4159
4215
4036
4101
4335
3909
3985
3816
4024
4190
4169
4116
4118
3877
3705
3883
4260
4132
4139
4179
4003
4479
3731
4295
4492
4131
4217
3943
4283
4286
4224
4507
4297
4460
4414
4461
4582
4369
4430
4218
4115
4248
4011
4064
4257
4003
4292
4092
4592
4468
4634
4184
4151
3909
4726
4599
4399
4637
4016
4258
4529
4141
4375
4155
3942
4176
4022
4533
4689
4342
3718
4279
4257
4295
4325
4216
4585
4483
4281
3813
3942
4347
4590
4254
4681
4620
4198
4322
4216
4107
4225
4597
4276
4572
4311
4533
4731
4651
4139
4424
4101
4701
4188
4242
4163
4649
4454
4001
4048
4238
4732
4066
4514
4547
4215
4703
4335
4462
4386
4093
3817
4520
4330
4465
4222
4236
4173
4275
4122
4151
3891
4121
4500
4307
4393
3496
4398
4233
4580
4177
4096
4461
4566
4356
4323
3954
4151
4235
4314
4293
4313
4663
4085
4148
4527
4041
3993
3979
4225
4112
4455
4492
4539
4058
4256
4187
4248
4266
4131
4023
4340
4372
4325
4368
4391
4013
4011
3946
4333
4399
4481
4225
4491
3863
4526
4408
4706
4594
4002
4409
4355
4027
4510
4398
4235
4023
4489
4318
4096
4109
4371
4492
4245
4419
4292
4005
4096
4171
4144
4615
4220
4420
4345
4135
4372
4037
4425
3793
3764
3640
3593
4018
3309
3862
3705
3738
3701
3559
3843
3935
3622
4275
3668
4012
3881
3890
3986
4251
3911
3787
3386
3920
4057
3447
3989
3799
4038
3696
4103
3817
4186
3741
3690
3682
3660
4150
3976
3976
3567
3621
3875
3836
3923
3868
3463
4007
3764
3959
4104
3847
3503
3765
3981
3860
3810
3944
4026
3944
3894
3428
3630
3857
4201
3847
4051
3849
3627
4129
3757
3746
3744
3989
3916
4196
4127
3851
4269
4091
3816
3925
3662
4133
3766
3841
3873
4288
3832
3580
3737
3684
4279
4044
4030
4238
3550
4445
3896
3982
4121
3791
3442
4081
3973
3920
3749
3530
3970
3705
3516
3871
3728
3818
4126
4033
4142
3345
3795
3726
4151
3842
3447
3908
4005
3881
4099
3474
3854
3854
3797
3810
3633
4162
3739
3644
4003
3776
3328
3589
3774
3807
3997
3660
4125
3606
3593
3809
3556
3939
3660
3616
3845
4006
3610
3645
3774
3537
3516
3527
3833
3979
3718
3638
3906
3553
4192
4182
3966
3886
4038
4192
3943
3728
4269
4063
3814
3342
4015
3720
3906
3525
3631
4262
3921
4145
4049
3896
3803
3981
3683
4235
3754
3864
3798
3639
3643
3779
4050
3973
3845
4106
3677
4190
3566
3767
4193
3827
3949
3521
4233
4071
3977
4293
4079
4322
4340
4186
4169
4337
4155
3978
3954
3929
4038
3888
4165
3726
3969
4137
4485
4133
4111
3763
3872
3828
4008
4388
4143
4078
3758
4112
4054
4170
4115
3897
3720
4187
4082
4164
4334
4325
3587
4040
3941
4111
3991
4128
4242
3964
4094
3601
3728
4069
4194
4069
4359
4266
4167
4293
4099
3552
3866
4318
4210
4361
4104
3873
4414
4239
3992
4068
3743
4203
3981
3963
4147
4245
4174
3805
3892
3833
4472
4073
4166
4360
3975
4531
4145
4026
4270
4157
3373
4190
4049
3827
4090
3655
4068
4030
3628
4084
3701
4053
4142
4076
4078
3692
3880
3899
4385
3768
3978
4017
4137
3967
4362
3745
3857
4038
4230
4151
3902
4321
3671
4013
3816
3662
3733
3924
4068
3834
4361
3946
4334
4089
3693
3802
3835
3945
3938
3964
4076
4133
4039
4014
4097
3773
4219
3661
3913
4018
4116
4018
4160
3817
4257
4385
4451
3844
3862
4123
4079
4075
4147
4180
3966
3790
3895
4139
4147
3743
3943
4292
4128
4204
3819
3629
3916
3875
4027
4262
3897
3772
4091
3624
3870
3775
4407
4388
4219
4161
4156
4687
3856
4320
4592
4235
4409
3880
4624
4112
4256
4527
4158
4582
4311
4544
4459
4766
4563
4434
4108
4401
4214
4031
4485
4023
4281
4373
4534
4402
4586
4100
4179
4228
4237
4592
4582
4320
4193
4251
4623
4548
4600
4460
4025
4186
4220
4508
4508
4371
4002
4504
4256
4495
4285
4383
4662
4577
4276
3857
4265
4376
4806
4541
4386
4635
4135
4496
4164
3905
4277
4671
4643
4864
4118
4223
4884
4487
4255
4432
3999
4642
4273
3880
4551
4691
4296
4138
4087
3902
4803
4432
4685
4385
4215
4777
4214
4422
4534
4428
3742
4507
4443
4369
4286
4120
4410
4302
4077
4336
4142
4294
4360
4261
4382
3953
4017
4449
4705
4201
4275
4246
4481
4396
4656
3894
4380
4373
4396
4299
4292
4680
4223
4102
4151
4179
4104
4063
4302
4024
4515
4387
4545
4134
4223
4348
4352
4271
4340
4107
4621
4410
4074
4330
4322
3919
4127
3968
4299
4182
4434
4301
4686
3930
4781
4716
4478
4598
4306
4385
4314
3968
4487
4499
4113
4078
4262
4453
4513
4067
4430
4613
4347
4351
4134
4005
4164
4177
4151
4785
4371
4421
4198
3879
4210
4065
4454
4110
4038
3882
3808
4280
3579
4125
4263
4047
4005
3889
4067
4302
3869
4759
3865
4431
4124
4006
4336
4283
4104
3703
3933
4392
4081
3756
3960
3790
4207
4372
4562
4160
4228
3833
3980
3923
4076
4523
4076
4264
3869
4026
4272
4238
4058
4035
3481
3936
4143
4107
4089
4323
3645
4216
4030
4085
4237
3803
4109
4239
3963
3734
3647
3981
4361
3947
4463
4331
3756
4194
3951
3821
3965
4025
4373
4291
3977
3941
4340
4249
3776
3978
4222
4430
4019
3820
4005
4484
4138
3846
3872
4286
4169
4243
4244
4380
3923
4466
4099
4355
4120
3795
3780
4354
4075
3775
4005
3957
3881
4100
3899
4062
3906
4191
4265
4241
4379
3630
4169
4220
4530
4022
3794
4031
4190
4250
4232
3780
4181
3874
4093
4005
3711
4682
3770
4078
4197
3826
3685
3718
4121
3938
4324
3901
4100
4013
3713
3920
3935
4157
3690
3902
4245
4127
3990
3968
4262
3702
3888
3889
4112
4065
4134
4050
4295
3677
4316
4288
4453
4168
3910
3995
4223
3940
4122
4311
3999
3655
4260
4036
4099
3851
4126
4399
4158
4494
4099
3812
4141
3768
3633
4395
4039
4234
3895
3946
3782
3850
4129
4022
4052
4064
4003
4289
3731
4083
4228
4075
4202
3730
4354
4021
3964
4531
4013
4273
4159
4060
4308
4159
4081
3946
4010
3952
4058
4034
4138
3883
4300
4080
4306
4187
4337
3804
4004
3996
4256
4389
4002
4008
3856
3817
4214
4047
4360
4280
3637
3838
3747
4207
4229
4156
3744
4155
4146
4084
4106
4378
4327
4367
3990
3727
3844
4211
4352
4273
4510
4439
3983
4328
4019
3840
4129
4283
4205
4545
3979
4102
4490
4360
3797
4158
4231
4390
3918
3785
4041
4064
4143
3736
3898
3908
4598
4063
4133
4225
4103
4426
4115
4160
4509
4034
3800
4269
4069
4118
4029
4018
4068
4008
3858
3968
3858
4290
4430
4061
4028
3713
4086
4165
4387
3978
3902
4160
4155
3941
4505
3940
4218
4213
4178
4168
3707
4566
3882
3782
4246
3877
3909
3824
4313
3888
4341
4149
4160
3947
3959
4113
4073
4082
4089
3874
4254
4127
4278
4124
4299
3722
4048
3894
3911
4075
4372
3925
4451
3627
4415
4406
4283
4160
3885
4058
4374
3916
4340
4285
3847
3790
4035
4056
4025
3901
3872
4348
3963
4232
4146
3856
3902
4112
4101
4344
3915
4072
4046
3816
3703
3893
4402
3909
3947
4046
3807
4287
3715
3992
4195
4081
4275
3827
4261
4023
4060
4526
3910
4056
4140
4112
4091
4259
4053
3996
4107
4127
4287
3821
4175
4019
3823
4375
4466
3916
4372
3735
3939
4077
4226
4189
4150
4251
3937
4110
4299
4355
4211
4131
3722
3949
3882
4503
4295
4410
3777
4140
4084
4165
3905
4043
4282
4218
3889
3487
3743
4080
4497
4278
4403
4340
4019
4461
4117
3615
4156
4458
4315
4537
4185
3998
4515
4468
4061
3967
3948
4374
3961
3802
3852
4504
4132
3764
3934
3949
4720
4177
4368
4283
4149
4585
4051
3943
4182
3889
3958
4073
4103
4173
4302
3888
3892
3966
3623
3962
3819
4001
4335
4250
4335
3623
4066
4199
4489
3971
3875
4019
4538
4062
4380
4090
4111
4038
4336
3993
3921
4508
4015
3987
4171
3902
3822
4010
4157
3726
4402
4078
4386
3897
3866
3963
3997
4140
3982
3978
4178
4132
4082
4175
4353
3719
3877
3797
4044
4279
4236
3911
4371
4000
4418
4411
4666
4320
3968
4253
4128
4123
4395
4397
3961
3904
4307
4193
4065
3806
4208
4447
4191
4278
4076
4030
3910
4003
4049
4467
4022
3995
3854
3859
3892
3804
4415
3637
3580
3876
3737
4041
3433
3886
4034
3899
3989
3583
3964
3959
3662
4258
3619
4033
4047
3774
4202
3830
3978
4015
3594
3736
3844
3802
4024
3579
4054
3693
4166
3725
4123
3596
3832
3947
3932
4203
4145
3859
3928
3736
4179
4075
4024
3823
3485
4064
3919
3892
4065
4295
3369
4210
3956
3926
3546
4034
3945
4336
3880
3623
3569
3853
4005
3920
4340
3898
3776
4064
3531
3549
4035
4040
4021
4236
3905
3596
4256
4163
3723
3625
3657
4303
3887
3553
3850
4140
3891
3677
3720
3738
4328
3818
4103
3967
3802
4023
3859
4046
4312
3925
3646
4029
3785
3888
3651
3601
3956
3707
3841
3742
3840
3787
4033
3904
3994
3516
3442
3889
4215
3918
3537
3724
4060
4181
4356
3649
3708
3623
3970
3962
3619
4160
3766
3747
4019
3676
3325
3617
4139
3681
3961
3710
4021
3625
3794
4010
3621
3879
3800
3841
3996
3971
3835
3787
3944
3592
3751
3816
3815
3943
3991
3627
4248
3536
4126
4133
4108
4026
3730
4072
3769
3739
4067
4128
3961
3597
3992
3961
3972
3758
3884
4242
3750
4097
3857
3901
3470
3689
3695
4131
3784
4039
4044
3766
3440
3639
4223
4007
4031
4042
3796
4117
3675
3966
4056
3862
3986
3711
4368
4187
3988
4264
4120
4222
4237
4111
4188
4238
4252
3977
3816
4119
4112
3847
4057
3787
4110
3981
4267
3875
4409
3805
3944
3837
3975
4307
4029
3997
3871
3910
4246
3958
3974
4297
3574
3966
4035
4336
4291
4167
3866
4182
4076
4212
4000
4169
4235
4272
3802
3595
3633
4008
4331
4203
4114
4143
3791
4205
4019
3695
4019
4322
4167
4356
4042
3735
4387
4363
4047
4111
3981
4325
3892
3667
4015
4380
3995
3836
4157
3945
4504
4196
4284
4236
4003
4410
4009
3932
4252
4092
3849
4426
4105
3875
4018
3851
4152
3878
3776
3992
3828
4122
4132
4098
4071
3670
3719
4079
4464
3815
3977
3894
3971
4092
4288
3712
3893
4083
4015
3939
4007
4422
3757
3841
4033
3831
3582
4003
3988
3855
4181
3844
4315
3599
3855
4202
3959
4151
3764
3805
4094
4207
3883
4078
4110
3691
3930
3629
4025
3949
4160
3956
4335
3669
4264
4098
4360
3800
3685
4173
4261
3778
4225
4117
4007
3907
4048
4135
4155
3859
3614
4188
3965
4337
4017
4000
3789
3973
3772
4240
3884
4038
3967
3700
3616
3802
4378
3598
3708
3571
3512
3932
3416
3842
3579
3669
3631
3542
3796
3830
3668
3978
3828
3986
3867
3959
4020
4121
3951
3555
3679
3793
3717
3338
3715
3512
3749
3676
3939
3615
3706
3407
3427
3661
3822
3782
3808
3846
3750
3813
3837
3651
3783
3746
3438
3495
3577
3735
3993
4162
3399
3874
3669
3910
3698
3637
3885
4014
3772
3340
3440
3678
3687
3732
3975
4127
3631
3871
3639
3396
3554
3863
3655
3932
3776
3803
3993
4010
3829
3771
3581
3971
3705
3461
3597
3989
3588
3789
3434
3761
4122
3738
4029
3828
3532
4216
3892
3830
3716
3508
3240
3824
3836
3533
3828
3568
3616
3806
3464
3735
3428
3663
3932
3854
3835
3485
3675
3918
4161
3791
3640
3875
3876
3760
4129
3597
3674
3745
3729
3732
3429
4122
3528
3567
3748
3366
3438
3439
3689
3666
3941
3666
4008
3632
3447
3691
3554
3758
3707
3566
3858
3849
3857
4018
3681
3452
3712
3432
3718
3846
3845
3592
3708
3416
4152
4055
4131
3578
3801
3741
3853
3551
3924
4077
3545
3421
3730
3742
3691
3710
3653
4162
3741
4092
3653
3391
3663
3485
3508
3859
3673
3682
3827
3638
3772
3445
3823
3925
3763
4027
3783
3976
3587
4041
4124
3956
3917
3760
4060
3847
4029
4328
3770
4106
4281
3910
4099
4294
4101
4256
4012
4077
3899
3689
3685
3826
3993
3880
4250
4003
4106
3850
4116
4061
4223
4254
4238
3951
4021
3888
4236
3989
3833
3939
3512
4128
3827
4118
4280
4227
3641
4129
3840
4044
4103
4052
3893
4317
3867
3559
3603
3947
4291
4117
4205
3964
3815
4393
3779
3589
3972
4275
4190
4406
3992
3862
4411
4282
3812
4061
3906
4130
4054
3738
4019
4344
4051
3758
3859
3829
4292
4190
3897
4155
3860
4375
3942
4016
4136
4051
3512
4218
4011
4072
3936
3803
3958
4094
3684
4046
3800
4019
4108
3971
3943
3546
3867
4081
4293
3683
3762
3961
4256
4001
4305
3866
4108
3811
4095
3970
3974
4272
3886
3944
4033
4009
3432
4007
4014
3608
4352
3957
4072
4028
3743
4118
4007
3833
3782
3713
4062
4279
4130
4172
4247
3732
3904
3871
4070
4070
4226
3790
4317
3830
4339
4286
4190
4215
4079
3936
4107
3937
4293
4296
3960
3585
4030
3952
3949
3762
4081
4193
4186
4300
3825
3909
3891
3943
3704
4185
3894
3899
4243
3842
3727
3815
4337
4303
4414
3975
4189
4535
3820
4061
4098
4177
4160
4167
4747
4220
3825
4443
4309
4177
4420
4309
4318
4479
4419
4360
4061
4372
4224
3993
4255
3861
4221
4226
4533
4307
4455
4059
4049
4430
4315
4355
4461
4398
4299
4261
4356
4529
4536
4295
4122
4278
4376
4524
4524
4616
4039
4423
4091
4643
4393
4372
4401
4570
4109
3838
3908
4482
4881
4403
4666
4602
4100
4511
4161
3867
4234
4588
4507
4676
4264
4254
4753
4603
4377
4251
4220
4612
4314
4163
4155
4590
4221
4164
4198
4171
4615
4451
4459
4310
4211
4839
4162
4361
4444
4297
3921
4618
4331
4144
4143
4028
4174
4256
4011
4124
3966
4133
4479
4579
4220
4071
4308
4317
4731
3877
4033
4231
4483
4279
4554
3748
4204
4114
4414
4439
4041
4494
4325
4195
4255
4044
3867
4291
4191
4094
4565
4215
4583
4077
4084
4042
4307
4309
4239
3887
4513
4152
4173
4167
4239
4081
4098
4145
4344
4210
4286
4231
4571
4148
4779
4773
4763
4351
4099
4237
4610
3857
4395
4652
4274
3863
4198
4297
4321
4170
4168
4664
4161
4294
4301
4127
4043
3971
4052
4489
4233
4318
4430
4071
4039
4251
4414
tempo: 0.016079