100 100
2091
2107
1868
2019
1938
2016
2343
1976
1663
2054
2142
2308
2206
1989
2103
2276
2371
1930
1999
2070
1951
2002
2105
2241
2076
2352
2218
2011
1938
1919
2031
2005
1962
2133
2200
1966
2051
2094
2301
2051
2237
1991
2018
2081
1743
2104
2348
2077
2154
2162
1999
2229
2206
2125
1941
2101
2310
1898
2011
2064
2269
1838
2144
1959
1928
1991
1891
1894
2204
2040
2075
1965
2025
1892
1963
1972
1764
1930
1794
2130
2283
2057
2095
1869
1728
2052
1694
1876
1876
2135
1998
1879
1994
1877
1899
1990
1912
2304
2190
2162
2098
2064
1978
2237
2032
1942
2134
2075
1795
2262
2208
2286
2344
2058
2194
2151
2319
2107
1888
2144
1999
2047
2121
2322
2004
2521
2389
1968
1937
1876
2100
1943
2036
2124
2115
2114
2014
2234
2249
2050
2071
2080
2195
2019
1898
1938
2354
2313
2105
2130
2150
2231
2098
2143
1946
2007
2346
1773
2129
2074
2256
1857
2154
2124
1772
2175
2002
1812
1914
2152
2174
2120
2108
1983
2123
2054
2016
1919
1712
2133
2199
2257
2115
1875
1794
1993
1890
2077
1926
2226
2086
1970
2057
2121
2109
2139
1938
2273
2089
2218
2133
2054
2066
2071
1949
2156
2163
1951
1887
2240
2112
2338
2317
2144
2100
2178
2309
2021
1951
2046
2066
2193
2039
2462
2123
2424
2223
2098
1858
1804
2104
1966
2086
2339
2243
2246
2119
2138
2191
2066
2170
1915
2233
1943
1878
2072
2165
2142
2006
2198
2173
2029
2104
2072
1942
2049
2147
1828
2095
1920
2201
1819
2128
1897
1952
2212
2137
1855
2050
2132
2173
2105
1976
2109
2052
2059
1965
1783
1931
2050
2125
2169
2018
2053
1849
2085
1904
2209
2072
1964
1902
1989
1896
2038
2099
2095
1959
2346
2106
2272
2145
2129
2093
2071
1997
2274
2204
1939
1936
2176
2105
2380
2393
2029
2199
2386
2299
2107
1960
2214
2204
2266
2247
2274
2235
2613
2498
2075
2135
2098
2138
2024
2011
2233
2221
2035
2256
2045
2259
2130
2204
2045
2180
2038
1999
2227
2358
2254
2170
2200
2137
2335
2300
2079
2082
2103
2407
1842
2181
2108
2428
1881
2217
2116
2028
2068
2132
1997
2088
2067
2247
2037
2099
2164
2109
2214
1947
2056
2088
2155
2328
2293
2122
2112
1863
2111
1929
2162
2018
2281
2069
2027
1872
2128
2177
2149
2078
2366
2071
2304
2056
1782
2085
2033
1826
2109
2088
1761
2073
2159
2210
2455
2122
2174
2162
2235
2426
1984
2038
2273
1995
2284
1997
2480
2072
2519
2270
2138
1993
1871
2051
1956
2072
2199
2159
2179
2151
2112
2143
2060
2123
2002
2138
1867
1880
2086
2260
2211
2088
2263
2093
2441
2022
2027
2066
2271
2252
2059
2188
1832
2261
1851
2113
1887
1860
2168
1974
1890
2042
2021
2135
2053
2078
1989
2089
2078
2011
1962
1904
2192
2238
2245
2173
1956
1997
1945
1797
1978
1829
2041
2116
2008
2097
2013
2078
1971
1972
2198
2084
2083
2282
2182
2072
2285
2125
2236
2325
2216
1928
2363
2451
2469
2448
2129
2319
2302
2445
2269
2143
2123
2241
2280
2119
2567
2193
2565
2297
2173
2232
2060
2259
2240
2222
2360
2441
2259
2256
2180
2434
2123
2290
2248
2354
2203
1889
2174
2378
2246
2266
2305
2181
2449
2251
2379
2061
2074
2485
1946
2189
2149
2442
2022
2331
2081
1960
2128
2128
2044
2142
2175
2294
2222
2214
2145
2192
2217
2225
1973
2094
2162
2327
2348
2262
2196
1988
2143
1982
2303
2115
2291
2075
2187
2036
1991
2193
2187
2085
2427
2253
2366
2152
2112
2024
2071
1976
2108
2318
2129
1858
2187
2150
2488
2329
2029
2225
2249
2605
2052
2157
2283
2115
2309
2179
2489
2199
2505
2277
2044
2138
1986
2066
1982
2147
2240
2341
2144
2159
2135
2325
2172
2282
2069
2205
2035
1923
2165
2394
2268
2021
2263
2168
2407
2234
2206
2081
2186
2318
1896
2261
2158
2462
1754
2214
1963
1991
2086
2069
1892
2102
2066
2134
2162
2063
1962
1942
2189
2005
1920
1961
2117
2161
2208
2411
2110
1890
2198
1896
2240
2022
2282
1983
2040
2115
2182
2181
2129
2022
2419
2315
2199
1767
1789
1662
1766
1823
1828
1901
1500
1701
1903
1699
1988
2023
1898
1776
1946
1906
1730
1530
1746
1754
1727
1737
2067
1773
2016
1748
1798
1672
1478
1910
1685
1734
1977
1935
1797
1785
1823
1860
1689
1896
1596
1755
1749
1681
1550
1765
1666
1844
1867
1792
1862
1826
1876
1781
1726
1920
1522
1737
1673
1906
1637
1902
1717
1405
1647
1770
1537
1784
1692
1678
1799
1604
1672
1719
1721
1602
1558
1527
1879
1703
1741
1884
1643
1411
1934
1552
1614
1558
1866
1461
1654
1523
1706
1705
1763
1731
1878
1708
1984
2219
2018
2231
2307
2129
2318
2363
2106
2036
2348
2308
2470
2333
2192
2427
2471
2443
2027
2064
2295
2103
2131
2245
2523
2144
2560
2421
2300
2168
2027
2398
2125
2120
2372
2322
2192
2468
2275
2285
2247
2311
2121
2268
2129
2137
2166
2386
2374
2167
2357
2154
2529
2186
2433
2209
2112
2374
1931
2171
2165
2370
1928
2393
2220
1965
2178
2092
2025
2093
2216
2324
2269
2292
1972
1988
2204
2049
2071
1931
2449
2212
2298
2420
2142
2045
2233
2130
2050
2323
2262
2096
1991
2116
2143
2222
2096
2216
2412
2276
2236
1974
1959
1858
1945
1792
2033
1942
1904
1683
2052
1929
2127
2053
1795
2039
2155
2113
1948
1905
1914
1803
1945
2065
2070
1921
2167
2009
1778
1935
1883
1975
1778
1842
2130
2066
1861
1930
1840
2027
2072
2064
1845
1909
2005
1666
1792
2017
1935
1868
1977
1874
2152
2129
1882
1802
1998
2066
1667
1933
1729
2036
1704
1978
1751
1729
1890
1771
1873
1875
1787
1955
1987
1817
1837
1900
1918
1927
1740
1613
1915
1840
1994
2005
1883
1555
2214
1719
1895
1807
2040
1750
1893
1766
1830
1913
1870
1771
2008
1998
2191
1935
1915
1854
1820
1997
1950
2051
1936
1874
2163
2013
2343
2168
2161
1892
2150
2246
1778
1925
1995
1928
1962
1901
2343
1915
2214
2192
1917
1821
1611
1865
1868
2032
2154
2126
2049
2089
1908
2133
2099
2201
1868
2049
1836
1903
1897
2043
2084
1928
2052
2136
2170
1940
2027
1857
1963
2064
1754
2083
1911
2067
1807
2029
1957
1724
1869
1927
1763
1913
2177
2083
2073
1949
1721
1846
1941
1859
1696
1687
1856
2015
2016
2122
1891
1664
1976
1727
2067
1777
2047
1873
1808
1954
2025
1999
2106
1816
2194
2065
2191
2072
2064
1929
2176
2112
2237
2165
2025
1823
2256
2131
2357
2346
2222
2335
2310
2454
1975
2030
2253
2009
2192
2120
2426
2054
2572
2290
2158
1927
1916
2230
2005
2071
2419
2201
2091
2244
2188
2155
2135
2149
1956
2097
1957
1845
1943
2337
2086
2197
2120
2233
2185
2203
2202
2019
1941
2258
1795
2118
2000
2415
1870
2432
2102
1873
2031
2174
1819
1869
2028
2245
2077
2066
2000
1998
2047
2152
1919
1885
2159
1964
2086
2257
2110
1820
2169
1977
2348
2061
2201
2038
1884
2019
1999
2175
2050
2013
2225
2020
2220
2316
2241
2196
2341
2078
2445
2260
2104
2238
2367
2324
2849
2442
2407
2400
2435
2608
2072
2163
2335
2262
2248
2346
2690
2220
2544
2403
2275
2327
1970
2244
2143
2206
2454
2529
2401
2336
2248
2306
2399
2396
2156
2360
2146
1982
2253
2443
2449
2047
2461
tempo: 0.057968