100 100
2045
1986
2073
2113
1863
1846
2032
2299
2229
1918
1746
1922
1937
1972
2081
1916
2287
2155
1883
1823
1903
1984
2052
1771
1959
2060
1840
1747
2070
2133
1762
2010
1776
1895
2270
1907
1947
1964
1947
2084
1828
2150
2032
2200
1884
2007
2028
1711
2154
2287
1917
1902
2098
1886
2043
2259
1930
2027
1924
1954
1971
1910
1845
2003
1997
1876
1774
2072
1932
1827
1894
2247
1880
2029
1744
2003
2142
1783
2010
1917
2222
1883
1848
2080
1949
1849
2180
1935
2069
2149
1986
1988
1906
2158
2026
1603
1739
2019
2159
2231
1941
2217
1964
2353
1969
1676
2036
2105
2041
2084
1937
1959
1980
1998
2066
1886
2294
2130
1977
1872
1973
2069
2011
2018
1949
1955
2126
1776
2138
2316
1693
2050
1778
1970
2316
2140
2027
2098
1916
2166
1896
2266
1871
2054
2024
2145
2155
1852
2180
2245
1980
1988
2220
1734
2073
2336
1946
2076
1995
2211
2045
1905
1945
2140
1950
1774
1766
1995
2044
1983
2045
2226
1936
2146
1894
1985
2158
1564
2120
2018
2084
1794
1774
2149
2097
1757
2183
1873
2245
1851
1953
2131
1990
2069
1878
1824
1909
1932
2287
2282
1859
1963
1962
2251
1945
1924
1947
1950
2053
1870
1737
2036
1928
2174
1830
1897
2089
1964
1816
1967
1708
2089
1976
1923
1979
1997
1840
1809
2272
2245
1992
2089
2019
1833
2098
1944
2126
1883
1984
2059
1862
2164
1945
2034
1960
1870
1951
1648
2084
2252
1916
1891
2049
1716
1965
2122
1883
1983
1912
1997
2100
1981
1855
2091
1947
1715
1673
1982
1948
1894
1857
1965
1747
2165
1673
1877
2091
1800
2091
1846
2057
1841
1994
2022
1962
1977
2167
1730
2195
2097
1841
2149
1914
2113
2047
1758
1941
2159
2059
2228
2029
2252
2163
2397
2104
1937
2192
2306
2290
2064
1935
2060
2138
2280
1974
2145
2195
1980
2052
2050
2101
2050
2175
2172
2199
2245
2095
1780
2423
2519
1963
2360
1920
2029
2350
2193
2265
2169
2020
2232
2029
2423
1971
2186
2133
2200
2205
1997
2229
2371
1899
2115
2042
2024
2100
2351
1996
2238
2228
2385
2097
2127
2055
2083
2266
1858
1984
2195
2120
2051
2099
2291
1805
2069
1946
2081
2201
1998
2308
2079
2275
2094
1935
2294
2151
2038
2394
2071
2429
2036
2036
2306
2174
2393
2128
1955
2009
2061
2178
2456
1980
2171
2153
2390
2012
2020
2301
2321
2371
2173
1944
2119
2179
2367
2061
2094
2410
2144
2103
2214
1958
2110
2233
2022
2170
2104
2264
1941
2288
2436
1961
2310
2091
1997
2508
2253
2109
2215
2192
2156
2124
2173
2185
2282
2230
2047
2174
2014
2219
2422
2059
2277
2290
1887
2097
2426
2250
2340
2083
2303
2223
2152
1986
2340
2417
1991
1890
2324
2241
2103
2279
2472
1980
2125
1879
1980
2505
1985
2215
2220
2301
1965
1996
2357
2273
2234
2364
2066
2544
2111
2116
2151
2022
2279
2162
1912
2109
2305
2289
2350
2270
2220
2100
2375
2036
2090
2448
2243
2496
2084
1937
2081
2261
2258
2194
2115
2414
2358
2151
2081
2033
2077
2352
2114
2266
2306
2265
1867
2408
2527
1931
2454
2153
2043
2537
2153
2244
2135
2155
2283
2068
2484
2260
2399
2259
2185
2268
2127
2377
2551
2174
2040
2320
2030
2195
2468
2079
2503
2058
2200
2295
2249
2011
2261
2047
1956
1783
2253
2202
2244
2227
2242
2010
2238
1814
2086
2503
2060
2333
2149
2435
2209
2171
2515
2195
2228
2384
2041
2476
2104
2289
2304
2046
2424
2214
1912
2144
2335
2273
2521
1666
1695
1540
1670
1631
1513
1657
1840
1742
1615
1458
1644
1555
1632
1596
1758
1835
1638
1556
1568
1501
1586
1725
1553
1561
1744
1511
1505
1861
1756
1440
1689
1643
1521
1926
1607
1494
1556
1565
1699
1469
1783
1563
1600
1649
1603
1841
1213
1716
1816
1671
1508
1674
1464
1582
1792
1513
1824
1604
1718
1629
1715
1539
1538
1706
1440
1356
1649
1681
1571
1499
1732
1531
1693
1300
1660
1846
1497
1657
1656
1823
1485
1399
1807
1655
1680
1761
1592
1797
1659
1460
1743
1501
1806
1677
1362
1467
1654
1583
1815
2207
2217
2128
2303
2106
2042
2187
2291
2522
1984
2029
2132
2306
2173
2302
1999
2374
2104
2205
2294
2013
2081
2086
2026
2148
2239
2199
1971
2470
2460
2003
2458
2013
1952
2470
2174
2171
2256
2086
2087
2005
2388
2231
2210
2299
2329
2287
2058
2457
2293
2196
2053
2281
1938
2201
2500
2158
2477
2185
2139
2183
2284
1940
2409
2133
1946
1875
2249
2309
2177
2246
2425
2006
2155
2032
2155
2449
1955
2326
1991
2556
2209
2115
2396
2183
2312
2513
2065
2495
2240
2277
2264
2158
2216
2085
2043
2011
2316
2194
2308
1905
1987
2001
2150
1938
1813
1993
2100
2252
1886
1678
2065
2018
2007
1956
2021
1978
1874
1812
2001
1904
1980
1935
2047
2016
1965
2133
1694
2191
2222
1863
2176
1806
1751
2232
1836
2129
1891
1763
2014
1905
2443
1944
2072
1924
1935
1998
1618
2049
2161
1748
1841
2040
1837
1973
2251
2037
2050
1989
2033
2015
1982
1949
2110
2020
1622
1771
2099
1985
1769
2038
2044
1764
2062
1762
1858
2194
1759
2105
1931
2066
1783
1763
2125
1904
1977
2202
1725
2240
1887
1780
2095
1819
2102
1823
1894
1851
2003
2127
2163
1831
1970
1944
2096
2000
1819
2187
2014
2189
2113
1714
1894
1961
1893
1851
1796
2179
1991
1987
2037
1697
1927
2162
2042
2007
1929
2169
1823
2070
2321
1953
2008
1853
1853
2269
2057
2197
1953
1933
1905
1815
2152
2069
2143
2164
2014
2125
1939
2226
2230
1804
1979
2039
1768
1991
2141
1944
2196
1853
2082
1963
1773
1913
2005
1999
1720
1667
2019
1899
1964
2027
2084
1942
2056
1831
1914
2173
1788
2011
1973
2172
1975
1825
2157
2090
2025
2212
1721
2107
1905
1845
1991
1890
2104
1771
1958
1916
1916
2023
2144
1826
1961
2016
2180
1818
1734
2246
1954
2189
1759
1716
1911
1850
2059
1978
1745
2113
1992
1877
1995
1799
1874
2026
1954
1916
2004
2034
1626
2246
2224
1747
2129
1744
1791
2166
1804
1902
1885
1834
1902
1705
2103
2008
1950
1808
2075
1885
1738
2145
2244
1824
1822
2018
1855
1899
2161
1969
1949
1812
2067
1910
2045
1855
1947
1862
1797
1660
1818
1940
1909
1914
2222
1856
2094
1760
1950
2216
1685
2313
2009
1936
1885
1897
2109
1940
1926
2155
1931
2186
1812
2049
1996
1933
2033
1982
1608
1981
2007
1904
2066
2017
2132
2215
2188
2055
1860
2257
2023
2386
2046
1929
2122
2167
2166
2054
2035
2359
2126
1978
1980
1982
2092
2303
1981
2023
2091
2179
1739
2262
2301
1868
2236
2000
1984
2293
2181
2270
2052
1870
2296
2044
2380
2156
2182
1996
2136
2278
1818
2248
2256
2055
2125
2242
1897
2038
2351
1998
2274
2220
2177
2167
2134
2025
2274
2134
1868
1778
2271
2192
2038
2047
2163
1774
2194
1861
1916
2453
1943
2067
1963
2279
2062
1938
2187
2120
2139
2297
1979
2316
2030
2006
2114
1911
2128
1953
1900
2049
2228
2154
2417
2235
2204
2322
2521
2154
2257
2256
2421
2533
2264
2159
2316
2395
2386
2213
2224
2523
2472
2123
2228
2144
2260
2374
2180
2213
2239
2241
1888
2445
2516
1990
2449
2135
2200
2443
2302
2321
2368
2172
2388
2123
2576
2210
2351
2176
2242
2295
2226
2555
2537
tempo: 1