100 100
2016
2033
1956
2240
1991
1771
2044
1990
2068
1955
2229
2100
2136
2006
2111
1780
2049
2188
1953
2148
2026
2041
1917
1960
1859
2171
1860
1999
2034
1952
1942
2128
1964
2046
2128
2163
1867
2332
2066
2163
1862
1907
2299
1891
1806
1665
2160
2021
2243
2121
1932
2046
1894
1819
1852
1693
1791
1803
1918
1902
1954
1943
1695
2049
1958
1920
1845
1995
1938
1834
1668
1858
1989
1797
1906
1526
1803
1725
1968
1980
2026
2004
1889
1876
1890
1858
1955
1937
1711
1719
1887
1666
1999
2118
1833
1931
1961
1862
1943
1892
1785
1948
2031
1942
1842
1807
1865
1737
1871
1810
2241
1843
1971
1856
1829
1811
1660
1903
1831
2030
1903
1897
1852
1786
1695
1849
1875
1679
2077
1790
1936
1803
1866
1758
1969
1850
1760
1856
1827
1718
1880
1901
2036
1875
1818
1610
1964
1742
2057
1917
2481
2391
2340
2239
2161
1866
2056
2235
2404
2180
2337
2190
2207
2265
2246
2282
2386
2211
2178
2301
2262
2379
2246
2309
2083
1940
2304
2112
2326
2427
2337
2322
2253
2261
2132
2223
2125
2211
2175
2174
2090
1953
2367
2275
2157
2189
2260
2005
2240
2423
2097
2275
2111
2352
2377
2138
2222
2134
2278
2003
2463
2274
2419
2235
2290
2137
1993
2349
2062
2264
2308
2271
2266
2392
1974
2337
2022
2002
2377
2143
2189
2308
2260
2190
2344
2285
2296
2254
2202
2248
2211
2329
2429
2272
2153
2095
2265
2065
2586
2240
2143
1924
1952
1676
1923
1754
1724
2056
2014
1690
2195
1917
1843
2042
1979
2008
2049
1973
1828
2016
1872
2003
2005
1907
1851
1832
1927
1960
2201
1967
2109
2058
2041
1960
1931
1777
1986
2056
2009
1853
1837
1721
1992
2027
1786
1968
1821
1862
1919
2057
1868
1947
1865
1971
2107
1810
1836
1769
2094
1824
2337
2121
2182
1963
2066
1900
1933
2040
1781
2011
1752
2152
1810
1975
1858
2009
1796
1902
2183
1942
1902
2066
2045
1913
1845
2026
1807
2003
2139
1923
1992
2107
2085
1818
1809
1687
2118
1920
2161
2108
2159
1946
1864
1819
1996
1643
1820
2047
2222
1827
2294
2043
1915
2045
1974
1954
2048
1959
1921
1823
2060
2032
1964
1874
1763
1889
1883
1969
2079
1969
2034
2163
1894
1978
1676
1935
2081
2009
1907
2029
1987
1709
2086
2089
1933
2031
2094
1953
1846
2093
2016
1977
1864
2036
1973
1899
1965
1756
2183
1810
2134
2088
2026
1971
1942
1981
1731
2139
1847
1956
2078
2025
2060
2002
1729
1833
1844
1905
1908
1969
1967
1914
2008
1986
1853
2038
1949
1963
1817
1835
2039
1905
2057
2035
1763
1926
2151
1807
2146
1958
2339
2170
2091
2006
2112
2057
1962
2088
2277
1981
2126
2101
1991
2033
2126
2173
2078
2236
2076
2377
2032
2296
2105
2092
1988
1806
2130
2119
2246
2151
2308
2369
2117
2152
2035
2043
2163
2159
2081
1900
1902
1975
2209
2136
1967
2225
2034
1979
2066
2186
1995
2034
2228
2277
2243
2096
2012
1917
2183
1927
2561
2248
2260
2121
2215
2182
2023
2374
2173
2157
1997
2327
2030
2083
1983
2045
2087
1865
2263
2132
2146
2239
2186
2136
2132
2236
2013
2197
2171
2212
2037
2096
2171
1935
2084
1942
2471
1916
2249
2101
2338
2073
2061
1946
2071
1982
1948
2158
2126
1930
2182
2210
1868
2027
2207
2254
2140
2288
1950
2118
2158
2107
2072
2234
1883
1981
2001
1864
2205
2155
2236
2219
2077
2061
1920
1988
2132
2157
2092
1972
1925
1984
2223
2190
2072
2122
1976
2017
2109
2062
1995
2085
1974
2047
2177
2058
2060
2072
2131
1819
2480
2111
2234
2111
2130
2113
2046
2158
1979
2338
2004
2305
2051
1937
1977
2062
1948
1911
2257
2068
2159
2114
2215
2030
2130
2097
2036
2020
2017
2089
2085
2093
2064
2076
2020
1822
2367
2072
2271
2177
2343
2214
2254
2012
2044
1956
1915
2240
2157
1882
2204
2208
2112
1859
2066
2324
2263
2085
2088
2172
2091
2118
2172
2113
1929
2000
2111
1974
2249
2335
2359
2235
2216
2115
2167
1931
2189
2091
1910
2091
1943
1872
2339
2143
2047
2265
2114
1893
2051
2324
2102
2205
2207
2244
2247
2029
2153
2038
2274
2139
2432
2449
2279
2274
2155
2048
2113
2238
2152
2269
2204
2161
2065
2091
1907
2164
2134
2030
2399
2267
2201
2176
2338
2207
2163
2174
1995
2060
2219
2182
2214
2071
2312
2120
2023
1951
2496
2176
2514
2052
2008
2156
2008
1923
1975
1858
1924
2028
2146
1928
2163
2001
1882
1931
2102
2189
2144
2244
1922
2209
1979
1971
2224
2044
1983
1943
1967
1955
2183
2273
2315
2187
2146
2046
2120
2065
2186
2245
2065
2095
2003
1883
2256
2217
2115
2058
2232
1997
2175
2166
1927
1938
1923
2166
2055
2017
2052
1930
2110
1906
2251
2261
2308
2219
2134
2025
1890
2167
2026
2202
2027
2275
2007
2100
1839
2095
1992
1751
2201
2064
2331
2109
2148
2101
2204
2058
2060
2024
2007
2035
2013
1920
2115
2043
1987
1919
2429
1969
2017
2219
2139
2180
2154
2078
2217
1822
1960
2112
2006
2059
2196
2142
2066
2072
2172
2143
2133
2062
1994
2082
2214
2096
2076
2037
1816
1866
2209
2122
2190
2130
2450
2014
2219
1991
1987
2204
2337
2160
1995
2220
1983
1704
2246
2225
1973
2088
2121
1944
2088
2122
2085
1943
2080
2168
2212
1843
2238
2177
2107
1916
2239
2168
2313
2312
2045
2066
1832
2057
2042
2083
2173
2259
2079
2079
1996
2020
2076
1934
2311
2108
2145
2074
2199
2077
2247
2140
1909
2062
1994
2041
2256
2056
2298
2253
2006
1781
2318
2149
2363
2033
1996
1842
1863
1775
1908
1780
1647
1933
1987
1627
1916
1781
1735
1688
1971
1827
1694
1872
1677
1770
1787
1864
1711
1786
1598
1552
1720
1717
1834
1871
1967
1873
1771
1841
1604
1825
1879
1846
1822
1637
1780
1466
1887
1965
1821
1788
1950
1738
1804
1883
1877
1891
1723
1940
1924
1540
1752
1824
1895
1663
2014
1788
1925
1895
1871
1794
1852
1783
1807
1736
1763
2041
1788
1792
1771
1722
1877
1551
2137
1728
1784
1864
1665
1761
1758
1959
1701
1856
1750
1816
1745
1663
1836
1673
1658
1595
1960
1657
1913
1986
2461
2303
2363
2219
2199
2038
2187
2405
2358
2065
2321
2222
2033
2175
2394
2412
2262
2456
2358
2472
2302
2468
2325
2280
2182
2114
2315
2131
2334
2354
2504
2291
2279
2251
2094
2328
2331
2455
2355
2181
2122
2080
2450
2444
2282
2342
2355
2138
2461
2479
2107
2150
2314
2243
2344
2154
2241
2309
2338
2162
2551
2484
2419
2229
2248
2199
2034
2425
2349
2457
2310
2447
2349
2426
2132
2299
2229
2039
2523
2133
2334
2290
2367
2385
2322
2204
2245
2236
2284
2236
2308
2194
2326
2326
2111
2000
2423
2176
2579
2382
2292
2100
2170
2084
2124
1920
1966
2290
2253
1869
2021
2223
2126
1964
2039
2183
2209
2222
2092
2323
2121
2227
2161
2120
1885
1886
2108
1956
2410
2300
2581
2250
2130
2199
2118
2065
2192
2003
2178
2124
2066
1881
2283
2094
2137
2315
2196
2182
2200
2233
1917
1973
2215
2147
2329
2046
2130
2138
2139
2035
2399
2358
2432
2262
2121
2028
2182
2096
2148
2255
2226
2229
2022
2022
1943
2112
2028
1847
2427
2080
2246
2212
2227
2110
2252
2157
1975
2185
2135
2118
2184
2164
2240
2262
2116
2002
2361
2177
2494
2130
tempo: 0.001872