200 200
3883
4002
4013
3836
4057
3415
3962
4126
3930
3841
3716
4049
3783
3933
4104
4014
4166
3942
4092
4034
4426
4122
3972
3942
3858
3794
3678
3982
3482
3947
4006
4259
3949
4176
3820
3809
3954
3869
4222
3976
4045
3753
4160
4185
4090
3909
4012
3611
3829
3729
4081
4043
4126
3606
4302
3869
4335
3727
3984
4129
4067
3896
3360
3820
3988
4228
3901
3986
4056
3762
4174
3799
3981
3858
4278
4177
4380
4076
3833
4439
4150
3862
3943
3786
4365
4016
3711
3676
4126
3828
3642
3822
3676
4283
4060
4156
4214
3663
4296
4079
4004
4195
3804
3508
3932
3719
3923
3660
3978
3726
4033
3634
3916
3610
3743
4136
3847
4075
3339
3871
3792
4390
3575
3737
3635
4125
4030
4052
3660
3839
3762
3898
3974
3772
4248
3693
3707
4040
3816
3740
3736
3917
3636
4233
3838
4008
3852
3491
3892
3685
3772
3775
3930
4139
3712
3905
4183
3858
3753
3901
3564
3660
4205
3887
3475
4074
3715
4250
4148
4197
4118
3835
4190
3986
3678
3878
4244
3652
3735
4074
4109
4181
3882
3899
4294
4073
4281
4056
3795
3705
3670
3864
4111
3808
3722
3978
3695
3510
3804
4180
3771
3743
3681
3571
4201
3450
3617
4035
3787
3783
3711
4231
4076
3542
4182
3620
4026
3961
4048
3711
3964
3895
3732
3614
3569
4047
3728
3926
3606
3817
3855
4101
3920
4076
3613
3638
3804
3790
4373
3839
3839
3684
3619
4080
3989
4215
3938
3585
3897
3767
3984
3925
3908
3628
4073
3928
3966
3858
4084
4131
4016
3756
3268
3484
4068
4148
4214
4315
4023
3634
4317
3671
3385
3597
4241
3998
4179
3810
3833
4181
4251
3919
3734
3467
4079
3976
3716
3800
3914
3862
3812
3614
3704
4456
4082
3950
3864
3946
4263
3959
3867
4087
3763
3524
3824
3957
3862
3786
3556
3910
3595
3587
3903
3855
3807
4037
3877
4038
3549
3719
4023
4182
3655
3767
3856
4121
3881
4129
3567
3844
3935
4061
3718
3669
4179
3714
3523
3664
3707
3479
3582
3886
3434
3949
3785
4037
3581
3644
3748
3822
3516
3909
3739
3884
3870
3969
3702
3695
3527
3751
3405
3886
4029
4023
3857
4401
3846
4134
3891
4263
3814
3864
3714
4036
3648
4058
4139
3788
3381
3979
3867
4062
3823
3653
4370
3982
3792
3850
3822
3764
3657
3768
4104
3768
3473
3867
3644
3649
3769
4215
3851
4016
3896
3777
4202
3561
3992
3973
3996
3741
3740
4082
3974
3955
4463
4124
4125
4017
4121
4159
4308
3843
4032
3899
3850
4201
3712
3873
3657
4333
3968
4389
4085
4152
3759
4024
4154
4135
4406
3811
4076
3759
4132
4355
4086
4278
4009
3643
4005
3961
4245
4382
3841
3556
4029
3907
4287
3946
4109
4140
4301
4250
3744
3695
4031
4442
4374
4197
4250
3813
4291
4160
3961
3761
4254
4195
4434
4193
4066
4486
4334
4085
4362
3936
4290
4261
3785
3861
4165
4108
3747
3960
4072
4226
4220
4244
4209
3866
4432
3920
4114
4241
3733
3394
4288
3935
3923
4140
3871
4095
4085
3677
3995
3864
4148
4289
3914
4140
3547
4055
4035
4495
3791
3945
3963
4203
4227
4465
3584
3996
3966
4174
3827
3826
4439
3749
3849
4111
3872
3924
3851
4004
3904
4374
4033
4274
3933
3704
4014
3682
3935
4088
3770
4052
4289
4123
4033
4089
3705
3917
3885
3851
4143
4164
3849
4299
3412
4610
4333
4432
3949
4235
4110
4216
3985
4299
4241
3957
3739
4221
4145
3997
3859
4011
4499
3984
4202
4096
3912
4200
3961
3958
4073
3897
4038
4069
3689
3829
3878
4078
3814
3958
3841
4010
4187
3617
4015
4048
3945
4054
3656
4045
3998
3805
4275
3905
4370
4122
4077
4086
4205
3950
3729
3752
4057
3789
3910
4001
3757
4015
4197
4211
3924
4316
3673
3981
3847
4011
4443
4094
4104
3913
3883
4192
3910
4045
4034
3611
3966
4052
4174
4125
4033
3597
4277
3992
4104
3988
4067
3918
4094
3739
3690
3668
4287
4253
3987
4227
4287
3677
4134
4058
3585
4015
4108
4238
4188
3802
3934
4388
3929
3544
4032
3787
4246
3697
3528
4024
4155
4078
3636
3817
3985
4526
4047
4059
4399
4068
4314
4031
4040
4182
3517
3348
4044
3958
4013
3885
3941
3859
3903
3753
3937
3945
3931
4356
3943
4156
3552
3717
4268
4201
3997
3857
3917
4306
3839
4144
3862
4016
3984
4056
3916
3729
4281
3432
3798
3941
3806
3790
3743
3854
3962
4017
4111
4041
3840
3783
3844
3762
4013
3814
3908
3902
4145
4073
4059
3870
3383
3682
3590
3869
4131
3992
3830
4481
3817
4248
4412
4385
3954
3858
4146
4190
3699
4053
4278
3646
3507
4170
4089
4087
3937
3962
4273
4033
4199
4291
3549
3893
3934
3710
4149
3860
3938
3933
3752
3716
3678
4402
3752
4002
3893
3823
4218
3672
4164
3900
3924
3983
3909
4051
4110
3879
4334
3897
4341
4017
4022
4202
4276
3958
3937
3764
4020
3816
3723
4065
3744
4181
4027
4375
3711
4122
3844
3966
3747
3883
4019
3983
4044
3741
3881
4157
3924
4173
4041
3588
3906
3804
4106
4183
4104
3507
4233
3981
4034
3828
4142
3816
4114
3954
3491
3865
4052
4337
4347
4221
4256
4086
4334
3775
3693
3920
4263
3915
4394
3835
3906
4388
4291
3671
3962
4001
4344
3957
3831
4040
4511
3919
3816
3854
3877
4502
4009
4291
3906
3730
4436
3773
4142
4268
3647
3627
4116
4216
3844
3794
4024
4098
3767
3701
3923
3762
3678
4306
4054
4108
3562
3904
3652
4474
3649
3772
3858
4039
4172
4049
3796
3826
3974
4060
3930
3662
4388
3662
4016
4075
3890
3769
3787
4011
3751
4106
3730
4205
3851
3664
4078
3588
3928
3773
3722
4112
4243
4150
3994
3971
3712
3791
3824
4169
4077
3814
4019
4237
3834
4524
4288
4380
3892
3970
3988
4162
3938
4084
4258
3858
3659
4181
3893
3941
3670
3880
4258
3562
4169
4179
3709
3843
3916
3669
4238
3861
3942
4026
3525
3834
3858
3999
3750
3688
4036
3545
4060
3519
3974
3992
3841
3788
3599
3929
4038
3876
4240
3827
4068
4035
3998
3969
4317
4103
4114
4048
4082
4034
3625
4010
3752
4103
3944
4193
3889
4150
3962
3942
3891
4135
4184
3911
4025
3686
3685
4007
4093
3932
3954
3541
3955
3783
4064
4143
3981
3499
4024
3720
3957
3948
4163
3953
3928
4032
3491
3777
3933
4133
3863
3939
4095
3755
4106
3685
3826
3950
4116
4013
4327
4166
3887
4202
4369
3853
3931
3867
4270
3792
3606
3930
4188
3959
3637
3773
3854
4634
4096
4031
3900
3898
4441
4053
4155
3975
3969
3506
4041
4096
3735
3968
3797
4051
3861
3622
4057
3656
4152
4279
4220
3882
3315
3900
3873
4483
3795
3988
3977
4047
3911
4178
3622
3791
3858
3771
3729
3751
4154
3789
3845
4040
3692
3349
3877
3723
3458
4339
3723
4067
4034
3646
4033
3844
3955
3821
3796
4200
4161
4014
4036
3949
3643
3727
3678
3840
3947
3978
4019
4128
3712
4224
4148
4112
3965
3922
3984
3896
3902
4097
4205
3906
3759
3995
4084
3852
3636
3917
4107
3871
4047
3768
3934
3811
3785
3648
4313
3889
3952
3849
3904
3795
3624
4252
3903
3841
3929
3863
4302
3512
4004
4278
4008
4006
3835
3917
3882
3771
4434
4070
4287
4250
3870
4339
4372
4218
3952
4131
3925
4034
3502
4039
3882
4103
4225
4184
4095
4273
4013
4017
4157
3956
4206
4312
4157
3989
4032
4300
4082
4178
4118
3468
3927
3865
4083
4363
4180
3756
4310
4174
4144
3946
4129
4286
4172
3947
3606
3972
4000
4258
4085
4101
4254
3953
4431
3640
3464
4012
4290
4116
4521
4081
4106
4533
4283
3754
4032
3748
4283
4013
3848
4011
4549
3981
3647
3719
3910
4450
3960
4327
4114
4098
4320
4155
4110
4313
3916
3414
4181
4182
4317
4057
3945
4183
4070
4041
4031
3703
3954
4452
3973
4159
3678
3913
4124
4527
3804
3880
4081
4315
4070
4427
3828
3888
3976
4128
4101
3784
4447
3730
3940
4003
3915
3572
4073
4226
3679
4038
4094
4605
4216
3716
4219
4058
4054
3984
3802
4348
4129
3908
4136
4185
3760
3913
3734
4015
4120
4072
3730
4462
3698
4540
4255
4374
4046
4074
4300
4129
3865
4171
4300
3891
3765
4189
4123
4025
3714
4116
4258
4098
4323
4088
3916
3996
3952
3949
4340
3925
3948
4070
3810
3830
3660
4095
3845
3961
4199
3681
4454
3640
4004
4113
4220
4007
3838
4061
3924
3933
4361
3967
4685
4154
4228
4306
4597
4165
4082
3931
4082
4024
3814
4197
3627
4225
4144
4402
3842
4142
3710
3843
3818
4097
4316
4128
4100
3829
3885
4116
4078
4167
3984
3834
4095
4087
4081
4261
4165
3648
4298
3858
4159
4006
4083
4067
4382
4028
3638
3855
3967
4225
4022
4388
4101
3748
3984
3895
3882
3984
4402
4166
4327
3946
4005
4521
4440
3971
3972
3822
4479
4060
3936
3966
4576
4096
4238
3904
3772
4274
4221
4310
3994
3846
4670
4144
4236
4287
4022
3717
4281
4168
3988
3773
4113
4241
4132
3893
4056
4020
4030
4285
3903
4301
3463
3841
4064
4453
3970
3888
4107
4155
4111
4329
3794
4073
4202
4087
3902
3782
4330
4021
4140
3986
3839
3742
3808
4034
3829
4272
3990
4176
4151
3624
4190
3950
3753
3814
3942
4305
4156
4053
3899
4133
3692
3810
3759
3940
4195
4204
3955
4324
3673
4236
4317
4592
4052
3978
4210
4205
3990
4148
4260
3973
3642
4032
4183
4127
3924
3887
4255
4043
4385
3894
3792
3851
3833
3748
4413
3923
3964
4037
3783
3669
3931
4217
3889
3891
4005
3658
3998
3844
3996
4086
4069
4087
3757
4095
3979
3914
4557
3964
4330
4186
4259
4233
4492
4254
4008
3994
3947
4001
3901
4160
3711
4247
3891
4231
3979
4215
3890
3999
4136
4248
4233
3998
4099
3960
4027
4408
4103
4091
4031
3595
4071
3895
4064
4315
4236
3763
4291
4042
4101
4068
4187
4258
4406
3804
3708
3873
3916
4301
4340
4169
4192
3995
4105
3887
3751
4104
4394
4189
4621
3903
3858
4484
4295
3997
4288
3968
4398
4005
3704
3833
4465
3969
3749
3947
3874
4551
4268
4264
4041
4146
4608
4056
4272
4275
3898
3661
4265
4317
4062
4012
3820
4117
4108
3849
4022
3976
3929
4532
4203
4259
3883
3853
4062
4497
3855
3837
4041
4076
4196
4321
3734
4225
4223
4168
4036
3725
4398
3858
4139
4102
3967
3895
3825
4120
3838
4200
3911
4239
4034
3772
4268
3857
4105
3920
3855
4169
4163
4136
3907
4072
4138
3890
3829
4070
4076
4123
3811
4268
3794
4619
4357
4354
4126
3939
4129
4150
3907
4177
4324
4157
3581
4115
4278
3954
3823
3831
4421
3998
4198
3959
3716
3991
4078
3864
4469
3849
3968
4018
3958
3863
3787
4273
4188
4202
3896
3925
4373
3679
4188
4158
4092
4261
4003
4065
4085
4172
4488
3952
4464
4291
4213
4361
4563
4148
4078
3900
3965
3836
3686
4089
3666
4202
4078
4449
4026
4269
4097
4095
3903
4084
4426
4165
4149
3819
3834
4247
4016
4078
4089
3795
4017
3766
4124
4378
4241
3592
4414
4084
4150
3903
4040
4318
4379
4252
3825
4011
3853
4355
4091
4374
4119
3853
4363
3996
3756
3857
4310
4335
4276
4107
3820
4618
4389
3945
4048
3871
4362
3928
3808
4055
4372
4104
3808
3870
3939
4579
4304
4410
4236
3775
4559
4205
4437
4409
3952
3516
4109
4210
4276
3843
3940
4153
3885
3713
4100
3896
4165
4439
4048
4395
3532
3895
3943
4483
4024
3872
4114
4094
4266
4205
3815
4046
4148
4146
4000
3979
4454
3929
4237
4157
3946
3811
3848
4172
3874
4331
4120
4188
4130
3765
4162
3861
3843
3810
4233
4143
4115
4187
3876
3979
3649
3813
3835
3933
4192
4039
3823
4498
3639
4451
4454
4480
3949
4086
4139
3981
3955
4321
4491
3971
3904
4261
3989
4242
3876
4087
4581
4124
4229
4129
4014
4002
3847
3881
4303
4202
3982
4060
3766
3932
3876
4397
4090
4383
4227
4287
4486
3721
4293
4123
4285
4227
3952
4285
3987
4059
4602
4225
4486
4417
4415
4637
4567
4559
4372
4038
4320
4067
3758
4197
4158
4304
4177
4387
4137
4307
4135
4068
4094
4264
4466
4361
4119
3972
4258
4433
4131
4307
4119
3913
4312
3971
4357
4436
4569
3833
4618
4218
4326
4246
4346
4168
4446
4242
3871
3881
3993
4441
4403
4479
4466
3927
4393
4208
3871
4196
4610
4311
4681
4316
4030
4830
4527
3845
4282
4117
4550
4239
4032
4186
4706
4228
3869
4212
4243
4428
4367
4552
4364
4004
4513
4181
4370
4546
4097
3730
4277
4315
4249
4222
4036
4302
4398
4095
4144
4010
4205
4518
4290
4392
3832
4198
3988
4614
4104
3900
4080
4466
4295
4541
4105
4129
4140
4327
4034
3985
4788
3814
3975
4337
4106
3888
4054
4241
3984
4459
4347
4361
4114
3802
4365
4151
4313
4116
4057
4333
4315
4097
4193
4326
3935
3980
3957
4248
4255
4382
4071
4579
3984
4642
4560
4537
4208
4241
4161
4330
4339
4469
4704
4001
3786
4399
4240
4243
3804
3959
4501
4168
4233
4211
4055
4033
4187
4098
4368
3967
4231
4279
3950
3923
3985
4335
3735
3838
3720
3694
3821
3304
3795
3915
3723
3663
3723
3766
3722
3690
3977
3546
4016
3785
4014
3954
4044
3942
3709
3624
3980
3452
3657
3658
3586
3620
3770
4064
3801
4001
3657
3496
3556
3620
4183
4028
3692
3377
3485
3892
3821
3558
3709
3256
3738
3784
3933
4088
3665
3133
3768
3518
3968
3643
3798
3725
3835
3653
3444
3540
3857
4179
3758
3763
3956
3443
4120
3681
3621
3595
3894
3876
4015
3785
3959
4162
4010
3601
3922
3754
4214
3632
3812
3693
4323
3700
3322
3607
3836
4050
3968
4076
3895
3517
4264
3844
3791
3720
3552
3320
3928
3752
3707
3556
3629
3749
3676
3615
3709
3851
3705
4033
3795
3858
3482
3688
3706
4138
3398
3731
3738
3763
3801
3970
3507
3752
3789
3773
3763
3654
4150
3687
3757
3860
3712
3734
3558
3695
3582
4012
3772
4136
3654
3305
3679
3563
3885
3419
3386
3962
3854
3905
3892
4039
3688
3373
3577
3679
3887
3808
3632
4110
3522
4030
4025
4039
3825
3548
3841
3840
3630
3775
4133
3802
3401
3716
3798
3912
3684
3696
4157
3703
4262
3955
3496
3895
3603
3497
4025
3541
3686
3851
3546
3519
3451
3923
3955
4125
3857
4124
4380
3756
4005
4171
4033
4118
3837
4295
4200
4051
4190
4267
4322
4151
4248
4190
4555
4408
4213
3930
4064
4306
3783
4218
3802
4152
4080
4498
4168
4252
4091
3741
3934
4030
4293
4276
4277
3850
4126
4208
4212
4076
4179
3784
4306
3929
4393
4448
4396
3703
4466
4144
4140
4002
4210
4300
4346
4056
3912
3867
4236
4661
4140
4160
4345
4169
4225
3987
3851
4325
4580
4255
4153
4102
4238
4804
4271
4102
4163
3822
4429
4179
3947
3962
4494
4195
3747
4067
4059
4485
4077
4278
4232
4221
4637
4038
4216
4108
3848
3536
4412
4351
4131
3980
4037
4071
4305
3900
3999
3953
4103
4563
4075
4370
3600
3949
4122
4651
3864
3891
4122
4211
4159
4265
3776
4148
4220
4285
3964
3927
4354
4059
3992
4010
3906
3861
3820
4266
4029
4191
4053
4182
4041
3752
4125
4030
4183
4041
3960
4241
4221
4103
4007
4239
3796
3950
3868
4230
4076
4120
3863
4334
3893
4531
4388
4434
4152
4052
4326
4212
4028
4064
4353
4216
3726
4182
4312
4254
3942
3912
4334
4079
4248
4204
4065
3981
3930
4042
4391
3947
4365
3998
3889
3971
3941
4143
3539
3888
3973
3827
4154
3626
4029
4024
3796
3932
3731
3982
4065
3708
4127
3744
4166
3955
3938
4039
4149
4053
3882
4033
3899
3923
3779
3849
3845
3882
4211
4319
3785
4062
3993
3839
3743
3892
4227
3953
4118
3679
3943
3903
3937
3888
4025
3700
3852
3611
3978
4301
3996
3410
3983
3834
3918
4032
4084
3844
4118
4183
3528
3678
3996
4190
3953
4134
4111
3729
4173
3728
3901
3852
4063
3934
4287
3682
3831
4218
4181
3617
3712
3859
4185
3976
3654
3990
4267
4115
3792
3713
3924
4378
3929
4249
4007
3929
4298
4057
4031
4051
3678
3412
4282
3970
4001
4031
3640
4041
3864
3767
3898
3778
3810
4233
4213
4088
3661
3870
3865
4298
3783
3772
3801
4067
4025
4170
3710
3727
4068
3745
3715
3775
4161
3660
3958
3955
3721
3555
3644
3936
3645
4027
3785
4368
3698
3635
3869
3897
3959
3850
3652
4090
3997
3656
3861
3796
3625
3699
3903
3881
3917
3953
3838
4176
3927
4488
4064
4304
4028
3795
3874
3789
3753
3877
4025
3988
3624
4093
4091
3909
3655
3706
4115
4001
4100
3923
3936
3785
3808
3760
4107
3825
4079
3785
3843
3868
3749
4139
3982
3755
3633
3654
4163
3464
3981
4118
3786
3876
3779
4078
3937
4148
4237
3862
3969
4097
4052
4083
4121
4079
3764
3943
3950
3625
3705
3908
3827
3849
3950
4225
3893
3992
3625
3702
4010
3984
3996
4233
3994
3598
3738
3991
4017
3757
4010
3528
3702
3782
4079
3879
4183
3518
4002
3827
3943
3832
3934
3877
4157
3704
3569
3664
3969
4135
3893
4073
4217
3776
3852
3774
3599
3805
4306
4078
4063
4002
3666
4371
4172
3828
3884
3804
4247
3726
3626
3838
4139
4124
3671
3745
3636
4474
4166
4318
3822
4070
4405
3615
3879
3966
3924
3477
3999
4067
3869
3709
3730
3704
3664
3696
3731
3606
3810
4091
4050
4063
3642
3699
3979
4403
3735
3825
3882
3961
4031
4203
3717
4037
4106
4123
4039
3656
4146
3731
3674
3989
3527
3584
3338
3813
3860
4251
3729
4103
3806
3744
3980
3718
3834
3667
3775
4006
3804
3964
4127
3733
3470
3762
3636
3827
4051
4018
3832
4274
3589
4024
4145
4017
4079
3783
4094
3851
3688
4204
4157
3770
3506
3969
3975
4084
3883
4055
4124
3717
4035
3670
3666
3664
3467
3676
4008
3879
3828
3914
3597
3902
3495
4212
3888
3685
3893
3567
4017
3641
3890
3813
3781
3909
3741
3868
3846
3808
4123
3849
4131
3616
3921
4065
4203
3961
3964
3619
3904
3610
3456
4029
3676
3943
3768
4275
3784
3981
3566
3782
3653
3751
4011
3871
3808
3889
3649
3989
3922
3733
3845
3612
3915
3847
3973
4079
3888
3500
4109
3673
4032
3751
3767
3841
4229
3607
3373
3636
3757
4190
3846
4135
3987
3516
4088
3703
3646
3828
4037
3905
4180
3743
3857
4340
4163
3716
3736
3978
4175
3786
3507
3796
4266
3744
3674
3752
3733
4299
4122
3894
4031
3618
4447
3930
3843
3932
3691
3756
4163
4043
3942
3548
3737
3807
3879
3779
3999
3768
3773
3988
3823
4010
3607
3680
3733
3966
3473
3739
3945
4017
3757
4127
3481
3821
3877
3866
3707
3506
4115
3738
3901
3824
4020
3588
3660
3790
3845
4205
3722
4061
3664
3492
3898
3734
3843
3823
3671
3951
4021
3661
3798
4093
3673
3594
3575
3997
3881
3876
3581
3931
3554
4181
4122
4458
3914
3694
4008
4043
3672
3949
4037
4040
3494
3938
3962
3969
3624
3657
4218
3944
4042
3925
3814
3819
3792
3567
4178
3852
4046
3851
3710
3589
3756
3966
3757
3864
3677
3842
4349
3739
3947
4041
3717
3656
3678
4142
4025
3819
4239
3969
4123
3911
4057
4127
4263
3831
3806
3594
3915
3961
3581
3930
3369
4036
3689
4052
3679
4202
3913
3880
3717
3981
4089
4077
4150
3563
3609
3943
3801
4091
3835
3419
3720
3748
4056
4327
4077
3387
4174
3822
4190
3887
3863
4001
4094
3915
3540
3603
3929
4225
3993
4102
4107
3688
4140
3681
3697
3724
4066
3979
4111
3867
3647
4449
4338
3683
4006
3948
4400
3772
3754
3670
4140
3659
3637
3769
4030
4373
3988
3819
3907
3825
4452
3946
4087
3933
3689
3590
3927
3782
3824
3872
3817
3971
3658
3570
3890
3747
3775
4430
4044
4033
3496
3840
3912
4228
3647
3851
3981
4096
3950
3866
3413
3700
3860
4067
3710
3696
4120
3696
3747
4034
3713
3525
3652
3991
3532
4106
3920
4013
3807
3701
4019
3874
3810
3736
3894
3889
3942
4128
3906
3849
3662
3729
3838
3881
3986
3977
3861
4294
3784
4156
4192
4280
4142
3809
3847
4047
3787
4079
4219
3697
3456
4070
3832
4185
3614
3802
4269
3945
4433
4158
3766
3642
3698
3787
4244
3809
3760
3749
3779
3757
3951
4219
4004
4018
4047
3952
4400
3616
4120
4199
3958
4268
3842
4402
4299
3802
4332
3941
4558
4184
4379
4415
4446
4369
4177
4054
4208
4365
3895
4258
3959
4255
4096
4447
4076
4216
4180
4364
4032
4234
4321
4122
4265
3999
4330
4244
4084
4077
4078
3766
4308
3937
4342
4403
4450
3728
4320
3815
4029
4150
4273
4201
4487
3995
3643
3869
4153
4175
4253
4499
4364
3995
4255
3793
3876
4142
4507
4012
4433
4077
4063
4507
4486
4203
4191
3929
4689
4008
3818
4078
4393
3978
3740
3866
4011
5072
4213
4439
4232
4036
4622
4207
4476
4325
3852
3764
4247
4088
3872
4105
3899
4062
4021
3931
4291
4012
3948
4652
4198
4476
3754
3811
4123
4479
3979
4027
4283
4225
4091
4382
3779
3741
3968
3931
4281
3793
4423
3931
4178
4359
3831
3774
3895
4129
3761
4323
3957
4475
3968
4130
4071
4009
4142
4148
3750
4250
4511
4324
4326
4216
3868
3787
3786
4281
4274
4168
4049
4464
4032
4376
4391
4702
4358
3889
4302
4429
4174
4188
4318
4158
3742
4235
4239
4049
4091
4054
4299
4102
4683
4094
3925
3940
3971
3926
4668
4112
4164
4203
4055
4242
4001
4335
3976
3714
4021
3699
4224
3309
3799
3958
3684
3985
3429
3972
3760
3895
3945
3593
4131
3948
3903
4310
4117
4003
3967
3716
3818
3845
3664
4199
3605
3912
3921
4164
3867
4063
3622
3902
3621
3755
4130
4004
4041
3550
3704
3939
4084
3993
3881
3472
3876
3846
4098
4070
3829
3453
4151
3723
4103
3773
3735
4017
4017
3854
3559
3534
3953
4109
3992
4260
3940
3774
4089
3799
3673
3743
4215
4010
4163
3936
3835
4434
4147
3808
3852
3776
4322
3845
3634
3844
4102
3766
3634
3836
3719
4184
3830
3935
3987
3698
4472
3851
3902
4157
3838
3637
3946
3695
3899
3639
3846
3975
3802
3667
3949
3715
3666
3981
3907
4083
3577
3945
4030
4177
3604
3682
3943
4045
3771
4008
3597
3902
3864
3913
3940
3656
4319
3797
3950
3839
3741
3542
3775
3923
3605
4162
3849
4101
3720
3798
3822
3838
3743
3594
3645
4028
4018
3746
3808
3888
3595
3812
3699
3957
4132
3836
3414
4072
3622
4070
4160
4389
3913
3635
3842
3959
3629
4200
4066
3821
3537
4310
3997
4004
3768
3793
4248
3847
4119
3951
3916
3666
3737
3711
4271
3909
3898
3911
3419
3596
3642
4136
3799
3849
3907
3839
4356
3655
3965
4075
4050
3915
4052
4104
4201
3984
4446
3836
4387
4221
4366
4262
4181
4330
4082
3962
4103
3956
3651
4234
3836
4134
4023
4418
3900
3986
3750
4008
3701
4177
4281
4080
4108
3523
3921
4098
3992
3734
3953
3567
4164
3948
4104
4255
4193
3552
4369
4005
4212
3875
3933
4027
4243
3958
3535
3547
3941
4489
3948
4372
4126
3895
4346
3923
3696
3803
4336
4069
4234
3817
3951
4689
4191
3960
3984
3791
4452
4054
3958
3965
4243
3888
3891
3921
3869
4456
4227
4096
4026
3888
4534
3872
4142
4172
3964
3906
4205
4039
3905
3800
3847
4040
4031
3747
3881
3671
3813
4365
4094
4194
3784
3932
3802
4411
3614
3844
4025
4233
4044
4283
3660
3925
4028
4009
4045
3943
4587
4042
4059
4111
3785
3813
3891
3968
3760
4295
3967
4202
3824
3726
4104
3864
4107
3558
3931
4108
4049
4103
4124
4258
3911
3755
3728
3920
4134
3985
3847
4155
3941
4227
4326
4411
4055
3847
3886
4279
3941
4156
4250
4095
3876
4265
4157
4266
3962
3787
4228
4094
4257
3901
4050
3988
3682
3850
4254
3873
3841
4227
3795
3673
3831
4417
3843
3756
3753
3880
4339
3526
4202
4441
3823
3957
3616
4277
3905
3865
4254
3978
4243
4187
3951
4257
4221
4228
3850
3926
4041
4047
3921
4121
3720
3930
3943
4197
3984
4229
3662
3835
4069
4147
4288
4133
4049
3952
3928
4183
4180
4220
4108
3625
4036
3979
4186
4155
4570
3690
4108
4127
4362
4149
4281
4172
4258
3925
3626
3679
4106
4216
4062
4414
4284
3839
4084
3907
3738
4016
4246
4349
4215
4085
3742
4513
4322
3914
3992
3850
4287
4097
3624
4094
4204
4110
3679
3810
3853
4481
4039
4373
4197
3957
4406
4131
4033
4336
3984
3495
4265
4066
3867
4085
3964
3958
3759
3833
3898
3658
4206
4408
4005
4061
3673
3739
4294
4447
3928
3836
3841
4154
4196
4447
3684
3972
4088
4217
3981
3801
4186
3919
3614
3775
3692
3707
3576
4000
3845
4248
3905
4185
3804
3806
4115
3756
3842
4162
3913
4182
4263
3967
4161
4240
3556
4066
3759
4145
4049
4144
3986
4159
3692
4193
4214
4266
3989
3883
4342
4113
3990
4072
4038
3940
3762
4231
4145
4053
3888
4067
4010
3787
4254
3953
3865
3942
3844
4035
4113
3989
4130
4117
3633
3902
3690
4151
4017
3833
3917
3715
4098
3561
3997
3877
3727
4010
3711
3959
4014
3898
4209
3733
4051
4148
4167
4033
4324
3859
3940
3781
4066
3942
3962
3815
3682
4078
3830
4366
3829
4138
3882
3931
3702
4049
4187
4048
4105
3633
3802
4077
3983
4192
4143
3713
4025
3979
4032
4124
4189
3596
4166
3916
4115
3848
4156
4060
4222
3709
3692
3710
4108
4377
4151
4235
4394
3788
4228
3813
3696
3845
4297
4050
4220
3932
4132
4397
4151
3810
3861
3683
4417
4151
3633
4194
4301
3815
3560
3657
3746
4335
4031
4094
4115
3830
4509
3929
4154
4125
3945
3553
4028
4123
3969
3891
3710
4005
4034
3835
3978
3963
3883
4122
4127
4074
3827
3835
3793
4549
3828
3901
4311
3916
4014
4143
3803
3949
4034
4033
3947
3998
4210
3695
4006
4162
3657
3799
3610
4201
3687
4243
3855
4107
3840
4004
3911
3772
3620
3907
3561
4076
4182
4111
3876
4112
3790
3935
3835
4086
3871
3903
3874
4318
3838
4440
4176
4408
4119
3970
3763
4035
3960
4064
4048
4059
3541
4001
3983
4069
3902
3773
4438
3803
4137
3974
3854
3841
4090
3677
4176
3933
4085
3971
3827
3831
3914
4014
3742
3871
3999
3661
4163
3497
3811
4019
3949
4012
3631
3918
3856
3989
4321
3731
3975
4041
4009
4120
4059
4095
3965
3569
4043
3771
3717
3897
3722
4007
3933
4058
3775
4112
3600
3797
3682
4017
4401
4058
4011
3597
3870
4089
3738
3868
3870
3620
3996
3695
4027
4371
3995
3384
4084
3892
3979
3924
4019
3925
4218
3907
3403
3743
4026
4246
3983
4209
4026
3771
4239
3868
3406
3774
4354
3801
4337
3755
4060
4466
4448
3835
4027
3724
4154
3693
3942
3963
4199
3943
3763
3583
3768
4264
3929
4028
3944
3788
4433
3944
4101
4338
3788
3586
4231
4080
3836
3807
3568
3942
3822
3910
3761
3888
3974
4215
3720
4020
3380
3992
3629
4127
3553
3665
3710
4285
4089
4080
3639
3799
3940
3651
3818
3663
4125
3642
4097
3905
3825
3645
3770
3999
3804
4141
3952
4073
3804
3903
3884
3802
3855
3736
3741
4244
3712
3957
3931
3803
3584
3724
3542
3752
3863
3958
3690
4269
3857
4108
4044
4419
4038
3793
3974
4178
3897
4065
4304
3802
3513
3975
3874
3979
3647
3767
4357
3748
3673
4123
3951
3733
3679
4031
4336
3867
3877
4046
3802
3665
3771
4011
3938
3734
3685
3756
4094
3293
4005
3778
3773
3741
3354
3902
3853
3749
4178
3479
3984
3767
3734
4019
4155
3936
3821
3703
3972
3803
3322
3868
3700
3755
3813
4075
3774
3957
3705
3551
3668
3927
4086
3988
3950
3702
3723
4039
3996
3853
3910
3491
3910
3537
3955
3912
4135
3345
4139
3605
3853
3659
3893
3888
4135
3821
3505
3466
3924
4002
3965
3957
3758
3756
3821
3598
3605
3708
4321
3915
4314
3761
3695
4127
4098
3839
3923
3608
4218
3986
3549
3673
4195
3644
3565
3618
3430
4253
3824
3909
3972
3472
4289
3703
4021
3963
3703
3460
3952
3955
3928
3818
3537
3875
3741
3640
3792
3651
3707
4175
3713
4012
3366
3946
3908
4201
3507
3405
3710
3864
3686
3882
3778
3801
3878
3599
3790
3748
4022
3680
3800
3772
3672
3201
3562
3927
3452
4158
3810
4030
3583
3716
3776
3615
3907
3758
3660
4052
3904
3785
3941
3876
3307
3559
3598
3766
3953
3864
3497
4044
3437
4083
3969
4250
3969
3735
4064
3912
3719
3888
4112
3635
3249
4012
3911
3734
3554
3844
3972
3583
3936
3946
3725
3723
3741
3689
4223
3800
3732
3873
3505
3503
3527
3842
3465
3873
3835
3796
4282
3431
4001
3918
3797
3854
3295
3910
3883
3704
3897
3876
4209
3824
3826
3763
3990
3844
3947
3397
3842
4065
3482
3968
3514
3809
3911
4032
3628
3884
3688
3675
3659
3900
3962
3970
4105
3803
3756
4048
3952
3954
3686
3428
3929
3894
3881
3975
3763
3408
4055
3765
3843
3762
3533
3899
4242
3865
3665
3498
3837
4073
3921
4036
3758
3602
3882
3604
3627
3673
4146
3859
4257
3691
3823
4268
4187
3865
3839
3783
4224
3824
3689
3880
4183
3624
3656
3634
3674
4144
3983
4158
3973
3581
4236
3602
4077
3963
3658
3471
3885
3606
3706
3680
3831
3980
3755
3710
3941
3751
3476
4126
3645
4138
3374
3648
3894
4033
3680
3942
3861
3888
3679
3870
3545
3666
3838
3791
3681
3657
4261
3774
3791
3800
3799
3473
3551
3658
3707
4074
3751
4199
3765
3805
3823
3919
3594
3711
3724
4106
3990
3798
3735
3927
3576
3577
3591
3826
3909
3620
3699
4094
3693
4019
4101
4180
3954
3660
3817
3983
3710
4004
4044
3706
3283
4110
3872
3848
3643
3929
4057
3776
4136
3822
3658
3445
3657
3541
3921
3868
3678
3703
3243
3517
3891
3855
tempo: 0.015201