200 200
4097
3944
3940
3841
4354
3866
4117
4281
4153
4073
3901
4036
3922
3940
4288
4089
4295
4335
4299
4302
4597
4313
4064
4079
4128
4070
3819
4263
3868
4191
4206
4650
4367
4371
3845
3848
3892
4123
4403
4229
4213
3943
4050
4371
4346
4152
4053
3644
3911
4032
4403
4310
4426
3760
4293
4092
4329
4119
4389
4196
4331
4162
3631
3981
4194
4458
4348
4152
4459
4000
4202
4011
3795
4108
4369
4347
4470
3917
3996
4796
4556
4057
4263
3914
4487
4018
3948
3853
4426
4330
3788
4029
4033
4514
4169
4467
4130
3991
4654
4066
4023
4309
4154
3845
4289
4301
4271
3962
3850
4164
4055
3912
3906
3953
4210
4354
4215
4361
3723
3830
4440
4510
4123
4280
4093
4134
4158
4351
3757
4257
4330
4213
3977
3922
4612
4112
3894
4118
4184
3794
3806
4233
3990
4057
3924
4344
3905
3808
4415
4012
4037
3669
3857
4397
4155
4171
3807
3940
3786
3956
3886
4197
4224
4360
4014
4289
3812
4591
4432
4434
4329
3835
4208
4142
3872
4260
4251
4051
3705
4161
4208
4204
3883
3987
4331
4195
4453
4174
4090
3977
3931
3804
4427
3859
4219
4236
3790
3730
4086
4473
4158
4127
4235
4186
4511
3755
4199
4355
4191
4293
4033
4346
4428
4521
4537
4100
4555
4363
4529
4228
4576
4212
4185
4187
4372
4344
3621
4395
3998
4351
4429
4702
4273
4206
3999
4164
4399
4183
4523
4568
4255
4265
4080
4594
4519
4244
4043
3745
4343
4076
4348
4452
4623
3776
4313
4207
4374
4125
4448
4369
4567
4194
3978
4015
4247
4294
4504
4417
4401
4033
4502
4036
4008
4061
4749
4332
4482
4522
4347
4764
4551
4253
4354
4076
4709
4330
4058
4210
4605
4217
4077
4051
4180
4877
4508
4449
4559
4114
4866
4175
4363
4410
4145
3782
4390
4407
4199
4269
4116
4392
4221
3886
4259
3910
4149
4697
4280
4313
3779
4098
4449
4621
3931
4147
4298
4319
4365
4353
4180
4346
4146
4329
4290
4395
4818
4162
4148
4372
3991
4067
4047
4439
4022
4670
4253
4487
4176
4006
4254
4184
4091
3934
4220
4451
4409
4518
4278
4492
3959
4147
4123
4112
4559
4143
4312
4518
3888
4299
4701
4826
4256
4192
4371
4358
4063
4439
4570
4126
3994
4266
4603
4194
4089
4269
4583
4022
4407
4105
3980
4263
4127
4142
4500
4150
4384
4272
3898
4180
3872
4561
4035
4001
3951
3715
4270
3702
4211
4031
3584
3953
3632
4028
4033
3860
4450
4013
4318
4148
4254
4268
4258
4180
4163
4003
4150
3997
3885
4237
3723
4148
4080
4529
3850
4264
3605
4093
4069
3980
4215
4177
4029
4082
4083
4218
4197
3963
3922
3603
4252
3884
4193
4351
4241
3573
4280
4105
4147
3820
4106
4081
4259
4061
3543
3791
4096
4281
4183
4283
4246
4152
4348
4003
3618
3787
4316
4065
4377
3886
3848
4511
4163
4037
4176
3862
4251
4040
3853
3752
4311
4124
3848
3735
4084
4495
4086
4311
4109
3920
4484
4089
3919
4016
3850
3623
4200
4050
4167
3926
3802
3962
4021
3742
3818
3937
4072
4337
4100
4287
3714
3974
4018
4346
3837
3753
4021
4264
3965
4435
3852
3855
4120
4174
4024
3815
4257
3845
3996
4110
3792
3810
3666
4002
3839
4432
3995
4463
3872
3584
4084
3698
3948
4002
4038
4107
4391
4024
4047
4167
3759
4125
3719
4201
4219
4002
3809
4220
3587
4345
4428
4397
4047
3878
4123
4127
3851
4131
4432
4088
3817
4248
3983
4005
3844
4134
4354
4053
4331
4062
3931
3914
3787
3819
4291
3886
3802
4120
3669
3783
3592
4439
4037
4307
4075
4010
4516
3810
4238
4286
3903
4252
4038
4191
4272
3889
4481
4023
4320
4344
4239
4283
4524
4168
4347
4236
4236
3996
3937
4115
3918
4204
4086
4506
4150
4292
4150
4152
4224
4107
4254
4281
4157
4135
3894
4317
4073
4412
4027
3762
4205
4010
4199
4451
4380
3539
4488
4191
4292
4368
4275
4215
4439
4111
3943
4002
4153
4500
4279
4348
4206
3688
4184
4064
3866
4009
4244
4439
4543
4046
3964
4664
4503
4021
4234
3900
4480
4226
3853
4271
4605
4133
3795
3652
4009
4706
4327
4240
4444
4079
4545
3898
4365
4486
4222
3681
4216
4209
4171
3866
4013
4219
4045
3996
4195
4035
3884
4331
4112
4209
3676
4083
3994
4444
3697
3966
4365
4249
4099
4346
3933
4025
4157
4307
4211
3966
4567
3962
4337
4240
4011
3759
4094
4018
4000
4436
4137
4327
4081
3868
4434
4062
4063
3969
3860
4303
4080
4005
4143
4222
4054
3814
3891
4239
3984
4103
4071
4663
3792
4484
4460
4557
3948
3910
4082
4288
4205
4286
4478
4093
3719
3986
4162
4183
4081
3982
4253
3991
4267
4050
3967
3847
3968
3733
4542
4144
4057
4165
3853
4031
3991
4402
3844
3903
3914
3672
4120
3446
3924
3950
3982
4010
3828
4004
4104
3878
4358
4035
4182
4176
4195
4273
4370
4076
4077
3783
3958
3883
3734
3901
3592
4096
3719
4322
3991
4025
3938
4052
3779
4029
4201
4219
4059
3801
3960
4095
3938
4071
3894
3525
3874
3868
4021
4228
4055
3403
4085
3929
3962
3794
3877
3993
4163
3872
3700
3706
3954
4083
4122
4137
4054
3944
4219
3644
3527
3783
4227
4160
4129
3817
3996
4450
4134
3941
3759
3988
4376
3896
3894
3909
4286
3860
3728
3693
3855
4477
4189
4036
3951
3774
4473
3988
4191
4040
3851
3644
3951
4047
4053
3840
3783
4042
3887
3839
3809
3663
3867
4408
3817
4084
3499
3910
3763
4259
3823
3825
4032
3740
3916
4313
3584
3808
3831
4110
3956
3705
4198
3690
3749
4142
3679
3689
3803
4056
3667
4195
3805
4266
3897
3736
4042
3765
3729
3823
3873
4167
4185
4017
4007
3905
3866
3958
3834
3897
4027
3836
3905
4346
3717
4146
4296
4273
3883
3899
3963
4053
3996
4112
4514
3917
3616
4004
4144
3891
3890
3718
4257
3732
4372
3936
3688
3748
3605
3854
4104
4082
3914
4023
3939
3854
3780
4111
4062
3883
4027
4098
4342
3755
4020
4294
4029
4193
4029
4288
4037
3983
4337
3819
4296
4090
4243
4056
4218
4169
3763
3924
3919
3969
3905
4071
3810
4074
4237
4300
4139
4151
3954
3910
3957
4042
4413
4155
4156
3912
4174
4100
4252
4241
4131
3590
3857
3937
4254
4182
4164
3705
4260
4055
4343
3903
4173
4422
4339
3896
3574
3938
4261
4278
4210
4350
4304
3888
4399
3930
3808
4038
4479
4168
4539
4076
3837
4586
4340
4244
4033
3875
4533
4104
3765
4198
4503
4113
3912
3868
3784
4531
4271
4312
4175
3929
4633
4058
3975
4474
3802
3812
4457
4174
4011
4095
3876
3990
3965
3890
3948
3834
3987
4246
4005
4135
3600
4025
3985
4640
3725
4052
3968
4230
3955
4266
3712
4241
4182
4210
4171
3767
4463
4015
4018
4051
3994
3879
3832
4206
3991
4291
3914
4190
3910
3672
4149
3995
3878
3788
4018
4450
4073
4002
4072
4058
3696
3846
3798
4022
4092
4132
3830
4435
4084
4376
4215
4619
4074
4008
4137
4006
3868
4280
4230
4081
3795
4063
4204
3997
3974
3895
4414
4051
4227
4116
3982
3971
3757
3879
4471
4013
4222
4154
3836
3839
3790
4254
3729
3932
3842
3662
4032
3417
3799
3916
4051
3901
3662
3895
3853
3733
4244
3766
4173
4044
4009
4080
4263
3917
3863
3615
3783
3827
3653
3978
3461
3877
3945
4043
3936
3931
3502
3863
3740
3919
4167
3932
4100
3699
3952
3999
4087
4110
3782
3704
3910
3947
3968
4289
3873
3507
4083
3843
4191
3907
3879
4060
4166
4105
3289
3665
3881
4111
3887
3946
3937
3661
3957
3795
3661
3906
4120
4176
4169
3659
3959
4424
4101
4001
4029
3639
4287
3858
3808
3778
4050
3894
3894
3694
3510
4262
4028
4170
3930
3918
4387
3946
3870
4311
3830
3498
4255
3884
3711
3515
3671
3797
3890
3603
3734
3781
3748
4129
3862
4306
3382
3557
3875
4116
3872
3623
3850
4177
3979
4282
3469
3832
3963
3924
4015
3547
4061
3788
3901
3862
3827
3528
3740
3936
3901
3969
3766
4019
3723
3607
3692
3859
3913
3497
3558
4044
3919
3674
3707
3971
3566
3889
3741
3888
4139
3989
3761
4051
3797
4279
4090
4119
3848
3775
4040
3890
3547
4182
4074
3872
3607
3884
4010
3965
3771
3820
4209
3984
4211
3957
3719
3819
3583
3712
4120
3884
3803
4083
3764
3700
3719
4096
4030
3995
4022
3940
4327
3905
4208
4495
3718
4112
3848
4185
3998
3999
4583
3887
4254
4253
4073
4260
4360
4206
3839
3828
4002
3897
3854
4148
3861
3904
4281
4465
4060
4326
3979
4183
4093
3982
4329
4255
4382
3982
3985
4347
4150
4204
4166
3499
3945
4068
4282
4337
4389
3634
4268
4190
4305
4116
4303
4015
4233
4054
3721
3968
4326
4409
4275
4138
4161
3993
4219
4041
3692
4251
4375
4314
4588
4138
3852
4669
4352
3877
4054
3742
4351
4022
3795
3962
4205
4101
3861
4031
3880
4599
4376
4276
4213
4129
4636
4147
3981
4268
3952
3757
4344
4290
4226
3939
3886
4184
3911
3847
3989
3934
4042
4398
4081
4436
3794
3914
4239
4537
3843
3921
4105
4421
4357
4357
3896
4177
4201
4214
3951
3930
4230
3739
4008
3957
3768
3858
3879
4183
3892
4148
3920
4603
3930
3906
4234
3939
3829
3821
3914
4355
4110
4137
4295
4056
3621
4006
3718
3929
4327
4196
3907
4336
4090
4431
4565
4561
4353
3850
4180
4052
3789
4351
4474
3942
3531
4297
4265
4406
3855
4006
4383
3977
4106
4334
3901
4073
3980
3927
4122
3803
4050
4136
3834
3911
3760
4159
4029
3959
3964
3942
4422
3565
3927
4239
3984
4118
3820
4189
4112
3951
4422
4021
4358
4327
4228
4493
4411
4301
4090
3907
4265
3991
3884
4366
3815
4163
4165
4348
4080
4373
3986
4136
4091
4169
4277
4483
4022
3820
3920
4301
4082
4301
4143
3717
3980
4129
4039
4359
4136
3504
4133
4058
4110
4157
4141
4065
4356
4063
3879
3800
4202
4369
4366
4297
4391
4024
4467
3960
3705
4028
4385
4202
4377
3977
4112
4687
4266
3851
4169
3907
4439
4076
4075
4218
4352
4056
3829
3890
4070
4468
4258
4243
4174
4025
4557
4110
4253
4116
4057
3741
4184
4398
4179
3996
4066
4225
4025
3926
3987
4143
4042
4348
4075
4275
3848
3870
4061
4372
3889
4074
4053
4209
4124
4349
3791
4138
4092
4243
4124
3941
4553
3761
3933
4139
3837
3963
3697
4121
3777
4176
4067
4354
3895
4109
4119
4016
3965
4075
3750
4106
4307
4035
4172
4172
3942
4106
3856
4196
4224
3984
4102
4454
3818
4540
4613
4365
4335
4026
4263
3982
3829
4375
4364
3976
3761
4196
4079
4345
3792
4037
4324
4047
4270
4146
3673
3978
3867
4005
4389
3963
4170
4077
3942
3933
3817
4366
3860
3897
3973
3916
4285
3662
4126
4124
4095
4072
3799
4007
4107
3817
4405
4191
4376
4183
4234
4207
4180
4209
3921
3848
3926
3938
3694
4022
3805
4130
3881
4393
4232
4270
3790
3932
4003
4052
4323
4077
4133
4091
3805
4305
3959
4082
3950
3810
3965
4019
4035
4283
4066
3728
4149
4076
4319
4113
3937
4270
4146
3842
3652
3680
4066
4410
4222
4360
4202
3888
4188
3735
3827
3955
4154
4302
4650
3876
3876
4519
4124
3813
3922
3836
4273
3964
3829
3929
4327
3904
3893
3870
3855
4472
4129
4219
4270
3976
4467
4031
4038
4302
3748
3850
4248
4260
4029
3958
3816
4208
4077
3657
3867
3784
4047
4154
4087
4187
3622
3862
4066
4297
3923
4050
4055
4217
3903
4481
3696
3918
4310
4148
4085
3696
4342
3727
4147
4013
4083
3745
3915
3977
3816
4323
4002
4328
3735
3726
4043
4015
3995
3834
3970
4325
4104
3892
3907
3912
3635
3703
3958
3895
3987
4192
4079
4353
3939
4441
4368
4298
4001
4001
3896
4190
3802
4311
4412
3871
3739
4115
4225
4211
3917
3871
4288
3927
4350
4044
3889
3640
3853
3799
4035
4101
4027
4201
3742
3966
3983
4143
3815
4084
3903
3896
4401
3757
4056
4126
3895
3960
3633
4373
4010
3801
4367
4000
4185
4328
4092
4139
4142
4145
3930
3851
3905
3943
3591
4019
3580
4000
4061
4447
4155
3966
3760
3793
3847
4068
4332
4115
4140
3887
3904
4293
4064
4109
3909
3578
4197
3907
4135
4158
4316
3498
3978
4021
4005
4092
4121
4144
4128
3954
3519
3709
4108
4053
4033
4105
4099
3843
4313
3833
3781
3993
4270
4031
4387
3951
3930
4587
4347
3879
4031
3934
4282
3965
3830
4047
4293
3916
3863
3941
3873
4584
4094
4167
4134
3814
4550
4012
4040
4143
3695
3461
4237
4161
3954
4144
3757
4034
3967
3757
3939
3728
3917
4270
4027
4112
3520
3914
3988
4616
3842
3834
3989
4162
4016
4230
3866
3843
3896
4042
3924
3852
4095
3674
3878
4209
3846
3714
3924
4006
3757
4401
3910
4369
3785
3578
4118
3827
3931
3869
4020
4021
4232
4169
3746
4086
3636
3819
3798
3980
4116
4009
3870
4097
3937
4304
4398
4564
3959
3989
4036
4242
3948
4239
4194
3936
3705
3919
3830
4053
3709
3975
4351
4017
4190
4133
3682
3977
3749
3642
4217
4012
3819
4085
3734
3971
3841
4117
3784
3902
3864
3850
4136
3622
3929
4005
4018
3918
3616
4142
3950
3814
4461
4041
4312
4109
4033
4163
4255
4260
4099
3831
4071
4163
3421
4064
3823
3997
4008
4268
3751
4179
3819
3922
4005
3953
3990
4236
4299
3682
3843
3959
3782
3997
3911
3744
3940
3888
4301
4229
4428
3496
4155
3950
4002
3799
3845
3979
4207
4059
3475
3718
3765
4191
3875
4146
4118
4097
4241
3553
3666
3958
4532
4077
4140
3961
4079
4367
4316
3714
4054
3883
4227
3920
3878
3956
4301
3803
3646
3906
3725
4494
4002
4350
3978
4003
4446
4113
4154
4147
4017
3741
3999
3937
3842
3867
3751
4221
3942
3903
3906
3770
3884
4363
4069
4201
3473
3637
4167
4346
3769
3703
4031
4244
4213
4178
3579
3667
3796
3902
3835
3783
4306
3728
3848
3880
3941
3573
3881
3968
3674
4089
3878
4196
3953
3738
3999
3764
3973
3638
3593
4280
3901
4110
3989
4097
3686
3882
3701
3894
4050
4084
3784
4138
3811
4198
4080
4236
4095
3786
4265
3939
3716
4096
4372
3746
3528
4176
3962
4093
3697
4022
4213
3699
4218
3889
3845
3649
3702
3877
3979
4174
4004
3973
3757
3736
3739
3906
4213
3631
3800
3945
4555
3812
4114
4248
4234
4211
4194
4380
4389
4177
4582
3996
4420
4214
4299
4395
4361
4193
4025
4113
4232
4146
3874
4189
3870
4322
4049
4447
4229
4357
4073
4065
4124
4146
4573
4407
4252
4184
3909
4501
4113
4289
4180
3506
4309
4129
4409
4360
4412
3848
4308
4257
4414
4183
4387
4173
4429
4087
3799
4158
4139
4345
4411
4057
4573
3889
4344
3947
3720
4045
4333
4419
4588
4302
4271
4729
4326
3867
4392
4027
4628
4070
4007
4194
4505
4317
3824
3897
4184
4698
4319
4411
4432
4127
4780
4163
4226
4418
3868
3656
4277
4208
4149
4223
3931
4315
4206
4176
4046
4073
4292
4490
4300
4235
3856
4027
4198
4603
3964
4240
4236
4151
4169
4388
4031
4268
4280
4323
4292
3811
4607
3674
4127
4379
3924
3897
4086
4142
4049
4412
4191
4601
4032
4145
4211
3928
4063
3939
4222
4300
4537
4248
4174
4084
4056
3910
3977
4077
4244
4071
3982
4506
4019
4388
4565
4620
4195
4059
4167
4423
4271
4322
4475
4040
3628
4078
4420
4316
3921
4125
4459
4005
4539
4315
4087
4181
3953
3757
4301
4162
4056
4268
3986
3996
4247
4477
3831
3601
3724
3757
4071
3416
3897
3926
3630
4067
3724
3942
3874
3844
4271
3832
4094
3992
3971
4099
4276
3997
3768
3912
3926
3823
3686
3892
3741
3868
3880
4063
3686
4301
3756
4025
3772
3906
4069
4067
4026
3696
3782
4004
3701
3988
4079
3760
3837
3841
4018
4139
4025
3309
4100
4045
4153
3805
4012
4177
4041
3977
3561
3731
3907
4381
3890
4186
4433
3811
4104
3766
3608
3927
4140
4022
4087
3711
3891
4308
4009
3661
4090
3779
4003
3843
3695
3810
4234
3818
3569
3718
4008
4335
3894
4066
4148
3951
4277
3789
3972
4012
3874
3419
3860
3942
4148
3700
3618
3907
3889
3635
3777
3597
3974
4155
3965
4032
3604
3827
3830
4197
3668
3598
4204
4071
3920
4285
3712
3701
3905
3879
4082
3882
4120
3793
3836
3903
3733
3823
3739
4029
3555
4059
3863
4287
3697
3816
3727
3848
3737
3895
3636
4110
4046
4092
4097
4076
3691
3743
3828
4074
3904
4044
3718
4277
3591
4161
4137
4269
3770
3718
3840
3923
3606
3999
4172
3869
3652
3943
3966
3968
3856
3811
4265
3953
4134
3858
3754
3776
3772
3866
4027
3864
3914
3837
3585
3783
3632
4028
3908
3929
3893
3836
4346
3752
4156
4310
4218
4063
3836
4091
3984
3985
4446
4088
4490
4157
4186
4162
4432
3976
4025
4056
4253
4073
4104
4319
3869
4158
4334
4351
4041
4479
3762
4258
3878
4302
4328
4367
4283
4081
4246
4400
4141
4361
4246
3925
4083
3979
4077
4363
4227
3694
4420
4121
4440
4039
3891
4438
4350
3958
3678
3775
4043
4588
4339
4421
4555
4003
4375
3863
3806
4032
4422
4227
4380
3925
4449
4752
4065
4053
3953
4121
4432
4077
3861
4252
4449
4160
3890
3951
3970
4555
4440
4366
4228
4072
4362
4292
4293
4543
3976
3903
4350
4248
4207
3972
4111
4189
4012
3870
3995
3911
4006
4695
4088
4381
3748
3831
4213
4499
3855
3906
4072
4531
4069
4348
3732
4086
4213
4435
4182
3889
4487
3996
3936
4260
4123
4085
3841
4258
4167
4351
4194
4211
3818
3963
4124
4073
4032
4138
4055
4239
4395
4069
4052
4090
3822
4092
4065
4172
4140
4292
4100
4249
4051
4708
4653
4195
4084
4264
4359
4182
3947
4162
4527
4139
3773
4253
4522
4260
3945
4097
4498
4299
4409
3996
4020
3768
4168
4059
4297
4129
4251
4166
3897
4012
4002
4456
3661
3646
3697
3806
3819
3332
3762
3920
3738
3959
3533
3998
3743
3640
4300
3716
4121
3787
3841
4230
4067
4157
3930
3905
3999
3601
3626
4039
3735
3878
3765
4202
3924
4052
3555
3793
3923
3861
4057
4009
3821
3760
3782
3990
3959
3841
3714
3534
3935
3755
4030
4014
4144
3426
4170
3778
3928
3857
3960
3863
4221
3927
3633
3473
3797
4130
4146
4089
4120
3811
4041
3602
3631
3934
4267
4079
4145
3858
3675
4154
4211
3473
3839
3782
4266
3750
3680
3794
4275
4103
3471
3815
3605
4272
3832
4212
3736
3724
4113
3784
3958
4038
3785
3465
4101
3979
3712
3589
3662
3821
3825
3620
3843
3649
3766
4035
3645
3974
3352
3478
3903
4107
3863
3669
3780
4061
4073
4196
3833
3715
3843
3852
3911
3599
4062
3803
3565
3915
3635
3605
3486
3991
3817
3832
3844
3897
3677
3653
3905
3567
3728
3791
3556
3939
3998
3902
3816
3903
3641
3754
3684
3919
3942
3936
3754
4288
3603
4161
4003
4259
4167
3596
4107
3737
3729
3864
3965
3787
3591
4019
3744
3962
3649
3777
4025
3504
4008
3767
3724
3500
3620
3764
4235
3709
3858
3962
3580
3754
3680
4161
4391
4069
4338
3987
4725
3704
4426
4545
4081
4238
4024
4355
4316
4312
4764
4196
4603
4193
4474
4526
4505
4500
4068
4239
4365
4149
3799
4420
4063
4463
4219
4546
4313
4457
3918
4094
4241
4275
4778
4530
4494
4174
4229
4367
4366
4287
4135
3839
4347
4193
4415
4575
4425
3970
4410
4195
4455
4240
4598
4447
4720
4389
3969
3971
4471
4413
4147
4678
4486
4151
4540
4049
3801
4167
4574
4568
4594
4198
4258
4997
4459
4103
4320
4219
4561
4357
3969
4175
4672
4161
4026
3842
3924
4764
4343
4275
4319
4128
4683
4074
4430
4410
4395
4181
4557
4298
4307
4193
4306
4195
4044
4111
4153
4011
4160
4539
4295
4531
3949
4351
4446
4642
3987
4068
4136
4532
4116
4482
4009
4201
4284
4258
4258
4229
4475
4032
4129
4378
4265
3977
4044
4487
4037
4515
4391
4386
4064
4059
4375
4061
4132
3960
4310
4442
4323
4181
4271
4284
3996
4160
4048
4166
4434
4381
4098
4485
4020
4583
4513
4622
4459
4108
4447
4237
3768
4359
4706
4259
4210
4399
4343
4318
4183
4238
4261
4213
4738
4241
4065
3955
4080
3986
4505
4458
4236
4044
3978
3956
3964
4729
4197
4134
4213
4026
4453
3839
4148
4448
4145
4208
3864
4304
4203
4159
4545
4137
4508
4460
4282
4136
4529
4425
4103
4032
4391
4074
4000
4404
4036
4294
4508
4385
4172
4524
3906
4154
3963
4386
4684
4429
4352
4249
4100
4296
4121
4447
4148
3807
4368
4053
4444
4662
4473
3768
4574
4132
4228
4373
4311
4317
4558
4097
3681
3793
4298
4656
4253
4579
4457
3973
4540
4061
3749
4249
4626
4402
4579
4215
4067
4534
4661
3912
4437
4214
4644
4278
3879
4360
4562
4337
4025
4077
4190
4560
4342
4329
4508
3988
4820
4168
4312
4632
4166
3747
4578
4314
4188
4154
4290
4344
4171
4235
4346
4081
4293
4424
4173
4421
3758
4230
4343
4650
4022
4247
4248
4476
4226
4400
3939
4126
4410
4308
4044
4273
4295
4319
4083
4047
4242
3879
4063
4228
3927
4512
4248
4338
4077
3932
4168
4173
4235
4129
4129
4379
4352
4220
4428
4272
3819
4183
3881
4304
4252
4295
4103
4473
3980
4565
4647
4582
4359
4100
4445
4480
4062
4407
4401
4070
3777
4296
4418
4231
4118
4052
4599
4296
4407
4152
4105
3809
4154
4247
4615
4290
4330
4320
4060
3897
4047
4560
4017
4113
4421
3931
4426
3788
4340
4532
4371
4182
4074
4240
4264
4082
4495
4189
4557
4540
4367
4670
4393
4366
4234
4280
4216
4286
4062
4326
3831
4323
4088
4565
4083
4311
3958
4181
4117
4405
4605
4211
4295
3891
4184
4285
4222
4266
4045
3899
4160
4028
4380
4630
4439
3624
4179
4177
4541
4236
4215
4459
4545
4339
3854
4082
4389
4389
4244
4690
4565
4246
4330
4011
3987
4164
4512
4393
4630
4287
4400
4826
4556
4132
4222
4141
4507
3973
4386
4290
4713
4267
3886
4190
4250
4737
4423
4536
4375
3772
4704
4418
4376
4465
4194
3997
4466
4327
4162
4148
4180
4267
4035
4018
4059
4095
4242
4502
4187
4383
3823
4135
4216
4290
3950
4197
4423
4443
4242
4595
4002
4092
3996
4140
4362
4018
4660
3904
4277
4460
4053
3905
4192
4248
4221
4474
4341
4384
4089
3972
4407
4091
4120
4098
4067
4465
4406
4351
4324
4571
4139
4238
4233
4374
4655
4374
4166
4292
4114
4599
4436
4696
4266
3936
4355
4331
3968
4358
4529
4476
3949
4345
4202
4169
4004
4121
4235
4179
4542
4456
4058
4030
4099
4132
4578
4106
4182
4428
3898
4054
3943
4393
3802
3825
3603
3835
4274
3462
3838
3908
3676
3778
3749
4030
3868
3588
4057
3797
4053
3895
4083
4120
4183
3989
3707
3762
3869
3988
3698
3991
3491
3812
3760
4160
3864
4047
3538
3790
3840
3842
4071
3873
3864
3667
3604
4138
4029
4191
3826
3656
3942
3904
3807
4305
3952
3383
4120
3906
4111
3951
4055
4261
4042
4023
3435
3769
4110
4219
4088
4169
4071
3634
4035
3859
3738
3831
4208
4093
4351
3958
3890
4451
4073
3697
3914
3673
4327
3935
3801
3881
4051
4007
3851
3806
3768
4007
4057
4198
4079
3846
4261
3807
3963
4089
3820
3208
4027
3911
3841
3784
3542
4070
3808
3692
3731
3859
3846
4139
3877
4259
3512
3795
3807
4195
3859
3758
3860
4148
3688
4258
3486
3886
3980
3931
3953
3786
4140
3606
3837
3940
3593
3769
3765
3915
3693
4126
4071
4231
3646
3671
3824
3925
3753
3997
3712
3982
4189
3743
3724
3969
3640
3798
3688
3862
4082
3903
3791
4327
3611
4258
4288
4206
4065
4090
3995
4116
3546
4088
4101
3819
3602
3987
3929
4164
3746
3802
4220
3948
4152
4168
3674
3597
3831
3835
4062
3769
3957
3840
3545
3516
3767
4115
4115
4153
4005
4224
4459
3861
4337
4407
4228
4213
3973
4327
4184
3982
4808
4293
4684
4377
4436
4539
4662
4653
4273
4253
4417
4131
3883
4314
4243
4136
4276
4452
4045
4547
4164
4217
4063
4313
4546
4383
4232
4067
4206
4385
4173
4334
4143
3829
4271
3941
4486
4499
4495
3600
4468
4127
4398
4015
4296
4300
4358
4258
3792
3827
4547
4439
4376
4349
4446
4173
4436
3960
3847
4209
4667
4342
4426
4093
4311
4715
4516
4184
4324
4159
4553
4265
4024
3962
4661
4264
3947
4133
4354
4602
4549
4453
4289
4179
4715
4095
4396
4383
4075
4076
4279
4353
4227
3980
4185
4203
3961
3912
4221
4063
4232
4574
4300
4573
3918
4171
4405
4609
4220
3881
4256
4406
4300
4476
4008
4120
4213
4215
4172
3854
4315
3965
4282
4327
4088
3892
4101
4274
4060
4461
4167
4449
4093
3926
4171
4013
4213
4050
4062
4509
4220
4255
4161
4250
3883
4066
3974
4272
4314
4423
4041
4581
4220
4509
4644
4412
4308
4095
4559
4468
4000
4370
4612
4059
3624
4357
4427
4495
4164
4200
4594
4355
4533
4278
3990
4019
4025
4292
4469
4133
4195
4375
3881
4049
3943
4317
4028
3967
3922
3953
4202
3702
4348
4033
3996
4282
3830
4156
3900
4088
4204
3927
4227
4232
4018
4312
4293
4124
4178
3999
4178
4052
4025
4164
3804
4188
4054
4391
3896
4242
4223
4031
3833
4251
4273
4208
4061
3853
3870
4162
4317
4261
4132
3775
3873
3850
4193
4447
4157
3684
4243
3996
3957
3964
4122
4231
4251
3722
3424
3730
4112
4262
4177
4394
4062
3828
4266
3891
3860
3915
4341
4028
4312
3983
3931
4498
4199
3877
3924
3854
4473
3996
3830
4203
4404
4040
3850
3830
3785
4673
4095
4341
3986
4156
4471
4058
4174
4186
3968
3674
4146
4177
4079
4143
3843
4126
3844
3763
4137
3977
3847
4494
4309
4294
3623
3877
4094
4467
3998
3972
4035
4121
4089
4237
3828
4056
4202
4000
3890
3721
4376
3860
3999
4189
3925
3680
3666
4047
3790
4380
4016
4284
4022
3900
4090
4059
4037
3918
3935
4213
4076
3959
3973
3983
3796
3827
3771
3966
4243
4111
4085
4488
3712
4444
4313
4293
4245
3816
4301
4109
3921
4220
4331
4160
3752
4291
4129
4049
3927
4184
4356
4085
4246
4099
3817
3735
3944
3918
4461
4101
4000
3915
3916
3964
3910
4384
3918
4008
4167
3868
4222
3861
4049
4295
3955
4184
3849
4267
4160
3768
4524
4064
4318
4271
4248
4222
4400
4345
4179
4092
4142
4031
3598
4039
3829
4161
4230
4684
4039
4209
4041
4015
4171
3989
4399
4204
4517
4061
3995
4317
4197
4159
4049
3790
4097
4126
4432
4332
4304
3662
4251
3934
4148
4001
4411
4000
4209
4292
3830
3963
4335
4126
4186
4363
4420
4109
4469
3947
3681
4321
4460
4406
4549
4146
4068
4455
4580
4179
4195
3782
4392
4015
4065
4197
4426
4081
3855
4149
4168
4664
4383
4297
4109
4006
4720
4243
4129
4113
4142
3816
4547
4095
4073
3963
3875
4113
4164
3777
4223
4056
4174
4198
4037
4204
3615
3786
4160
4398
3968
4145
4186
4334
4168
4463
3769
4261
4186
3984
3784
4082
4366
3953
4080
3993
3944
3773
4186
4012
3833
4131
3854
4459
4133
3810
4094
4046
4143
3817
3798
4457
4273
4186
4063
4167
3917
3921
3672
4037
4083
4080
4023
4161
3981
4542
4428
4573
4227
4064
4130
4215
3892
4273
4394
3928
3720
4178
4256
4153
4007
4003
4495
4018
4253
4271
3975
3979
3940
3987
4327
4146
4207
4030
3885
3898
3742
4372
4644
4404
4312
4342
4794
3968
4534
4540
4298
4202
3997
4694
4536
4385
5030
4075
4690
4550
4459
4624
4580
4547
4395
4098
4570
4348
4138
4727
4200
4445
4505
4761
4390
4595
4219
4397
4331
4462
4786
4768
4483
4205
4405
4462
4666
4673
4342
3997
4464
4421
4706
4408
4563
4001
4638
4361
4679
4388
4535
4633
4606
4373
4183
4086
4610
4725
4583
4747
4368
4414
4818
4234
3878
4283
4835
4509
4703
4514
4379
4899
4761
4362
4398
4209
4848
4379
4260
4338
5034
4341
4268
4131
4374
4796
4700
4587
4564
4123
4866
4350
4465
4794
4484
4070
4439
4463
4252
4331
4338
4378
4102
4260
4600
4371
4480
4845
4465
4560
4091
4550
4509
4966
4292
3961
4359
4633
4510
4659
4436
4541
4353
4575
4538
4032
4950
4160
4446
4565
4041
3973
4480
4249
4304
4838
4432
4790
4367
4347
4392
4399
4509
4356
4471
4665
4593
4622
4479
4549
4161
4078
4286
4451
4716
4578
4413
4749
4394
4883
4606
4829
4547
4249
4452
4435
4367
4717
4780
4454
4118
4762
4449
4646
4340
4579
4806
4379
4753
4340
4150
4426
4131
4339
4835
4321
4175
4511
4083
4173
4137
4742
3830
3865
3862
3964
4157
3542
4049
3966
3808
3907
3527
3951
3840
3890
4184
3904
4222
4099
4336
4125
4194
4127
3823
3829
4091
3779
3900
4068
3754
3852
3891
4100
3942
4032
3662
3952
3874
3889
3930
4153
3907
3791
3802
4071
4206
3993
3847
3340
4038
3938
3955
4267
4091
3701
4016
3976
4002
3968
3934
4089
4338
3705
3402
3735
4137
4137
3859
4133
4247
3738
4138
3829
3424
3642
4292
4174
4366
3884
3971
4413
4130
3926
4187
3797
4082
4070
3805
3911
4258
3903
3627
3638
3875
4290
4029
4068
4003
3798
4445
4037
3972
4151
3728
3383
4059
4204
3938
4010
3675
3876
3956
3764
3935
3712
3866
4404
3708
4410
3473
3824
4039
4342
3863
3766
3927
4158
3930
4220
3733
3728
3816
3892
3955
3753
4200
3724
3663
4080
3903
3705
3938
4020
3770
4187
3821
4333
4057
3502
3989
3768
3606
3983
3701
3977
4199
3857
4042
4014
3611
3872
3421
3778
4119
3979
3798
4312
3820
4416
4266
4280
3934
4001
4124
4020
3766
4049
4240
3717
3595
3985
4115
3885
3777
4014
4103
3964
4177
3722
3586
3755
3766
3806
4183
3789
3857
4099
3676
3688
3683
3982
tempo: 0.014786