200 200
4628
4348
4475
4647
4398
4354
4411
3935
4355
4353
4375
3833
4188
4082
4008
4648
4216
4357
4343
4274
4049
4632
4509
4171
4715
4557
4612
4393
4617
4088
4563
4772
4067
4333
4397
4412
4451
4367
4694
3895
4206
4377
4067
4481
4049
4299
4161
4199
4344
4416
4258
4623
4200
4516
4295
4249
4443
4506
4190
4244
4513
4373
4526
4714
4258
4682
4273
4265
3998
4287
4382
4369
4091
4313
4164
4207
4252
4409
4383
4614
4084
4786
4298
4418
4202
4325
4554
3942
4086
4147
4003
4747
4138
4185
4368
4160
4278
4350
4171
4231
4590
4468
4422
4598
4417
3692
4231
4406
4004
4412
4259
4462
3498
4136
4767
4533
4104
4669
4128
4524
4356
4140
4219
4567
4594
4141
4378
4277
4363
4133
4499
4216
4095
3664
4130
4334
4091
4278
3863
4519
4124
4460
4199
4177
4394
4307
4032
4066
4401
4075
4041
4304
4364
4299
4140
4438
4621
3942
4152
4657
4135
4233
4212
4211
4032
4072
4226
3963
4253
4435
4020
3937
4527
4413
4163
4353
4375
4483
4115
4380
4358
4942
4142
4460
4458
4108
4581
4113
4255
4202
4155
3615
4242
4661
4077
4551
4212
4070
4100
4049
4226
3886
4231
4174
4274
4002
4228
3642
3777
3725
4136
3826
3926
3746
4047
4223
3979
4127
3868
4108
3670
4185
3938
3745
4384
4170
4257
3926
4126
3941
4090
4429
3783
4012
3773
4015
4278
4252
4084
3909
3562
4048
3820
4117
3524
3740
3882
3920
4030
3920
4341
4041
3976
4162
3829
3815
3779
4109
3580
3835
4138
4079
3920
4162
4003
4427
3768
3933
3831
3897
4103
3993
3830
3939
4038
3879
3924
4169
4209
4146
3953
4288
4160
4053
3930
3871
4000
3789
3723
3782
3855
3804
3888
3703
3850
3867
4033
3808
4238
3862
4254
3979
4009
4165
3938
3655
4048
4099
3811
4050
4208
4139
3523
3936
4271
4301
3804
4415
3916
4256
4353
3827
4084
4030
4039
3560
3875
3760
4236
3710
4130
3827
3713
3677
3944
4165
4121
3750
3365
3704
3742
4023
3837
3715
4012
3865
3614
3966
4076
3611
3952
4214
4122
4074
3725
4076
4096
3819
3835
4266
3874
3766
4004
3806
3781
3721
3914
3837
3928
4015
3773
3877
4418
3989
3868
3853
3721
4251
4193
4323
3915
4499
4049
4038
4047
3898
4172
3886
4129
4010
3985
3734
4002
4031
4037
4019
3785
3819
3734
3765
4337
4119
4555
4495
4266
3988
4422
3989
4242
4012
4360
3943
4071
3927
3919
4432
4142
4332
4258
4516
3810
4378
4297
4136
4571
4416
4633
4267
4730
4150
4421
4531
4102
4077
4109
4436
4356
4131
4625
3843
3941
4347
3930
4427
3720
4196
4161
4138
4158
4084
4415
4164
4418
4441
4224
4037
4252
4133
3738
4151
4488
4076
4200
4345
4196
4710
4202
4154
4130
4096
4126
4244
4151
4066
4005
4173
4032
4225
4372
4342
4260
4289
4310
4221
4020
4359
4147
3794
3888
4180
4035
4236
4115
4054
4177
4161
4240
4285
4347
4257
4626
4157
4461
4597
3898
3628
4032
4153
3958
4338
4029
4696
3493
3936
4486
4411
4113
4516
3904
4506
4503
3737
4274
4459
4233
4051
4152
4143
4221
4086
4362
4352
4074
3784
3950
4122
4147
3913
3631
4028
3860
4129
4221
3837
4076
4195
3941
4284
4296
3888
4309
4429
4241
4533
4108
4244
4508
3961
4145
4435
4110
3958
4060
4140
4169
3804
4036
4247
4276
4187
4148
4108
4502
4407
3993
3920
4074
4264
4116
4480
4222
4824
4154
4341
4412
4221
4535
3958
4277
4160
3992
4087
3912
4455
4150
4301
3890
4021
4106
4192
4279
4052
4148
4588
4285
4176
4364
3774
3889
4150
4333
3791
3893
4075
3808
4335
4199
4095
4133
4117
3886
4153
4259
4148
4567
4346
4320
4217
4591
3805
4178
4611
3910
4198
4003
4460
4412
4273
3909
4058
3965
4336
3896
4020
3784
3891
4067
4110
4089
4057
4552
4175
4154
4053
4102
4037
4123
4337
3884
4032
4268
4083
4159
4353
4266
4543
4076
4139
3759
4285
4162
4248
3994
4068
4280
4262
3957
4235
4394
4093
4067
4369
4566
4074
3960
4049
4165
3761
3680
3883
4002
4296
4174
4041
4027
3872
4042
3967
4167
4193
4643
4354
4303
4357
4034
3640
4052
4399
3620
3874
3948
4435
3335
3955
4243
4343
4203
4580
4105
4154
4370
3924
4247
4521
4205
3868
4253
3800
4329
4006
4390
4101
3882
3729
3822
4101
3967
3924
3648
3848
3978
4105
3963
4005
4095
3999
4051
3774
4202
3808
3849
4496
4274
4214
4052
4302
4227
3934
4151
4192
3901
4293
4142
4193
3865
4052
3654
4005
4266
4167
3850
4139
4286
4184
3753
4075
4009
4534
3947
4176
3964
4620
3956
4206
4434
3917
4163
4258
4109
4285
3885
3885
4076
4158
4011
4240
3870
3809
3938
4037
4104
4124
4107
4401
4168
3870
4233
3660
3884
3953
4168
3723
3844
3880
3761
4214
4048
4102
4157
4024
3610
4108
4089
4033
4250
4162
4314
4021
4307
3810
4160
4393
3834
3939
4021
4204
4263
3984
3959
3690
3738
4170
3830
3971
3767
3960
3955
3942
3836
4241
4134
3862
3997
4169
3913
3820
3994
3974
3748
3831
4097
4034
4124
4236
4188
4237
4162
4075
3804
3928
4101
4116
3843
4061
4184
3982
3877
3837
4319
3930
4017
4349
3971
4128
3837
3847
4087
3695
3664
3710
4053
3891
3742
3926
4063
3875
3793
3850
3864
4100
4357
4326
4219
4120
4046
3667
3812
3843
3860
3975
3813
4389
3457
3773
4218
4147
4014
4245
3776
4384
4219
3727
4183
4190
4113
3774
4003
3779
4084
3930
4115
4010
3777
3696
3774
3944
3899
3887
3375
3911
3586
3964
3664
3866
4059
3861
3592
3921
4016
3829
3710
4109
4175
3842
3740
3940
4315
3914
3931
4240
4063
4082
3824
3914
3794
3945
3798
3803
4088
4113
3712
3575
4177
4082
3965
3922
3952
4101
4015
4114
3976
4393
3938
4041
4219
3946
4135
3988
4031
3836
4067
3770
4055
4083
3880
4257
3744
3807
3790
3941
3810
3777
4100
4086
4076
3838
4031
3601
3706
3865
3943
3710
3959
3530
3453
4020
3886
4036
4017
4021
3495
4093
3972
3667
4286
3866
4132
3802
4011
3794
4006
4457
3633
3952
3777
4095
4279
3918
4109
3444
3748
3920
3610
3956
3665
3741
3919
3769
3804
3932
3968
3885
3943
4127
3644
3926
3829
3908
3578
3627
3957
3929
4065
4121
4033
4188
3760
3708
3627
3889
3933
3754
3836
4062
3748
4010
3628
3948
4072
3972
3904
4006
3973
4166
3936
3879
4034
3480
3573
3649
3805
3905
3674
3652
4244
3775
3903
3897
3747
3981
4393
3904
4173
4115
4025
3466
3788
3841
3714
3800
3896
4079
3380
3925
4339
3937
3688
4032
3853
4259
4171
3606
4091
3838
4040
3833
3846
3646
3958
3785
3917
3922
3728
3488
3538
3951
3952
3816
3351
3906
3819
3832
3623
3548
3800
3825
3757
3724
3996
3841
3641
4110
3864
3898
3665
3866
4025
3771
4093
4189
3671
4077
3710
3731
3562
3793
3782
3711
3918
3762
3469
3767
4245
4097
3922
3923
3958
4028
4100
4021
4226
4287
3835
4162
4026
3913
3997
3772
4063
4077
3902
3581
4078
4200
3604
4053
3949
3612
3587
3660
4359
4035
4224
4263
4091
4088
4415
3833
3888
4058
4096
3579
4063
3891
3627
4509
4173
4052
4202
4101
3661
4130
4156
4214
4286
4237
4038
4252
4514
3995
4155
4360
3778
4012
3875
4216
4142
4258
4415
3963
3839
4120
3778
4407
3841
4072
4110
3923
3969
4258
4266
4197
4074
4038
3956
3810
4024
4168
3645
4041
4253
3925
4196
4423
4116
4730
4132
4037
3833
4031
4020
3929
4142
4043
3974
4033
3966
3999
4358
4116
3962
4290
4228
4104
4021
4166
4224
3699
3771
4050
3997
4304
4102
3937
4254
3897
4227
4087
3877
3960
4199
4116
4146
4447
4105
3529
4068
4032
3726
3873
4057
4303
3324
3794
4226
4306
3961
4447
3887
4261
4327
3890
4081
4357
4245
3972
4099
3928
4191
4019
4162
4357
3927
3604
3993
3919
4204
3965
3530
4101
3838
3936
4149
4096
3779
4133
3668
3879
4087
3626
3784
4251
4007
4020
3859
4240
4254
3946
3934
4276
3958
3850
4235
3778
3770
3727
4094
3875
4346
4291
3681
4089
4310
4303
3882
4185
4001
4306
3789
4073
3916
4501
3989
4126
4109
4101
4069
3994
4224
4080
3789
3762
3852
4292
3911
4181
3836
3589
3956
4099
4149
3978
4025
4206
4184
4074
4282
3566
3752
4148
4136
3738
3996
3846
3808
4107
4104
4184
4070
3935
3570
4103
4254
3784
4322
4256
4252
4105
4147
4055
4354
4591
3962
3955
3881
4316
4041
4292
4116
4091
3554
4185
3844
4112
3702
3850
4023
3920
4063
4286
4182
4126
4053
4365
3950
3755
4142
4193
3813
3939
4131
4071
4229
4097
3993
4397
3969
3917
3670
3944
4062
3985
3790
4293
3898
4052
3872
4223
4461
4056
4129
4435
4057
4199
4045
4230
4230
3657
3705
3785
4013
3990
4248
4014
4217
3845
4168
4169
4143
4086
4336
4153
4336
4358
4192
3486
3991
4116
4020
4181
4155
4164
3433
4065
4298
4291
4084
4370
3966
4320
4512
3949
4140
4194
4149
3819
3831
3947
4037
3856
4375
4108
3911
3625
3939
3835
3922
3799
3650
3790
3842
4074
3920
3902
3815
3777
3752
3874
4085
3693
3979
4048
4231
3946
3986
4082
4161
3823
3904
4288
3832
4093
3992
4057
3704
4000
3980
3849
3879
4146
3849
3691
4337
4069
3843
3957
4038
4098
4187
4080
4289
4475
3980
4354
4310
4244
4073
3761
4164
4051
3848
3782
3942
4104
3913
4186
4104
3816
3803
3927
3961
3996
3926
4295
4266
3988
4155
3599
3827
4156
4126
3719
3861
3776
3656
4132
3842
3885
3994
3971
3280
4084
4069
3896
4291
4339
4245
4188
4051
3922
4024
4449
3725
4012
3825
4104
4001
3856
3840
3741
3707
4238
3807
3921
3692
4087
3882
3770
3815
4194
4174
3957
4131
4170
3840
3909
3874
4069
3794
3840
4267
3951
3794
4215
3828
4296
3816
3828
3770
3820
3836
3961
3785
4263
3865
3978
3714
3774
4204
3880
4024
3974
3833
4178
3657
4008
4047
3607
3735
3984
3827
3946
3774
3999
3924
3586
3794
3943
4143
3852
4237
3929
4110
4327
3803
3570
4060
4236
3697
3835
3885
4341
3370
3688
3986
4303
3857
4378
3793
4291
4371
3838
4090
4341
4091
3730
4010
3719
4206
3876
4120
4151
3599
3650
3890
3978
3829
3798
3516
3924
3491
3697
3867
3859
3871
3987
3599
3963
4135
3801
3645
4098
4421
3933
3768
3977
4062
3714
3973
4106
3590
3794
3860
3944
3946
3709
3855
3911
3975
4112
3712
3800
4270
4130
3611
4047
3926
4042
3813
4235
3735
4209
3802
4250
4002
3867
3921
3942
3989
3784
3810
3574
3879
3980
3664
4237
3737
3815
3453
3786
4054
3968
4202
4150
4023
3960
4160
3461
3909
3733
3979
3737
3847
3444
3677
3972
3749
4072
4095
3874
3720
4265
4024
3901
4461
3947
4202
4032
3980
3673
3936
4184
3752
4028
3674
4205
4308
3843
4012
3579
3586
4000
3695
4048
3595
3545
3862
3709
3946
3720
4174
3836
3950
4018
3865
3828
3851
4012
3461
3989
4063
3955
4056
4005
3788
4288
3786
3937
3563
4027
3865
3853
3797
4002
3766
3849
3664
4034
4023
3844
3736
4447
3955
4138
3750
4087
3904
3474
3511
3990
3623
3928
3623
3570
3736
3886
3915
3868
3825
3984
4093
4017
4044
4219
3953
3404
3793
3849
3704
3841
3950
3817
3273
3744
4122
3808
3781
3988
3802
4331
3966
3637
3892
4008
4055
3522
4020
3613
4094
3832
4038
3825
3603
3600
3785
4018
3846
3797
3519
3950
3594
3956
3857
3715
3713
3868
3357
3642
3871
3728
3815
3848
4225
3794
3706
4106
4012
3688
3891
4122
3669
3809
3691
3826
3942
3698
3693
3565
3866
3871
3426
3767
4120
4178
3519
3696
4002
4177
3823
4107
3926
4520
3852
3928
3908
3817
4160
3765
4159
3976
3962
3544
3792
4200
3899
3927
3704
3605
3679
3654
4075
3856
4139
4217
3941
3888
3925
3507
3891
3772
4095
3521
3793
3771
3605
4014
3954
3877
4019
3949
3434
4031
4079
3838
4182
4110
4157
3933
4288
3738
4054
4087
3734
3809
3560
4128
4062
4115
4242
3811
3666
3956
3670
4170
3541
3583
3852
4036
4037
4009
4187
3936
3739
3954
3627
3703
3802
4108
3605
3614
4069
4075
3860
4074
4060
4179
3914
3849
3788
3762
3976
4033
3887
4047
3928
3927
3837
3852
3956
3850
3795
4228
4021
4004
3927
3858
3964
3524
3612
3965
3686
3916
3667
3659
3901
3718
3782
3976
3856
3920
4303
4168
4085
4046
4116
3621
3944
3847
3625
3862
4002
4127
3336
3789
4102
4064
3674
4118
3490
4196
4172
3571
3999
3945
4035
3635
3778
3625
4135
3699
4113
4025
3893
3603
3777
3890
3823
3563
3434
3700
3526
3947
3833
3694
3981
3840
3664
3953
3969
3767
3860
3993
4043
3831
3753
3865
4019
3767
3909
4316
3931
3786
3927
3967
3833
3668
3835
3512
3811
4051
3604
3774
4170
4028
3689
4022
3893
4118
3979
3920
4068
4457
3990
3860
4081
3866
3917
3874
4109
3859
3720
3571
3943
4206
3855
4052
3873
3570
3698
3831
4513
4111
4467
4252
4173
4110
4226
3715
4065
3916
4103
3626
4015
3983
3934
4559
4093
4065
4335
4252
3591
4465
4143
3951
4404
4426
4274
4219
4231
3998
4110
4565
3742
4086
3809
4235
4365
4265
4344
3994
3670
4415
3928
4272
3680
4008
3928
4093
4170
4280
4136
4202
4283
4114
4166
3725
4094
4234
3950
3974
4253
4155
4356
4579
4107
4488
4093
4054
3578
3983
4224
4259
3923
4081
3969
4089
3897
3970
4077
4087
3803
4661
4280
4469
4046
4297
4172
3532
3975
3946
3820
4319
4042
3927
4106
4140
4061
4271
3949
4404
4178
4204
4338
4490
4229
3888
4188
4237
3587
4049
4024
4236
3352
4197
4282
4200
4063
4350
4224
4508
4335
4059
4272
4300
4037
4051
4214
4073
4327
4014
4149
4242
3949
3732
4125
4064
4142
3896
3705
4157
3955
3735
3964
3838
3846
4084
3915
3795
4272
3707
3927
4256
4061
3967
3945
4068
4256
4007
4091
4329
3900
4157
3981
4039
3983
3958
4070
3770
4096
4193
3613
4010
4501
4406
4089
4010
3805
4133
4147
4125
4031
4658
3824
4105
4272
3838
4293
3996
4287
4161
3931
3997
4084
4381
3883
4283
3828
3880
3863
3877
4532
4224
4593
4727
4189
4403
4228
3974
4117
4044
4416
3773
4183
4108
4061
4631
4151
4278
4380
4419
3808
4569
4294
4100
4878
4588
4471
4031
4730
4070
4510
4703
4147
4098
4266
4618
4570
4307
4352
3985
4274
4444
4165
4320
4261
4269
4165
4270
4101
4499
4308
4339
4360
4407
4203
4062
4269
4180
3705
4236
4412
4270
4227
4383
4235
4901
4220
4083
4178
4307
4477
4364
4042
4125
4161
4214
4133
4237
4684
4401
4173
4546
4405
4129
4243
4455
4268
4025
4035
4300
4175
4510
4193
4144
4464
4139
4075
4207
4392
4240
4627
4535
4492
4581
4043
3621
4388
4397
3880
4171
4101
4554
3613
4184
4517
4467
4274
4772
4189
4481
4577
3950
4601
4424
4309
3906
4279
4078
4395
4250
4403
4374
4248
4105
4085
4190
4089
4027
3677
4213
3841
4418
4097
3981
4193
4019
3967
4054
4488
4083
4255
4437
4199
4586
4150
4234
4438
4099
4248
4546
3968
4132
4407
4189
4257
3881
4117
4134
4196
4192
3801
4282
4388
4472
4253
4208
4279
4686
3855
4533
4407
4678
4208
4414
4292
4187
4582
4347
4357
4284
3996
3912
4336
4455
4012
4260
4103
4036
3843
4057
4129
4176
4282
4048
4264
4276
4531
3666
3941
3938
4260
3889
4051
3817
4096
4278
4247
4108
4290
4267
3527
4231
4056
3947
4409
4275
4290
4007
4413
4005
4279
4418
3961
4183
4064
4204
4226
4272
4269
3921
3618
4234
4005
4131
3934
3915
3806
4036
4080
4059
4397
4095
4355
4332
3979
3823
4008
3968
3803
4087
4199
4102
4160
4478
4366
4668
3960
3952
4005
4418
4210
3824
4119
4236
4275
3938
3852
4137
4356
4025
4119
4589
4326
4229
3926
4180
4222
3629
3941
3928
4107
4224
4130
3973
4196
4045
4115
3947
4163
3966
4622
4133
4503
4370
3954
3620
3862
4215
3998
4055
4185
4420
3535
4332
4262
4436
3799
4612
4052
4572
4270
4033
4248
4376
4213
4013
3846
4054
4107
3929
4400
4194
3976
3640
4007
4094
4070
3822
3819
3786
4050
4159
3926
3864
4174
4297
3930
4067
4164
4048
4107
4226
4455
4310
3981
4239
4115
4061
4184
4295
4014
4115
4113
4153
3978
3982
4092
4096
4372
4205
4138
4112
4489
4077
3848
4128
4147
4434
4050
4222
4081
4640
4120
4027
4352
4078
3965
4116
4285
4069
3966
3973
3837
4447
3870
4363
3981
3659
3998
4111
4489
4257
4160
4348
4189
4299
4224
3764
3895
4098
4078
3862
4042
4035
3622
4162
4143
3906
4071
4428
3491
4388
4187
3848
4453
4449
4311
4067
4339
3885
4224
4332
3887
3856
3929
4234
4298
4170
4030
3725
3853
4320
4073
4111
3695
4054
4093
3823
4039
4192
4270
4036
4208
4101
4063
3870
3963
4255
3891
3858
4188
4221
4162
4383
4180
4577
4199
4077
3800
4048
4079
4045
3673
4004
3933
4037
3801
4133
4373
3930
4269
4334
4231
4344
4117
3989
4010
3610
3908
4027
3999
3936
3956
4029
4004
3917
3980
4142
4211
4083
4506
4150
4285
4459
4132
3838
4186
4131
3725
4072
3746
4228
3313
3813
4275
4343
4063
4502
3925
4221
4269
3896
4232
4211
4163
4029
4123
3633
4208
3857
4099
4343
3852
3585
3923
4056
3944
3888
3358
3910
3788
4086
3874
3888
3989
3992
3874
4014
4147
3871
4057
4355
4171
4024
3983
4079
4260
3923
3868
4301
3963
4167
4223
4237
3858
3784
3969
3939
4086
4064
3824
3878
4349
4040
3982
4118
3795
4401
3975
4310
4038
4568
3956
4201
4046
4007
4158
4030
3817
3955
4034
3803
3916
4011
3991
4044
3943
3814
3816
3873
4338
3883
4490
4486
4312
4284
4185
3813
3973
4212
4219
3999
3832
3739
3936
4601
4049
4185
4032
4159
3754
4321
4255
4094
4570
4050
4254
4367
4281
3929
4212
4513
3893
4057
3969
4518
4098
4121
4161
3693
3776
4299
3962
4461
3857
4104
3930
3909
3966
4205
4285
4292
4121
4180
4245
3969
4197
4232
3911
4008
4286
4028
4213
4438
4113
4455
4068
4048
3863
4069
4042
4178
4118
4002
4120
4187
3809
4146
4311
3939
4067
4468
4072
4351
4067
4242
4271
3827
4055
4123
3944
4103
3835
4117
4111
3946
4104
3841
4152
4219
4185
4187
4427
4453
4138
3667
4267
4050
3817
4161
4180
4370
3493
4012
4328
4301
4100
4337
3994
4301
4423
3930
4293
4419
4143
3716
4080
4034
4405
4001
4245
4187
3954
3641
3965
3989
4114
4000
3791
4041
3669
4224
3880
3877
4353
4127
3998
3820
4187
3718
4019
4270
4367
4040
3933
4213
4438
3892
4068
4344
3989
4210
4261
4075
4045
3926
3931
3832
4285
4176
3883
4130
4477
4215
4077
4095
4189
4275
3879
4137
4237
4658
3857
4389
4145
4035
4278
4209
4178
4293
4018
3796
4239
4568
4231
4372
3951
3905
4015
4069
3925
4047
4276
4135
4336
4026
4199
3714
3989
4433
4081
3746
3967
3693
3858
4282
3957
4285
4110
4146
3491
4363
4056
3887
4325
4094
4403
4280
4209
4048
4259
4477
3882
4124
4005
3942
4011
4122
4220
3869
3735
3976
3968
4121
3684
4127
3859
3787
4086
4021
4245
4171
4144
4278
4173
4093
4066
3967
3788
4078
4122
3915
4111
4228
3977
4646
3962
3918
3756
4005
4066
3952
4163
4053
3766
4013
3962
4331
4224
4170
3878
4462
4037
4206
4164
4233
4237
3784
3880
3683
3902
3946
3866
4087
4113
4042
4148
4144
4193
3828
4310
4401
4287
4525
4064
3621
4192
4040
3904
4091
3919
4206
3516
3825
4234
4125
3816
4201
3881
4076
4082
4043
4397
4344
4253
3935
3943
4002
4108
3737
4058
4060
3929
3491
3805
3758
4076
4032
3700
4070
3916
4063
3795
3811
3988
4089
3749
3962
4203
3696
3899
4212
4164
4198
4016
4243
4222
3755
4041
4170
3858
3843
4060
4065
3654
3872
3776
3890
4120
3985
3823
3907
4417
3966
3852
3969
3928
4104
4048
4225
4043
4526
3842
4095
4215
4213
4302
3948
4281
3921
4014
3700
3865
4205
3829
4438
3944
3896
3776
3817
4284
4028
4205
4450
4367
4091
4209
3906
4102
4197
4242
3872
3937
3961
3879
4339
3939
4265
4136
4055
3623
4335
4086
3922
4566
4204
4274
4120
4309
3938
4074
4660
3932
4023
4066
4463
4218
4078
4232
3933
3797
4118
3969
4172
3487
4182
3876
3873
4191
3881
4442
3948
4124
3999
4198
4157
4095
4183
3835
3964
4294
4031
4058
4359
4015
4612
3983
3916
3906
4170
4099
4238
3943
4130
4097
3755
3947
4270
4388
3960
3821
4503
4279
4188
3920
4162
4044
3862
3666
3945
3816
4454
3798
4052
3915
4138
4159
4077
4043
4128
4367
4196
3968
4396
4062
3553
4080
4163
3676
4086
3891
4345
3381
3794
4329
4316
3758
4135
3931
4217
4413
3957
4192
4522
4232
3845
4069
3837
4407
3755
4091
4180
3999
3775
3845
3784
3899
4026
3702
4114
3665
4014
3848
4021
4128
4071
3744
4099
4267
3816
3951
4346
4155
4202
4001
4040
4414
3945
4020
4356
3805
4216
4034
4043
4189
3675
3847
3905
4006
4221
3896
4054
4447
4046
4197
4006
4008
4215
3954
4090
4116
4686
3845
4008
4228
3999
4218
4022
4332
4097
3947
3794
4083
4404
4097
4506
3873
3712
3669
3967
3653
3885
3532
3918
3521
3390
3739
3207
3383
3665
3906
3417
3928
3574
3577
3582
3802
3730
3411
3693
3290
3533
3855
3382
3873
3945
3673
3649
3623
3706
3784
4017
3504
3557
3374
3611
4039
3482
3692
3580
3270
3705
3404
3451
3314
3281
3646
3758
3729
3422
3673
3627
3725
3621
3523
3441
3426
3548
3361
3358
3670
3564
3720
3752
3565
3958
3572
3778
3428
3456
3593
3486
3528
3621
3673
3739
3298
3471
3661
3558
3635
3818
3669
3731
3491
3286
3583
3548
2982
3464
3483
3656
3652
3507
3612
3274
3556
3410
3808
3658
3939
3907
3765
3894
3394
3158
3594
3837
3280
3531
3665
3413
3091
3562
4189
3761
3384
3971
3535
4125
3860
3576
3573
3800
3725
3468
3203
3614
3570
3596
3911
3631
3601
3217
3561
3576
3594
3573
3234
3490
3550
3558
3562
3362
3621
3465
3555
3564
3796
3425
3588
3479
3673
3606
3430
3780
3599
3663
3373
3842
3152
3661
3343
3716
3401
3585
3533
3519
3671
3662
3315
3321
3886
3685
3462
3557
3407
3887
3723
3753
3553
4005
3623
3664
3632
3306
3641
3590
3618
3785
3288
3552
3628
3807
3367
3900
3435
3330
3380
3544
4319
4032
4534
4741
4336
4191
4349
3806
3882
4177
4250
3666
4082
3891
3927
4392
3880
4177
4121
3955
3720
4368
4372
3998
4642
4293
4145
4164
4269
4137
4398
4626
3972
4358
4116
4602
4233
4091
4346
3916
3883
4100
4020
4220
3895
4161
3996
4242
4034
4175
4359
3997
4144
4334
4193
4054
4252
4172
3916
4043
4243
4089
4156
4602
4183
4673
4071
4158
3784
4160
3861
4096
4015
4298
4077
4045
3753
4346
4384
4316
3996
4270
4193
4398
4176
4134
4005
3683
3962
4069
4042
4191
4156
4154
4126
4049
4122
3901
4095
4332
4302
4052
4193
4490
3941
3610
4116
4185
3932
4086
3823
4275
3497
4109
4572
4059
3894
4534
3949
4734
4488
4114
4254
4639
4254
3750
4088
4192
4173
3889
4546
4252
3836
3488
3801
3803
4057
3994
3589
3974
3663
4154
3958
4003
3925
4081
4049
4111
4246
3865
3975
4378
4365
3916
4160
4280
4351
3767
4014
4288
3896
4104
3969
4227
4044
4040
3848
4018
4290
4200
3956
3901
4355
4150
3962
3814
4320
4237
4065
4503
4094
4892
4048
4578
4082
3830
4241
4140
4341
4040
3902
4254
4107
4368
4044
4377
3886
3807
3929
3963
4431
3824
4095
4200
3980
4014
4029
3758
3720
3889
3997
3729
3809
3845
3894
4263
3905
3952
3899
3933
3510
4042
4059
3807
4501
4208
4133
4050
4096
3857
4069
4431
3764
4039
3868
4437
4343
4149
3973
3799
3543
3838
3768
3863
3382
4005
3763
3917
4053
4018
4129
3938
3826
4078
3764
3896
4069
3980
3871
3820
4105
3891
4028
4187
4197
4276
3784
3807
3737
3959
3959
3822
3710
3948
3911
4049
3769
4008
4169
4041
3856
3977
4302
3925
3918
4170
4190
3600
3783
3852
3533
4055
3846
3880
4058
3873
3925
4002
3873
3749
4276
4149
4109
4294
4026
3718
3833
3942
3719
4011
3758
4075
3271
4189
4094
4214
3828
4308
3897
4280
4264
4035
3902
4090
4247
3658
3838
3674
4022
3673
3994
4122
3715
3629
3826
4019
3791
3789
3625
3770
4027
3774
3877
4022
3828
3883
3928
4040
4093
3723
3519
4043
4101
3923
3886
3982
4247
3847
3987
4086
3860
4152
3892
3628
3734
3798
3886
3822
4092
3922
3693
3842
4367
3849
3933
3952
3993
3988
3914
4124
3735
4508
4076
4211
3900
3946
3980
3929
4035
3972
3711
3788
3916
4059
3799
4197
3950
3718
3672
3748
4131
4103
4224
4229
4109
3989
4325
3635
3772
3959
3928
3633
3937
3587
3806
4147
4062
4170
3980
4168
3589
3899
3793
3778
4435
4266
4261
4049
4229
4027
4162
4504
3840
4074
3905
4278
4089
3919
4022
3877
3807
3937
3773
3915
3551
3921
3839
3942
4032
4164
4121
3844
4076
4084
3941
3815
3994
4028
3526
3723
4112
3847
4175
4149
4117
4532
3813
3974
3663
3955
3918
3714
3857
3928
3876
3829
3898
4089
4352
4083
4155
4111
4133
3954
3816
3822
4042
3578
3683
3938
3902
4004
3838
3903
4064
4070
4021
3864
3925
3820
4307
3869
4066
4345
3991
3476
4069
4160
3921
3699
3904
4114
3408
3702
4434
4087
3748
4235
3819
4281
4189
3836
3890
4400
4039
3781
3811
3731
4032
3766
4210
4260
3799
3417
3653
3812
4054
3861
3285
3837
3530
3991
3711
3820
3876
3862
3490
3805
4179
3775
3843
4486
3856
4015
3858
4153
3934
3895
3949
4175
3878
4042
3842
3772
3780
3828
3799
3818
4084
4100
3652
3902
4416
4038
3897
3984
3709
4001
3847
4035
3885
4448
3630
4083
4086
3928
4087
3998
4096
3803
4089
3722
3997
4223
3899
4226
3550
3537
3607
3903
4626
4098
4826
4670
4196
4346
4214
3896
4071
4058
4374
3905
3918
4009
4117
4445
4027
4186
4187
4209
3775
4482
4327
4047
4733
4273
4326
4491
4546
3989
4241
4522
4097
4311
4023
4523
4385
4502
4435
3920
3909
4442
4181
4419
3725
4413
3978
4112
4150
4265
4380
4246
4087
4289
4217
4059
4302
4325
4095
4242
4508
4127
4272
4706
4274
4517
4019
4106
4116
4324
4269
4246
4080
4163
4218
4164
4181
4373
4408
4195
4138
4680
4357
4402
4302
4487
4295
3899
4117
4286
4023
4072
3933
4195
4027
3960
4384
4088
4262
4360
4477
4425
4444
4551
4188
3966
4149
4261
3813
4184
4152
4470
3382
3923
4514
4466
4153
4488
4051
4559
4393
4016
4538
4185
4315
3815
4468
3892
4286
3956
4316
4449
4089
3630
3929
4155
4013
4132
3777
4185
3951
4084
4240
3958
4284
4149
4054
4202
4360
4013
4226
4186
4628
4140
4395
4261
4439
3627
4093
4521
4015
4094
4139
4057
4207
4036
4144
3903
4282
3945
3897
4083
4474
4255
3971
4149
4136
4448
4008
4453
3982
4887
4333
4391
4342
4281
4196
4333
4572
4233
4176
4100
4210
4412
4084
4380
4037
3984
3944
3998
4152
3918
4207
4361
4020
3969
4118
3674
4102
4042
4038
3584
3964
3803
3778
4202
3889
4041
4037
4175
3695
4382
4197
3940
4380
4135
4228
4140
4321
3727
4136
4347
3829
3943
3730
4059
4007
3979
4267
3758
3819
4073
3716
4109
3766
3910
4001
3819
3920
3882
4169
4130
4111
3831
4170
3911
3978
3979
3655
3952
4170
4131
4142
4331
4141
4347
3783
3814
3778
4108
3826
3879
3965
3951
3904
4033
3770
3922
4109
4028
3804
4328
3972
4011
4093
4103
3900
3591
3856
3962
3869
4126
3822
4008
3799
3891
4158
4052
4193
4226
4276
4183
4314
4506
4013
3648
4049
4130
3558
3897
3927
4357
3358
4039
4497
4155
3944
4343
3774
4303
4273
3801
4234
4313
4194
3629
4056
3981
4048
3647
4194
4058
4019
3475
3872
3948
4012
3809
3496
3933
3707
4108
3816
3815
4054
4156
4011
3842
4284
3800
3941
4114
4253
4156
3869
3935
4156
3660
4122
4127
3774
3881
4114
4067
3764
3930
3919
3956
4133
3907
3823
3783
4251
4036
3879
3926
4139
4217
3902
3947
4334
4687
3844
4276
4138
3804
4273
4084
4150
4032
3829
3860
4045
4281
3709
4310
3864
3711
3958
4074
4244
4257
4147
4377
4106
3991
4084
3582
3622
4065
4229
3661
3605
3845
3999
4280
3926
4322
3988
4222
3529
4082
4060
3880
4203
4391
4463
4066
4088
3868
4267
4348
4077
4037
3800
4018
4140
4094
3904
3777
3958
4276
3795
4096
3753
3845
3959
3951
4070
3992
4179
3968
4165
4230
3996
3843
4047
4370
3595
3844
4195
4161
4121
4026
3865
4441
4088
4028
3672
3769
3981
4019
4028
3814
4194
4195
3890
4132
4100
3938
4008
4355
4031
4140
3927
3994
3967
3719
3906
4038
3981
3872
3817
4032
3991
3876
3744
4111
4227
4194
4186
4158
4240
4291
3906
3456
3857
3872
3911
4042
4142
4166
3463
3723
4185
4189
3992
4226
3574
4260
4430
3663
4077
4030
3953
3816
4173
3728
4388
3746
4299
3940
3763
3694
3907
3801
4021
3925
3587
3888
3851
4069
4011
3663
4041
3878
3558
3888
4243
3751
3980
4277
4140
4164
3859
4060
4131
3913
3884
4218
3788
3812
4055
4054
3952
3660
3946
3917
3904
4083
3846
3692
4316
4179
3978
4047
3543
4132
3904
4306
4100
4470
3862
4264
4130
3867
4035
3905
4280
3993
4194
3848
4101
4226
3817
4138
3675
3838
3829
3879
tempo: 17