100 100
2179
2032
2293
1932
2188
2507
2187
2484
2145
2325
2346
2328
1992
2239
2302
2044
1926
2062
2146
2155
2237
2364
2057
2269
2166
1999
2453
1822
2265
1998
2369
1961
2265
2278
2256
2343
2533
1980
2583
2302
2165
2300
2174
2305
2025
2072
2255
2340
2359
2506
2017
1999
2201
2484
2018
2015
2050
2150
2213
1958
1667
2135
2247
2181
1996
2141
2276
2111
2011
1989
1846
2168
2143
2140
1942
2267
2045
1707
2380
2337
1847
2391
1968
1989
2374
2148
2083
2104
2003
2209
1906
2390
2108
2164
2074
2120
2179
1934
2171
2235
1958
2035
2081
1904
2157
2429
1960
2239
2144
2202
2020
1986
1916
2227
2154
1702
1802
2040
2170
1989
2006
2186
1903
2280
1876
1904
2311
1836
2189
1978
2287
1847
1908
2137
2264
2180
2322
1924
2355
1994
2007
2047
1976
2208
2005
1766
1967
2132
2156
2364
2121
2110
2102
2346
1960
2110
2202
2175
2389
2188
1807
2152
1992
2235
2181
2083
2208
2066
2102
2038
1908
1975
2210
2053
2130
2188
2186
1774
2327
2431
1907
2479
1923
2034
2222
2131
2213
2284
1903
2326
1957
2289
2080
2208
2129
2095
2052
1963
2382
2302
1971
2048
2235
1981
2058
2434
2121
2340
2027
2222
2138
2255
2089
2163
2184
1820
1884
2135
2042
1952
2171
2340
1932
2120
1897
1969
2259
1942
2136
2106
2191
2254
2051
2300
2193
2137
2345
1892
2333
2127
1988
1987
2103
2257
1958
1821
2141
2151
2280
2131
2179
2014
2055
2140
1913
2071
2190
2147
2311
1905
1843
2053
2047
2054
1899
1995
2303
2058
2087
1875
1993
2007
2105
2051
2054
2148
2083
1617
2326
2243
1796
2274
1761
1904
2296
2282
2107
2105
2039
2124
2009
2283
2209
2080
2160
2051
2186
1806
2149
2237
1919
2033
2115
1817
2096
2393
1877
2261
2163
2132
2137
2009
2034
2091
1904
1790
1853
2130
2185
1966
2130
2227
1977
2053
1722
1973
2201
1843
2041
2034
2133
1866
1885
2209
2059
2154
2181
1849
2247
2103
1924
2065
2028
2357
2009
1966
2037
2228
2045
2374
2087
1987
2117
2287
2046
2135
2251
2331
2278
2153
1925
2142
2103
2058
2268
2074
2301
2284
2181
2243
1925
2056
2149
2154
2144
2045
2172
1779
2380
2322
2094
2185
1860
1977
2302
2137
2157
1991
2163
2077
1980
2433
2108
2313
2189
2193
2148
1979
2457
2478
1968
1947
2205
2000
2196
2327
2201
2247
2182
2091
2196
2078
1932
2344
2175
1827
1880
2147
2050
2110
2237
2333
2031
2147
1943
2217
2445
1937
2116
2067
2245
2104
2058
2114
2071
2083
2384
1960
2393
2198
2192
2124
2085
2409
2057
2040
2124
2188
2237
2345
1627
1767
1735
2075
1688
1585
1905
1911
2086
1805
1687
1860
1648
1887
1752
1768
1921
1741
1900
1872
1654
1680
1837
1884
1827
1762
1882
1621
1977
2108
1536
1811
1684
1633
2003
1756
1816
1766
1806
1723
1631
1909
1729
1850
1680
1845
1894
1734
1863
2002
1685
1669
1925
1600
1754
2079
1797
1814
1824
1911
1799
1738
1727
1822
1750
1414
1525
1826
1887
1562
1807
2018
1604
1846
1538
1692
1917
1650
1964
1819
1946
1729
1856
1971
1747
1836
1997
1801
1892
1731
1752
1740
1606
1767
1836
1588
1688
1870
1894
2001
1886
2089
2026
2279
1913
1855
1973
2071
2237
1933
1801
2028
1973
1923
2055
1932
2099
1992
2044
2008
1858
2059
2000
2103
2056
2138
2121
1662
2104
2211
1781
2071
1937
1784
2219
2049
2058
1955
1790
1948
2006
2280
1799
2120
1839
2079
2043
1696
2086
2193
1895
1980
2102
1719
1992
2183
1955
2025
2061
2101
2076
2055
1833
2075
2152
1745
1790
2037
1930
1787
1903
2204
1792
2086
1792
1740
2185
1630
2132
1976
2140
1781
2073
2069
2046
2078
2193
1744
2288
1975
1943
1948
1934
2036
1845
1777
2085
2089
2235
2110
1880
1837
1899
2121
2063
1831
2072
2003
2338
2037
1815
2017
1954
2079
1791
1950
2175
1981
1956
1970
1824
2004
2215
2019
1983
1937
1913
1833
2246
2196
1737
2097
1908
1903
2197
1963
1895
1928
1967
2048
1955
2273
2014
1956
2090
1968
2144
1787
2010
2208
1956
1792
2099
1727
2037
2162
1887
2111
2028
1975
1987
2063
1895
2059
1939
1811
1636
2112
2130
1937
2060
2169
1678
2103
1965
1922
2179
1949
2113
1991
2025
1917
1933
2178
2166
2126
2245
1720
2307
1829
1947
1992
1841
2071
2003
1884
1977
1969
2111
2380
2047
1994
2137
2120
1871
1895
1958
2140
2179
1811
1883
1964
1913
2101
2072
2029
2322
2089
1959
2005
1964
1990
1968
1936
1969
2181
1957
1681
2156
2217
1756
2171
1743
1983
2377
2140
2041
2129
1908
1945
1929
2222
2088
2254
2041
2082
2071
1995
2222
2174
1898
1974
2071
2015
2046
2345
1856
2095
2109
1990
2109
2132
1982
2310
2189
1824
1813
2088
2141
2017
2118
2264
1808
2121
1858
2171
2155
1864
2055
1927
2174
1938
1997
2033
1877
2183
2187
1941
2354
2025
2024
2073
2116
2094
2014
1849
2022
2207
2301
2298
1932
2107
1882
2279
1970
1945
2067
2170
2258
1866
1843
1919
2039
2061
1878
1929
2129
1955
1991
1980
1949
1869
1854
2039
1946
2033
1927
1893
2269
2273
1860
2209
1786
1973
2226
2032
2072
1998
1986
2162
2011
2242
2044
2113
1962
2013
1989
1708
2064
2249
1900
1994
2130
1799
1956
2302
1920
2200
1864
2151
1959
2121
1884
2150
1930
1949
1655
2012
2178
1959
1940
2064
1797
2045
1833
2079
2092
1799
1976
1996
2156
1922
1808
2222
2138
2052
2144
1747
2201
2016
1974
1983
1924
2179
1840
1697
1859
2163
2074
2252
1762
1735
1786
1997
1799
1698
1772
1896
2013
1786
1646
1747
1834
2006
1729
1859
1930
1826
1824
1699
1802
1826
1894
1787
1717
1794
1824
1716
2031
1998
1567
1897
1607
1706
1984
1868
1819
1897
1878
1886
1691
1997
1864
1667
1850
1745
1808
1670
1802
1940
1836
1640
1930
1777
1795
1962
1803
1794
1792
1891
1826
1895
1708
1876
1819
1564
1530
1944
2111
1717
1831
1937
1607
1857
1683
1787
1910
1756
2044
1872
1922
1699
1673
1971
1795
2041
1991
1718
2062
1752
1841
1755
1736
1887
1798
1733
1678
1765
1909
1995
1836
1974
2066
2214
1946
1899
2014
1999
2188
1920
1775
1970
2042
2040
1930
1952
2156
2026
1925
2084
1786
1871
2064
1965
1970
2092
2095
1831
2033
2456
1719
2194
1907
1679
2194
1975
2243
2073
1860
2038
1841
2255
1945
1873
2091
1948
2130
1938
2017
2332
1834
1832
2024
1702
1866
2288
1923
2043
1970
2023
2207
2192
1941
2124
1963
1642
1752
1991
2031
1837
1943
2067
1843
2067
1899
1916
2134
1775
2100
1914
2055
1895
1978
2096
1987
2067
2107
1757
2410
1953
1994
2039
1900
2065
1863
1909
2019
2094
2144
2320
2014
2000
1943
2175
1842
1682
1855
2094
2089
1951
1762
1909
1975
1949
1983
2062
2207
2028
1789
1765
1946
1938
1955
1976
2080
1954
2058
1845
2093
2109
1755
2049
1701
1842
2316
2031
2025
1942
1963
1889
1838
2105
1893
2017
2037
2185
2161
1699
1990
2240
1768
1938
2180
1723
1940
2240
1910
1934
2011
2036
1894
1979
1960
2101
1899
1669
1559
1958
2082
1851
1928
2323
1599
1989
1770
1882
2091
1518
2101
1967
2131
1808
1708
2060
1853
1853
2170
1899
2252
1799
1760
2005
1863
2143
1835
1658
1835
2058
1992
2059
tempo: 5