100 100
2093
1986
2164
2411
2265
1972
2251
2287
2430
2040
1937
2088
2042
2259
2065
2030
2299
2128
2128
2190
1980
2153
2051
2159
2003
2165
2144
1813
2344
2485
2103
2187
1898
2018
2336
2095
2190
2149
1999
2167
2050
2381
2054
2247
2169
2113
2236
1894
2352
2185
2025
2098
2257
1934
2200
2414
2005
2344
2130
2092
2186
2034
1970
2310
1995
1902
1797
2106
2238
2014
2159
2264
1957
2255
2024
2233
2276
1924
2187
2003
2176
2075
2090
2307
2213
2266
2435
1744
2471
2062
1918
2157
1924
2290
2050
2015
1976
2173
2303
2383
1896
1933
2009
2100
2011
1841
2092
1898
2200
1971
1951
1934
1848
2154
1907
2054
2316
2082
1808
1818
1926
1947
2085
2064
1927
2199
2127
1606
2114
2229
1808
2144
1645
1906
2139
2084
2048
1965
1980
2142
1910
2077
2015
2065
1976
2065
2198
1777
2240
2220
1768
2086
2301
1761
1930
2255
1764
2146
1873
1993
2027
2103
2021
2170
1905
1786
1689
2001
2052
1820
2003
2235
1716
2087
1643
2038
2010
1816
2101
2014
1929
2037
1840
2024
2029
1908
2183
1963
2178
1980
1844
2163
1988
2181
1896
1671
1960
1920
1930
2175
2131
2065
2195
2324
2099
2040
2133
2198
2313
2073
1852
2043
2185
2107
2080
2095
2300
2176
1961
2120
1825
2110
2039
2011
2159
2114
2056
1890
2181
2105
1973
2255
1855
2076
2395
2136
2120
2082
2185
2167
2039
2263
2233
2213
2110
2077
2041
1842
2234
2267
2083
2013
2022
1952
2209
2427
2078
2293
2008
2183
2107
2025
1897
2318
2143
1818
1880
2011
2073
1973
2055
2191
2054
2294
1806
2004
2288
1827
2101
2248
2259
1883
2057
2333
2163
2221
2240
1979
2281
2130
2101
2011
1967
2211
2012
1760
2037
2211
2395
2387
1842
1810
1884
2175
1712
1706
1951
1991
2156
1802
1558
1934
1788
1997
1844
1823
2084
1949
1791
1912
1751
1908
1795
1784
1845
1823
1937
1564
1998
2170
1654
1854
1805
1671
2013
1864
1903
1916
1829
1814
1738
1955
1754
1908
1872
1997
1960
1689
1886
1982
1716
1789
1913
1867
1967
2082
1821
1874
2042
1917
1793
1786
1813
1928
1957
1600
1738
2003
2084
1844
1864
2118
1573
1994
1590
1746
1950
1698
1931
1698
2039
1678
1657
1809
1886
1885
1952
1828
2009
1818
1738
1814
1765
2037
1660
1595
1701
1931
2078
2154
2070
2037
2036
2345
2047
2072
2217
2220
2504
2082
2041
2015
2041
2081
2084
2068
2411
2127
1987
2120
1955
2021
2111
2074
2189
2128
2043
1936
2295
2379
1870
2295
1973
1974
2345
2073
1952
2048
1966
2107
1999
2301
2050
2132
2075
2244
2187
1845
2190
2291
2104
1856
2090
1722
2039
2473
1898
2393
2096
2208
2053
2071
1982
2185
2106
1839
1846
2096
2339
2110
2048
2209
1790
2265
1779
2128
2448
1963
2053
2132
2332
1963
2099
2268
2096
2178
2239
2078
2333
2154
2130
2001
1884
2144
2017
1838
1909
2277
2227
2454
2090
2000
2004
2299
1935
1965
2048
2073
2321
1934
1786
2079
1823
2110
2087
1846
2338
2036
2030
2016
1998
2119
1970
2139
2043
2124
2213
1747
2292
2463
1850
2291
1894
1962
2339
2036
2102
2028
2148
2052
1966
2213
2082
2085
2015
2202
2221
2015
2252
2116
1983
2029
2232
1803
2108
2406
1878
2300
2025
2107
2060
2089
1913
2324
1974
1688
1744
2186
2198
2041
2146
2287
1851
1960
1848
2011
2196
1738
2284
1904
2220
1990
1980
2232
2267
2137
2294
1981
2333
1988
2130
2239
1961
2274
1924
1790
1890
2281
2081
2227
2025
2256
2216
2272
1942
1950
2222
2090
2270
2135
1944
2108
2098
2247
2058
2127
2411
2042
2018
1961
1904
1941
2060
2149
2103
2203
2268
1809
2218
2313
1948
2331
1807
1968
2247
2338
2344
2235
1990
2243
2026
2339
2129
2296
2157
2104
2340
1894
2188
2342
1961
2158
2271
1922
2063
2423
1876
2277
2051
2276
2003
2109
2104
2128
2183
1727
1911
2195
2216
1957
2172
2500
2020
2238
1969
1900
2284
1905
2066
2106
2133
1912
1872
2156
2144
2203
2383
2037
2527
2002
2049
2118
2016
2345
2020
1908
2152
2147
2236
2305
1949
1990
2047
2181
1902
1843
1989
2194
2199
1996
1763
1988
2057
2041
1846
2030
2190
2125
1875
1972
1818
2006
1940
1995
2030
2038
1975
1845
2189
2152
1659
2187
1810
2010
2350
2095
1956
1980
1972
1973
1820
2212
2018
2013
2066
2142
2054
1866
2172
2265
1883
1923
1982
1733
2008
2212
1905
2187
1891
2030
1984
2015
1847
2045
2030
1884
1795
2087
2005
1936
2167
2181
1693
2108
1766
2032
1993
1809
2106
1981
2098
1744
1901
2139
2021
2074
2193
1893
2218
2166
2006
2023
2029
2244
1867
1776
1946
2127
2097
2233
1874
2185
1928
2197
1976
1919
2046
2095
2220
2009
1779
1878
1949
2030
1818
2032
2099
2087
2029
1970
1907
1815
2018
1974
1970
2011
2168
1718
2068
2256
1822
2191
1900
1915
2217
2101
2065
1979
1923
2142
1964
2254
2028
1986
1916
1979
2143
1927
2251
2184
2020
1867
2160
1713
1899
2276
1839
2161
1938
2243
2061
2027
1936
1969
2144
1782
1730
1973
2081
1910
2043
2169
1885
1997
1745
1868
2306
1704
1934
2023
2218
1902
2026
2179
1904
1969
2101
1906
2320
1887
1981
1877
1841
2052
1915
1829
2044
2102
2139
2209
1776
1713
1898
1926
1715
1770
1931
1943
2181
1838
1580
1785
1887
1875
1810
1735
2026
1806
1894
1891
1491
1815
1934
1845
1771
1932
1871
1657
1967
2037
1604
1958
1851
1513
2018
1728
1855
1717
1797
1866
1700
2013
1893
1867
1874
1768
1968
1746
2040
2057
1710
1717
1870
1557
1926
1937
1740
1941
1843
1632
1801
1775
1618
1917
1808
1519
1474
1936
1806
1736
1853
1987
1746
1867
1648
1701
1946
1791
1782
1860
2017
1743
1811
1976
1798
1995
1948
1612
1966
1796
1935
1825
1841
2024
1797
1796
1700
2021
2018
2008
1705
1802
1969
1891
1870
1649
1888
1934
2119
1906
1731
1956
1824
1969
1858
1924
1998
1696
1903
1859
1657
1859
1855
1817
2032
1843
2017
1654
1988
2101
1712
1963
1699
1801
2052
1785
1867
1976
1889
1821
1735
2071
1830
1843
1996
1886
1989
1590
1880
2009
1821
1812
1959
1624
1810
2234
1880
2060
1938
1955
1865
1935
1790
2001
1856
1484
1658
1978
1845
1745
1917
2106
1758
1943
1782
1845
2091
1627
1960
1918
2071
1843
1760
2135
1971
1809
2016
1762
2275
1805
1865
1864
1682
1891
1739
1714
1661
1859
2004
2022
2159
2200
2249
2361
2150
2072
2173
2093
2357
2112
2001
1999
2000
2102
2125
2189
2317
2009
1988
1970
1845
1935
2213
2067
2049
2062
2322
1744
2165
2241
1755
2321
1932
1930
2326
2123
2155
2297
1858
2256
2147
2281
2059
2270
2322
2187
2178
2063
2434
2177
1947
2047
2406
1848
2136
2383
2051
2217
2048
2094
2154
2187
2060
2296
2091
1720
1844
2141
2219
1923
2255
2402
1913
2095
1977
1905
2225
1885
2160
2278
2299
2141
2021
2229
2065
2064
2328
1908
2414
1922
1960
2157
1993
2172
2026
1841
2057
2173
2263
2347
2142
2294
2376
2542
2101
2130
2295
2279
2345
2004
1955
2072
2297
2155
2145
2103
2263
2281
2160
2238
2052
2068
2148
2180
2186
2488
2354
1874
2370
2632
2007
2485
2078
2056
2431
2368
2296
2228
2055
2133
2214
2538
2264
2333
2183
2159
2315
2105
2374
2363
tempo: 3