100 100
1931
2280
2238
1959
2291
2069
2274
2050
2148
2108
2359
2156
2098
2103
2062
2107
2371
2206
1994
1896
2020
2245
2086
2173
2010
2503
2082
2012
2151
2265
2129
2115
2187
1993
2168
2206
2039
2024
1859
2301
2038
1928
2362
2037
2226
2134
2476
2146
1959
2092
2096
2417
2249
2095
1930
2142
2000
2184
1820
2103
1787
2429
1990
2280
2408
2389
2038
1901
2122
2116
2354
2140
2336
2064
2168
2041
1894
2235
2036
1960
2091
2195
2178
1915
1932
2142
1865
2210
2035
1932
2081
2099
2411
2135
1996
1984
2085
2314
2041
1843
1567
1886
1906
1796
1863
1739
1850
1865
1836
1703
1897
1861
1577
1811
1716
1774
2014
1859
1791
1759
1846
1869
1794
1904
2166
1965
1725
1671
1930
1971
1933
2032
1881
1796
1984
1764
1781
1668
1448
1922
1737
1774
2050
1996
2041
1906
2119
2018
1448
1801
1781
2128
1935
1883
1829
1896
1864
1841
1756
1808
1606
2064
1768
1949
2128
1805
1744
1514
1933
1764
1964
1700
1894
1686
1685
1740
1703
1824
1755
1620
1780
1951
1898
1710
1632
1641
1586
1783
1880
1683
1850
1834
2070
1811
1929
1701
1874
1754
1890
1711
1722
1990
1886
1905
2179
1880
2170
1835
1987
1995
2229
2023
1852
2017
1884
1923
2069
2070
1907
1853
1882
2117
2051
1985
1919
2178
1972
1951
2012
1976
2011
2042
1776
1935
2172
1992
2004
1895
1643
1983
1999
1849
1957
1849
2089
1884
2282
1845
1744
1957
1904
2230
1899
1858
1865
2161
1937
2127
1853
1805
1718
2315
1876
2093
2166
2120
1725
1822
2012
2006
2062
2124
1864
1831
1862
1923
1901
1955
1753
1613
1899
1941
1955
1923
1761
1881
1664
1932
1933
1723
1943
1956
2163
1960
1891
1964
1913
2021
1752
1832
1638
2137
2047
1818
2050
2005
1912
1737
1809
1853
1878
1877
1831
2088
1681
1918
2120
1837
1863
1581
1792
1886
1902
1842
2050
2134
2001
1919
1866
2005
1996
2175
1855
2036
2082
1883
2071
1792
1576
2053
1987
1923
2096
1800
2111
1903
2164
2006
1682
1844
1821
2364
2021
1935
1879
2059
1997
2090
1752
1703
1668
2170
1883
1884
2077
1922
1797
1832
1975
2020
2001
1883
1884
1989
1891
1830
2032
2073
1801
1889
1888
1906
2035
1907
1817
1966
1710
2047
1894
1598
1991
2009
2112
1931
1777
1912
1921
1986
1736
1622
1692
1881
1920
1655
1967
1760
1929
1609
1928
1858
1939
1941
1781
1749
1652
1773
1967
1861
1839
1605
1740
1711
1657
1739
1915
1997
1688
1594
1817
1826
1740
1856
1593
1723
1692
1848
1530
1612
1632
1680
1782
1766
1786
1754
1931
1658
1976
1802
1555
1675
1835
1846
1966
1817
1631
1913
1733
1887
1503
1687
1592
2188
1781
1868
1907
2044
1674
1749
1861
1750
1718
1776
2004
1642
1897
1626
1751
1715
1817
1757
1552
1699
1819
1651
1504
1893
1773
1838
1961
1596
1960
1708
1892
1809
1829
1719
1823
1913
1656
1699
1729
1935
1845
1703
1978
1823
1942
1668
1943
1823
1919
1823
1738
1810
1753
1760
2052
1828
1898
1743
1588
1947
1818
1834
1875
2166
1906
1855
1865
1754
1943
1990
1867
1877
1855
1820
1975
1758
1585
2032
1864
1809
1981
1861
1931
1733
2104
1840
1584
1845
1832
2130
1922
1721
1616
1990
1879
1922
1728
1814
1604
2006
1894
2013
2113
1929
1826
1667
1937
1907
1943
2063
1846
1778
1845
1716
1748
1774
1730
1565
1914
1872
1903
1827
1842
1763
1484
1881
1630
1631
1869
1838
1998
1803
1808
1863
1828
1849
1667
1624
1703
1885
1822
1789
1806
1828
1891
1751
1924
1837
1936
1848
1538
1736
1707
1847
1937
1836
1557
1701
1632
1956
1773
1750
1860
1971
1644
1824
1892
1874
1739
2059
1741
1753
1830
1746
1829
1697
1444
1996
1808
1598
2113
1775
2031
1843
1991
1829
1681
1828
1691
2076
1828
1695
1737
1857
1790
1811
1800
1578
1507
2241
1770
2041
2053
1872
1746
1691
1952
1776
1885
1857
1960
1623
1768
1768
1839
1891
1656
1628
1862
1989
1821
1669
1777
1855
1567
1726
1752
1431
1847
1870
2000
1871
1848
1841
1957
2045
1623
1662
1591
2075
2050
1906
1917
1928
2044
1853
2080
2036
2062
2115
1871
1929
1789
1916
2091
2189
1954
1934
1911
1963
1845
2084
2085
2194
1847
1856
1944
2155
1894
2210
1944
2006
2148
2055
2076
1719
1624
2001
1872
2092
2189
2004
2030
1808
2197
2118
1671
2010
1938
2317
2028
2038
1828
2036
1907
2160
1834
2008
1725
2220
1876
2064
2225
2040
1976
1887
2137
1845
2024
1982
1954
1942
1888
1923
1921
1947
1831
1707
2003
1885
2047
1940
1739
1926
1769
1867
2184
1793
2072
1926
2259
1959
1788
1967
1965
2069
1900
1682
1885
2298
2033
1958
2176
1915
2222
1982
2192
2065
2019
2004
1918
2019
1996
2030
2211
2184
1973
2034
1985
2137
1976
1992
2164
2476
2081
1982
1955
2163
2174
2277
2000
1961
2110
2008
2085
1860
1673
2107
2007
1984
2224
2050
2217
1949
2362
2163
1755
2095
1868
2461
2050
2036
2048
2163
2112
2004
1916
2051
1797
2457
2061
2276
2300
2204
2027
1907
2111
2119
2032
1982
2146
2127
2033
1813
2065
2118
2077
1843
1942
2000
2129
2074
1920
1889
1924
2135
2021
1850
2083
2040
2303
1994
1953
1833
2085
2023
1849
1891
1716
1924
1851
1758
2003
1766
1800
1790
1751
1853
2183
1827
1805
1660
1606
1911
1993
1884
1630
1847
1753
2105
1754
1885
1944
1980
1801
1700
1745
1958
1859
2062
1647
1851
1975
1801
1797
1670
1407
1920
1826
1581
2152
1983
1909
1934
2037
2080
1593
1842
1898
2157
1829
1806
1597
2063
1791
1939
1749
1754
1537
2174
1703
1932
2110
1980
1956
1698
1911
1812
1864
1858
2073
1674
1806
1772
1721
1926
1640
1779
2082
1977
1927
1737
1598
1877
1619
1783
1690
1607
1955
1738
2084
1849
1776
1764
1956
2051
1687
1392
1897
2164
2184
1918
2097
2102
2196
1998
2201
1954
2174
2077
2041
2137
2126
2049
2333
2043
2037
2000
1927
2090
1970
2107
2237
2374
2026
1673
2125
2103
2222
2042
1868
2101
2065
2137
1939
1762
1580
2217
2162
2132
2292
2144
2359
2205
2468
2123
1726
2064
1985
2383
2224
2191
1995
2139
2071
2143
1843
2015
1921
2547
2109
2137
2505
2298
2005
1984
2098
2016
2235
1937
2179
2019
2149
1881
1898
2076
1973
1954
2187
2226
2177
2013
1836
2104
1848
1950
2111
1657
2379
2168
2226
2139
2044
2141
2166
2325
2056
1930
1562
1922
1873
1725
1793
1675
1843
1704
1896
1683
1999
2038
1796
1800
1716
1786
1843
1890
1686
1698
1684
1869
1708
1693
1755
2023
1856
1715
1774
1866
1938
1784
1700
1635
1852
1689
1858
1595
1543
1805
1827
1902
1927
1659
1797
1723
2110
1712
1588
1751
1809
2002
1911
1835
1591
1931
1624
1772
1796
1729
1646
1971
1746
1966
2016
1867
1620
1615
1768
1810
1815
1778
1846
1732
1770
1722
1709
1723
1726
1581
1724
1707
1858
1667
1530
1846
1625
1805
1985
1598
1864
1833
1985
1779
1621
1849
1786
1997
1766
1552
2020
2281
2206
1900
2234
2197
2251
1872
2134
2114
2270
2237
2119
2159
1924
1958
2324
2143
2122
1980
2000
2188
2087
2047
2131
2289
2074
1969
2072
2139
2032
2150
1948
2132
2124
2168
1992
1901
1824
2141
2059
2048
2429
2179
2230
2132
2339
2200
1929
2120
tempo: 6