200 200
4145
3918
4108
4096
3821
3792
3989
3515
3957
3760
4000
3442
3796
3433
3617
4130
3800
3746
3914
4016
3596
3861
3986
3822
4277
4156
4020
3993
4003
3671
3988
4320
3620
3632
3759
3895
4024
3982
3843
3614
3674
3708
3599
3931
3602
3598
3853
3633
3739
3630
4070
3822
3736
3928
3829
3522
3952
3868
3662
3843
4053
3853
3869
3939
4093
4323
3706
3589
3654
4028
4114
3671
3559
3945
3750
3777
3719
3986
4193
3835
3668
4127
3930
4083
3556
4047
3962
3478
3465
3883
3825
3969
3553
3664
3943
3838
3651
3817
3826
3876
4196
3926
3763
4132
3833
3444
3848
3968
3626
3933
3729
3872
3173
3658
4074
3986
3543
4060
3810
3976
4088
3812
3888
3826
3908
3667
3712
3634
4020
3855
3955
3723
3576
3564
3747
4003
3806
3508
3277
3748
3731
3833
3887
3360
3798
3800
3687
3776
3914
3683
3869
3906
3981
3896
3630
4005
4054
3589
3875
4012
3468
3795
3652
3843
3859
3533
3678
3627
3860
3692
3571
3621
4168
4055
3537
3740
3915
4213
3687
4229
3944
4161
3859
3739
3772
3775
4125
3675
3764
3927
3683
3389
3809
4252
3685
3930
3661
3350
3542
3534
4364
4224
4232
4384
4117
4286
4225
3722
4206
4064
4335
3651
4129
4110
3982
4409
3947
4190
4309
4262
3451
4385
4322
3918
4563
4441
4289
4024
4439
4194
4300
4437
3876
4301
4034
4270
4461
4044
4371
3812
3923
4170
3767
4275
3724
3955
4206
4014
3931
4353
4226
4212
4104
4177
4037
4079
4163
4335
3834
3966
4416
4209
4207
4118
4286
4684
4167
4312
4139
4109
4176
4038
4178
4126
4060
4164
3949
4245
4355
4237
3923
4624
4159
4383
4070
4132
4035
3892
3839
4364
4043
4232
4046
4045
4242
4023
4096
4277
4489
4118
4388
4332
4201
4727
4110
3649
3997
4125
3886
4018
3984
4120
3730
4171
4348
4248
3923
4540
3903
4483
4381
3942
4363
4217
4308
3849
4080
3966
4242
3977
4318
4011
4090
3604
4126
4090
4037
4039
3858
4268
3893
4144
3934
3974
4142
4142
3884
4154
4164
4028
4124
4248
4404
4067
3937
4101
4129
3780
4152
4533
3793
3889
4088
4028
4141
3890
3995
3935
4208
4245
3738
4011
4422
4450
4022
4076
4215
4312
3989
4582
4046
4509
4157
4561
4198
4054
4186
4213
4209
4274
4085
3806
4122
4209
3770
4447
3831
3916
3905
3799
4679
4066
4466
4560
4420
4349
4111
3854
3977
4128
4262
3745
4122
4087
3791
4391
4082
3870
4100
4242
3639
4301
4122
3886
4509
4314
4327
4336
4425
3995
4408
4454
4028
4295
3805
4221
4321
4196
4476
3878
3617
4356
4043
4262
3737
3962
4115
4093
4218
4247
4307
4362
4164
4268
4163
3963
3966
4264
3570
3834
4293
4349
4343
4233
4148
4389
4147
4422
4019
4043
3943
4161
4028
4085
4057
4113
4039
4110
4295
4072
4113
4338
4360
4260
4133
4202
3896
3926
3833
4142
4172
4216
4005
4110
3882
4092
4062
4179
4379
4063
4545
4200
4595
4464
4129
3709
4305
4139
3935
4150
4142
4505
3465
3987
4440
4310
4020
4318
4091
4532
4393
3996
4189
4443
4363
3891
3913
3794
4482
4039
4268
4165
4181
3792
3902
3991
4306
4001
3531
3844
3568
4243
4125
3970
4222
3988
3985
4152
4306
3830
4149
4336
4414
4335
4073
4160
4375
3852
3920
4375
4041
4217
4305
3994
4077
3898
4097
3908
4106
4277
3968
4037
4528
4101
3940
4198
3979
4238
4028
4252
4141
4756
4134
4351
4284
3810
4275
4208
4369
4238
4045
4275
4073
4315
4057
4354
3754
3973
3925
4100
4425
3917
4467
4605
4315
4034
4238
3681
3793
4217
4013
3726
3970
3724
4033
4308
3688
4196
4184
4146
3406
4384
3966
4057
4593
4290
4208
4129
4168
4177
4121
4630
4197
4095
4075
4201
4422
3940
4187
3621
3988
4090
4114
4216
3724
3949
3944
3978
4012
4380
4121
4101
4071
4386
3842
3991
3992
4036
3848
3954
4077
3924
4026
4086
4023
4364
4176
3847
3611
4123
4017
3994
3939
4003
3864
3918
3703
3983
4482
4129
4169
4445
3961
4114
3842
4401
4013
3792
4024
4142
3878
3993
3615
4075
4099
3874
4257
4019
3909
4162
4273
4078
4217
4384
4150
3639
4015
4034
3884
3959
3983
4234
3282
3952
4192
4354
4049
4024
3634
4322
4415
3933
4049
4286
4217
3712
3930
3752
4206
3749
4153
4013
3821
3695
3966
4014
4230
3807
3524
3879
3675
3947
4156
3982
3901
4096
3752
4018
4192
3991
3787
4050
4256
3888
3798
3995
4347
3837
4030
4369
3878
3936
3870
3646
4042
3973
4117
3771
3900
4047
3735
3854
4481
4151
3842
3986
4045
4244
3777
4138
4040
4543
3897
4157
4210
3933
4391
4031
4173
3764
4094
3759
3913
4118
3795
4425
3741
3805
3833
3852
4187
3879
4340
4287
3889
4075
4021
3625
3906
4063
3945
3414
3847
3928
3821
4115
3898
3789
4120
4070
3406
4072
3951
3567
4459
4436
3946
4047
4168
3866
4115
4460
3746
3881
3683
4006
4300
3789
4144
3766
3753
3819
4038
4166
3563
3870
3824
3957
3945
3919
3991
4132
4101
4009
3905
3850
3927
3867
3517
3599
4149
4034
4008
4096
3949
4231
3806
3680
3773
4028
3855
3878
3701
3836
3763
3994
3687
4075
4163
3972
4111
4056
4121
4077
3866
4059
4233
3561
3794
3778
3640
4002
3980
3807
3830
3760
3800
4015
3808
3771
4386
3951
4023
4148
3889
3516
4103
3996
3746
3998
3912
4049
3366
3677
4262
3996
3945
4165
3800
4068
4114
3997
4153
4318
3949
3734
3714
3441
4189
3616
4028
3949
4043
3486
3891
3993
3931
3778
3333
3847
3732
4066
3862
3659
4051
3834
3552
3731
4010
3655
4015
4222
3927
4117
3913
3887
4180
3780
3934
4091
3715
3870
4067
3901
3722
3481
3626
3649
3794
3860
3728
3809
4263
4067
3836
3875
3821
4172
3682
3895
4153
4326
3854
3956
4083
3745
3943
3923
3996
3969
3780
3404
3970
4077
3682
4152
3784
3671
3553
3879
4709
4067
4568
4641
4025
4359
4476
3698
4038
4064
4264
3766
4103
4106
4040
4555
4134
4246
4182
4184
3580
4301
4254
3999
4694
4149
4419
4296
4612
4109
4178
4538
4104
4254
3991
4552
4342
4325
4480
3580
3817
4182
3855
4436
3797
4117
4010
4092
4175
4456
4097
4313
4343
4291
4067
3869
4369
4243
3740
4231
4294
4070
4169
4186
4176
4708
4352
4015
3928
4291
4122
3910
3963
4026
4108
4093
4105
4248
4491
4226
4192
4641
4294
4425
4062
4342
4182
3937
3794
4019
4092
4251
4187
4361
4304
4210
4212
4305
4238
4228
4611
4185
4369
4564
4114
3638
4288
4086
3829
4268
4101
4456
3407
3969
4395
4038
3999
4391
3918
4593
4567
3877
4293
4242
4441
4019
4083
3761
4205
4028
4382
4222
4287
4025
3987
3960
4183
4035
3874
4378
4083
4076
4166
3814
4217
4158
4115
4055
4382
4074
3932
4260
4339
4320
4041
4250
4529
3644
4022
4370
3998
4240
4004
3948
4068
4007
4390
4017
4233
3993
3844
4036
4536
4616
4008
4348
3903
4385
3960
4353
4118
4793
4133
4512
4450
4060
4233
4185
4284
4229
3982
3909
3950
4687
4071
4234
3784
3987
3855
3991
3763
3842
3914
3945
3786
3859
3943
3392
3720
3721
4151
3475
3666
3385
3692
3912
3851
3825
3906
3937
3429
3797
4015
3759
4299
4108
4144
3805
4132
3860
4002
3931
3696
4078
4040
4241
3839
4082
3983
3808
3582
4023
3515
3770
3699
3656
3654
3773
3813
3828
4083
3797
3668
3946
3658
3663
3644
3915
3650
3731
4136
3704
3941
4038
3862
4369
3579
3952
3773
3784
3945
4118
3660
4072
3900
3883
3854
3963
4029
3891
3711
4125
3871
3901
3777
3976
3968
3440
3640
3708
3786
4120
3889
3624
3862
3986
3820
3819
3986
3753
4131
4089
4090
4135
3817
3389
3736
3944
3794
3771
3837
4003
3360
3635
3978
4002
3657
4465
3753
3942
4129
3662
4136
4055
3890
3648
3921
3852
3945
3851
4019
3852
3652
3672
3526
3687
3711
3616
3389
3714
3523
3677
3635
3701
4009
3825
3568
3724
3909
3337
3938
4001
3966
3703
3676
4220
3896
3560
3711
4005
3580
3684
3787
3815
3645
3557
3882
3619
3837
4011
3719
3715
4148
4159
3596
3817
3691
3876
3862
4046
3731
4249
3607
4108
4112
3850
3950
3727
3966
3893
3729
3730
3794
4022
3606
4145
3591
3510
3552
3851
3929
3897
3845
4129
3839
3719
3818
3588
3587
3687
3695
3589
3751
3746
3608
4100
3817
3737
3772
3828
3041
3936
3835
3783
4090
3980
3964
3904
3910
3616
3645
3976
3602
3643
3704
3738
3903
3779
3899
3544
3478
3741
3638
3961
3605
3723
3571
3494
3863
3994
3708
3849
3736
3709
3445
3575
3604
3689
3581
3645
3908
3773
3621
3882
3867
4165
3690
3806
3552
3771
3691
3739
3617
3714
3578
3743
3614
3809
4002
3810
3647
4066
3951
3812
3677
3766
3944
3622
3726
3860
3539
3619
3824
3800
3940
3638
3712
3866
3781
3834
4050
3870
4005
4134
3951
3296
4064
3773
3559
3807
3861
4020
3026
3795
3847
3836
3643
3911
3603
4160
4177
3515
3860
3926
3929
3607
3820
3765
3913
3298
3762
4039
3565
3529
3841
3743
3717
3469
3368
3919
3313
3657
3553
3438
3669
3900
3356
3749
4109
3688
3726
3874
3718
3881
3803
3660
3928
3798
3817
3854
3494
3756
3768
3794
3709
3763
3787
3650
4062
3907
3569
3521
3995
3792
3709
3744
3466
3955
3687
3961
3623
4344
3599
3920
3852
3703
3874
3659
3758
3697
3767
3468
3581
3850
3464
4035
3752
3651
3494
3662
4618
4178
4385
4675
4385
4443
4395
4038
4336
4346
4275
4167
4111
4081
4040
4668
4340
4472
4466
4335
3643
4497
4242
4192
4893
4497
4696
4325
4607
4183
4675
4666
4192
4403
4236
4458
4559
4307
4373
3930
4083
4573
4084
4333
4076
4431
4243
4234
4194
4561
4401
4523
4190
4427
4201
4381
4318
4373
4088
4321
4509
4210
4195
4737
4337
5028
4379
4281
4129
4402
4143
4227
4123
4190
4308
4537
4008
4273
4410
4351
4498
4551
4401
4465
4207
4463
4271
4085
3997
4326
4258
4494
4387
4298
4719
4329
4404
4341
4641
4311
4768
4498
4330
4618
4167
3884
4202
4245
4056
4176
4353
4631
3746
4123
4645
4550
4217
5024
4070
4670
4915
4248
4570
4619
4363
4200
4253
4238
4361
4218
4904
4394
4255
3793
4043
4369
4236
4092
3992
4244
4053
4291
4253
4243
4319
4454
4064
4176
4557
3980
4255
4468
4623
4529
4267
4409
4397
4040
4283
4675
4090
3967
4366
4343
4045
4246
4273
4150
4204
4360
4006
4066
4741
4515
3963
4382
4524
4552
4139
4497
4306
5045
4249
4698
4397
4454
4561
4090
4466
4186
4264
4196
4267
4510
4291
4584
4175
4010
4048
4276
4494
3859
4206
4248
4058
4142
4192
3636
3956
4044
3993
3427
4107
3787
4112
4279
3879
4061
4171
4054
3506
4281
3847
3757
4458
4358
4143
4170
4123
4022
4233
4477
3957
4085
3944
4249
4251
3915
4131
3766
3799
3893
3821
4118
3613
3764
3826
3996
3969
4005
4143
4063
4170
4185
3752
3919
4040
3880
3559
3855
4029
4045
3710
4128
4027
4427
3991
3961
3839
3686
3916
3960
3731
3964
3869
3935
4007
4027
4080
3999
3861
4280
4191
4054
3920
4110
4090
3613
3528
3906
3677
4103
3805
3882
3906
3707
4041
4054
3948
3932
4319
4043
3944
4270
3879
3611
3927
4062
3692
4075
3972
4013
3306
3901
4210
4201
3791
4144
3623
4249
4152
3729
3977
4222
4041
3718
3653
3735
4049
3844
4160
4057
3773
3564
3881
3996
4096
3890
3398
3804
3592
3912
3905
4018
3859
3755
3760
3858
4094
3750
3729
4050
3969
4031
3764
3952
4162
3900
4040
4157
3845
3903
4027
3901
3929
3859
3949
3630
3889
4045
3615
3573
4089
3998
3785
3980
3908
4141
3976
4145
3914
4710
4096
4151
4142
3682
4185
4059
4006
3700
3790
3730
3740
4146
3757
4122
3774
3607
3746
3721
4295
3963
4270
4355
4479
4029
4153
3933
3831
3943
4305
3708
4070
3811
3749
4471
4234
3983
4059
4118
3487
4178
3942
4121
4335
4167
4170
4014
4035
3962
4167
4633
3973
3715
4029
4244
4120
4018
4118
4037
3841
4026
3829
4296
3547
3791
4198
3783
3963
4321
4022
3824
4274
4159
4012
3732
3966
4117
3448
4124
4178
4251
4084
4211
3960
4597
4190
4119
3852
3924
4027
3972
3978
3897
3877
3820
4027
4024
4239
3749
3973
4542
3911
4404
4116
4125
3821
3666
3618
3880
4131
4065
3944
3947
4275
3985
3849
3979
4066
4310
4469
4050
4442
4338
3859
3662
3902
4096
3627
4037
4052
4055
3425
3744
4165
4276
3888
4006
3780
4194
4293
3996
4202
4228
4222
3838
4039
3710
4077
3788
4087
3840
3999
3768
4002
3834
4063
3947
3539
3928
3558
3853
3841
3740
3929
3933
3713
3826
4536
3502
3955
3848
4347
4146
3960
3963
4157
3969
4181
4078
3630
4017
4076
4142
3883
3814
3926
3974
3855
4037
3615
3851
4234
4224
3621
4124
3837
4325
3848
3931
3991
4728
3935
3984
4192
3962
4164
3873
4316
4173
3733
3929
4000
4373
3667
4162
3619
3803
3783
3857
4198
3981
4206
4365
4142
4041
4139
3679
4096
4131
4137
3761
3831
3806
3828
4491
4139
3954
4129
4305
3506
4158
4030
3848
4429
4192
4166
3987
4441
4132
4186
4610
3869
4229
4047
4045
4446
4169
4096
3589
3828
4257
3944
3880
3863
4277
4101
4047
3880
4195
4065
4020
3963
4162
3948
3972
3985
4118
3827
3963
4150
4268
4264
4483
4176
4552
4036
3998
3626
4132
4022
3828
3874
3938
4190
4149
3877
4065
4151
3848
4200
4648
4090
4149
3919
4219
3895
3675
3698
3990
3990
3847
4175
3815
4079
3928
3938
4199
3986
4011
4556
4394
4402
4346
3950
3774
3873
4039
3794
3974
4222
4402
3409
4013
4450
4091
3996
4709
3936
4357
4277
3934
4459
4215
4129
3795
4106
3959
4212
3702
4268
3954
4023
3603
3832
4013
4126
3976
3540
3959
3771
3921
3882
3872
4218
4007
4087
3888
4467
3720
3867
4173
4134
4077
3995
4202
4266
3868
4230
4151
3890
4057
3935
4225
3885
3833
3858
3867
4038
3990
3707
4033
4109
4114
3825
4222
3968
4404
3789
4111
4041
4334
3919
4624
3983
3839
4134
4220
4184
3906
3917
3957
4047
4203
4021
4221
3497
3688
3891
3950
4064
4051
3763
3940
3896
3861
3944
3534
3755
3699
3865
3555
3904
3502
3504
3674
3767
3927
3760
3755
3272
4132
3836
3823
4140
3998
4030
3828
4252
3612
3934
4270
3614
3631
3713
3987
3882
4029
4154
3697
3680
3873
3830
3853
3514
3674
3778
3858
3705
3786
4084
4131
3991
4087
3860
3695
3639
3885
3422
3591
4051
3658
3960
4007
3763
4287
3732
3668
3807
3853
3786
3873
3694
3790
3864
3776
3901
3695
4076
3734
3987
4049
3954
3931
3880
3852
3994
3490
3481
3649
3669
4083
3477
3710
3771
3532
3911
3729
3796
3869
4313
3868
4031
4011
3716
3401
3826
3846
3673
3794
3710
3977
3244
3751
4377
3942
3697
4068
3743
3990
4007
3643
3977
4025
4065
3355
3729
3699
3789
3493
3968
3977
3495
3398
3659
3726
3842
3791
3280
3637
3524
3954
3751
3610
3752
3559
3784
3721
3919
3378
3875
4058
3990
4012
3641
3834
3869
3577
3714
4035
3574
3627
3717
3846
3736
3783
3713
3613
3770
4030
3483
3757
3994
3992
3696
3712
3819
4021
3859
3783
3723
4519
3651
4028
4111
3676
4043
3853
4077
3780
3663
3763
3770
3962
3670
3991
3734
3675
3649
3721
4390
4234
4411
4588
4336
4199
4240
3871
3907
3955
4142
3653
3894
3931
3776
4326
4088
3963
4164
4059
3494
4285
4068
3770
4531
4152
4118
4111
4154
3905
4072
4688
3945
4106
3933
4341
4074
4080
4451
3718
3900
4226
4066
4357
3846
4034
4041
3931
3946
4299
4178
4168
4178
4226
4205
3872
4156
3929
3752
3998
4368
3942
4090
4273
3847
4490
4126
3932
3757
4072
4052
3910
3993
4189
4163
3783
3728
4054
4246
3926
4042
4564
4154
4241
4116
4234
4060
3537
3883
4065
3982
4192
3670
4116
3978
3968
4083
4383
4103
4024
4399
4260
4233
4501
4121
3532
4106
3986
3823
3924
3913
4454
3388
3907
4214
4165
3943
4071
3704
4187
4143
4135
4220
4440
4302
3523
4069
3839
4222
3917
4174
4221
3925
3826
4015
3750
3989
3739
3590
4049
3660
4011
4050
4032
4029
3936
3783
3856
4291
3743
3906
4289
4184
4046
4054
4040
4419
3742
3930
4123
3916
4093
4179
3997
3992
3859
3887
3833
4007
4189
3826
3966
4427
4284
3851
4039
3976
4023
3989
4037
3977
4608
3758
4308
4254
3986
4303
4084
4264
4011
3921
3980
4086
4082
3815
4392
3681
4116
3982
4051
4034
3971
3907
4113
4173
3913
3994
3621
3768
3840
4150
3592
3850
3732
3775
4266
4027
3963
4099
4180
3476
4004
3858
3844
4040
4214
4109
3981
4323
4005
4320
4274
3692
3866
3718
4428
4269
4280
3993
3816
3794
4169
3575
3920
3690
4171
3771
3815
4007
3920
4249
3974
4055
4047
3924
3742
3739
3990
3717
3816
4120
3944
4054
4126
4054
4434
3891
3876
4017
3969
3929
3933
3872
4157
3839
3799
3643
3885
4112
3784
4072
4232
4194
4072
3880
4056
3864
3762
3765
3890
4034
3826
3965
3889
4059
3817
3990
4013
4213
4056
4340
4036
4083
4380
4130
3710
4034
3975
3649
3740
3952
4125
3496
3832
4029
4105
3922
4410
3673
4346
4284
3733
3984
4195
3886
3677
3761
3691
4264
3837
4249
4011
3878
3535
3638
3668
3707
3733
3544
3794
3773
4083
3788
3832
4018
3937
3674
3936
4028
3662
4018
4181
3968
4007
3985
3935
3933
3685
3916
4036
3868
4140
3830
3838
3784
3731
3815
3908
3860
3840
3870
3759
4236
3971
3952
4209
4019
4090
3690
4038
4197
4614
3777
3906
4008
3970
3793
3912
4156
4030
3981
3814
3729
4107
3863
4020
3524
3836
3891
3710
3812
3853
3993
4194
3813
3952
3843
3428
3616
3777
3963
3427
3618
3502
3608
3885
3829
3648
3892
4046
3349
3998
3486
3664
4080
3851
3852
3682
4170
3817
3579
4086
3706
3755
3595
4114
3857
3975
3967
3491
3414
3868
3389
3979
3580
3576
3780
3478
3724
3711
3836
3723
3939
3818
3517
3431
3464
3623
3347
3733
3837
3805
3832
4142
3820
4243
3794
3729
3857
3686
3855
3791
3510
3928
3672
3722
3617
3643
3829
3537
3811
4009
3753
3874
3758
3940
3913
3452
3390
3650
3743
3668
3670
3555
3755
3844
3605
3480
3596
3761
4066
3917
3783
4013
3741
3388
3722
3876
3500
3707
3820
3902
3452
3647
3871
4071
3456
4047
3483
4020
3820
3566
3837
3898
3941
3642
3743
3383
3895
3707
3757
3924
3683
3216
3465
3920
3585
3671
3367
3797
3443
3608
3819
3671
3945
3578
3542
3528
3825
3550
3795
3851
3856
3727
3597
3912
3972
3497
3763
3993
3655
3728
3633
3907
3716
3593
3697
3569
3485
3833
3556
3571
3840
3924
3617
3698
3843
3950
3798
3640
3830
4309
3625
3912
3808
3689
3807
3961
3890
3503
3700
3563
3605
3827
3703
4050
3627
3504
3641
3514
4475
4152
4563
4757
4537
4319
4309
4069
4209
4398
4251
3955
4129
4204
4121
4537
4166
4303
4234
4276
3767
4602
4499
4110
4718
4439
4494
4329
4633
4175
4679
4607
4157
4394
4068
4614
4372
4310
4312
4047
3824
4328
4140
4400
3980
4177
4268
4388
4244
4373
4390
4509
4424
4271
4248
4144
3940
4279
4047
4405
4643
4293
4145
4656
4283
4676
4243
4187
4086
4336
4435
4499
4262
4440
4188
4340
4145
4473
4481
4297
4112
4642
4298
4551
4274
4514
4561
3977
3921
4275
4081
4290
4400
4116
4391
4088
4183
4115
4396
4236
4721
4257
4373
4691
4252
3967
4285
4325
4083
4233
4386
4328
3743
4058
4542
4482
4084
4508
4333
4494
4504
4306
4419
4572
4398
4107
4146
4258
4439
4059
4394
4429
4359
3778
4144
4434
4166
3965
3875
4182
3886
4232
3952
3925
4341
4206
3919
4334
4470
4116
4561
4426
4488
4438
4177
4169
4418
4164
4347
4768
3879
4211
4484
4429
3917
4101
4206
4125
4135
4418
4006
4169
4704
4577
4119
4176
4280
4512
4256
4411
4212
4840
4284
4553
4454
4064
4473
4402
4692
4483
4177
4101
4236
4627
4111
4421
4031
4060
3926
3994
4287
4235
4362
4457
4362
4113
4087
3848
4040
4060
4123
3810
4213
3861
4004
4200
4205
4316
4143
4406
3666
4597
4066
4023
4501
4372
4300
4048
4318
4092
4336
4808
4058
4229
3927
4234
4399
4222
4349
3838
3926
4319
4109
4294
3728
4041
4106
3911
4210
4259
4432
4435
4390
4678
4093
4019
4282
4167
3769
3975
4425
4237
4283
4304
4218
4737
4121
4109
3898
4356
4059
4109
3927
4415
4162
4249
4006
4293
4493
4234
4265
4436
4214
4474
3993
4294
4149
3513
3953
4155
4225
4368
4144
3911
4195
4145
4268
4137
4147
4101
4607
4238
4271
4517
4020
3610
4070
4322
3852
4140
4034
4305
3596
4159
4341
4541
3837
4395
4009
4241
4409
4054
4214
4627
4011
4085
4240
3925
4147
3788
4399
4213
3901
3676
4169
4143
3977
3875
3439
3923
3982
4138
4245
4035
4043
4011
3870
4057
4294
3838
3980
4187
4205
4122
4046
4053
4237
3998
4144
4076
3991
4061
4228
4137
3974
3899
4207
4054
4067
4095
4013
4038
4783
4296
3988
4114
4280
4328
4101
4032
4274
4561
4082
4246
4202
4009
4195
4114
4165
4034
4131
3825
3985
4164
3892
4215
4022
3959
4226
3964
4493
4106
4348
4349
4134
4194
4127
3577
4070
3993
4170
3655
3910
3973
3844
4265
3880
4118
4269
4019
3489
4411
4076
3877
4546
4208
4045
3944
4294
3935
4153
4497
3898
4168
3908
4253
4262
4205
4236
3774
3688
4225
3936
4112
3662
4058
4168
3770
3765
3974
4198
4174
4015
4233
3819
3940
3988
4041
3645
4001
4151
4153
4174
4333
4226
4686
4047
4087
3733
3912
4184
4172
3753
3984
4100
4023
4003
4089
4105
4117
4074
4438
4200
4258
3987
4290
3871
3601
3563
3942
3892
4105
3767
3983
3943
3922
4054
4082
3949
4085
4237
4193
4085
4299
4063
3605
3954
4127
3744
4022
4048
4082
3402
3854
4187
4247
3881
4256
3776
4552
4282
3805
4420
4230
4152
3890
3818
3812
4214
3836
4316
3923
3928
3675
4105
4031
4105
4030
3654
3972
3684
4152
3853
4066
3830
3857
3923
3807
4249
3842
3985
3967
4155
4173
3831
4251
4193
3918
4103
4316
3778
3840
4186
3954
3892
3688
4046
3710
4039
3905
3645
3780
4276
4086
3753
3911
3876
4207
3914
4160
4122
4495
4059
4130
4013
3900
4203
4008
4269
4123
3989
4054
3830
4247
3554
4394
3859
3793
3675
3833
4141
4001
4177
4155
4160
4026
4328
3529
3774
4003
4229
3814
3921
3684
3882
4063
4062
3988
4182
4089
3551
4134
3972
3990
4350
4184
4128
4222
4108
3840
3894
4343
3877
4160
3867
4259
3997
4128
4051
3751
3703
4260
3757
4063
3505
3745
4040
3765
3961
4151
4085
3926
4122
4163
3825
3943
4092
4027
3547
4080
4147
3762
4157
4111
4009
4358
3776
4051
3820
3813
4244
3828
3813
4143
4046
3883
3913
4189
4331
3874
4004
4406
3980
4039
3867
4045
4059
3650
3536
4065
3925
3943
4059
3938
3990
3767
4114
3834
4111
3851
4452
4065
4191
4535
3874
3427
3870
4210
3724
4276
4130
4195
3403
3893
4129
4087
3968
4386
3854
4340
4095
3780
4042
4344
4157
3710
3826
3711
4009
3781
4045
4093
3748
3614
3963
3967
4006
3707
3392
4116
3820
3828
3684
3779
3798
3685
3810
3860
3899
3814
4006
4144
4112
3981
3832
4352
4347
3792
3959
4300
3691
3913
3864
3871
3863
3764
4217
4009
3844
3818
3756
3656
4457
4229
3823
3847
3861
4087
3889
4018
3979
4181
4007
4084
4103
4259
4274
3905
4131
3947
3973
3659
3911
4012
3609
4179
3853
3629
3615
3758
4398
4146
4223
4225
4211
4005
4309
3512
3679
3904
4047
3976
3799
4015
3672
4180
4225
4224
4101
3788
3423
4273
4114
3901
4559
4228
4142
3850
4216
3960
4053
4568
3948
4264
3851
4139
4264
4127
4302
3715
3727
4237
3750
4413
3682
3937
3872
4082
4070
4108
4152
4192
4206
4285
4039
3808
3982
3919
3515
3995
4143
4209
4318
4303
4244
4467
4020
4172
3702
3939
4293
3964
3693
3881
3944
3940
3895
4228
4037
4003
4016
4428
4246
4193
3873
4148
4135
3681
3720
4034
4056
4131
3760
3775
4009
4292
4086
3916
3924
4011
4380
4108
4226
4341
3973
3574
3871
4244
3627
4160
4082
4281
3551
4196
4255
4280
3703
4334
4075
4612
4183
3914
4166
4314
4213
3828
3800
3806
4327
3881
4235
4073
3878
3838
4131
3931
4036
3923
3695
3904
3872
4037
3749
3784
4084
3866
3828
4041
4289
3733
3998
4212
4204
4084
3766
4233
4255
3800
3963
4134
3961
4100
4015
3931
3878
3756
4000
3884
4004
4228
3974
3956
4428
4247
3944
3710
3827
4174
4050
4082
3997
4392
3883
4297
4071
4088
3991
3971
4370
4105
4010
3989
3990
4375
3738
4250
3935
3914
3897
4109
4146
4121
4136
4301
4045
3990
4285
3629
3839
4033
3784
3280
4048
3678
3713
4179
3836
3912
3967
4018
3485
3985
4066
3902
4507
4204
4109
3897
4109
3935
4191
4300
3924
3845
3915
4270
3836
4170
4204
3844
3641
4149
3888
3784
3662
3857
3788
3902
3796
4010
4044
4008
3967
4098
3899
3849
4068
3709
3640
3978
4149
4030
3951
4246
4001
4639
3987
4025
3774
3748
3889
3925
3866
3923
4094
4090
3873
4219
4143
3924
3732
3950
3963
3946
4042
3914
3931
3524
3752
3843
3814
4041
3957
4090
3891
3870
3978
3938
4137
3890
4157
4093
4044
4241
3766
3569
3767
3988
3605
4086
3830
4188
3244
3990
4042
4053
3797
4386
3807
4387
4214
4050
4139
4241
4063
3547
3627
3896
4035
3777
4147
4236
3648
3428
3608
3895
3842
3573
3574
3663
3549
3912
3730
4068
3803
4042
3908
3958
3999
3680
3938
4087
4104
4021
3896
4201
4080
3814
3997
4185
3819
4036
4075
3786
3792
3675
3843
3648
4030
4004
3990
3652
4283
3955
3872
3883
3933
3966
4048
4020
3944
4664
3996
4148
4072
4072
4010
3846
4073
4000
3780
3737
3758
3972
3715
4131
3715
3714
3659
4000
4186
4229
4445
4590
4179
4147
4369
3750
4077
4136
4413
3816
4027
3905
3864
4439
4126
4282
3890
4099
3680
4352
4228
3994
4606
4340
4324
4235
4396
3955
4306
4525
4014
4078
4120
4456
4494
4236
4511
3913
4200
4388
4124
4211
3939
3969
3990
4029
3919
4232
4430
4464
4239
4265
3859
3956
4210
4091
3875
3941
4390
4308
4374
4410
4403
4536
4101
4232
4039
4178
4095
4205
4162
4229
4239
4375
3882
3900
4377
4319
4262
4288
4452
4217
4189
4222
4145
3664
3975
4067
4235
4311
3924
4194
4208
3921
3974
4044
4403
4320
4351
4263
4248
4587
4041
3664
4224
4143
3842
3865
4213
4297
3479
3913
4517
4396
4080
4687
4153
4502
4563
3731
4502
4453
4366
3983
4131
4015
4361
3969
4382
4353
3784
3548
3999
4163
4129
4075
3577
4219
3936
4302
3979
3854
4169
4162
3732
4170
4186
3934
3871
4481
4339
4246
4095
4373
4392
4027
3967
4412
3865
3963
3941
4047
4146
4004
3995
4089
4276
4329
3784
4066
4561
4434
4144
4450
4052
4425
4192
4435
4275
4674
4012
4433
4412
4117
4335
4408
4292
3934
4095
3789
4200
4581
3978
4397
3854
3992
4052
4030
4204
4097
4421
4527
4342
4144
4024
3822
4049
4051
4384
3752
3791
3879
3714
4175
4064
4190
4104
3952
3424
4256
4161
3968
4726
4195
3992
4142
4448
3996
4064
4569
3851
4377
3841
4266
4146
4043
4191
3952
3821
4114
3967
4170
3852
4280
3757
4009
3924
4186
4041
4111
3986
4194
3849
3995
3982
4221
3786
4058
4166
4045
4142
4499
4074
4693
4091
4063
3980
3979
3949
4350
3870
4079
3980
4291
3884
4036
4410
4154
4105
4383
4214
4209
4001
4133
4134
3585
3920
3965
3902
3991
3947
3986
4345
3892
3889
4074
4065
4079
4485
4184
4334
4454
4228
3690
3966
4065
3788
4186
4109
4467
3433
3959
4233
4113
4000
4429
3948
4424
4327
3895
4261
4362
4025
3915
4146
3846
4249
3985
4430
4280
3957
3686
3852
3951
3934
3872
3682
3993
3847
3926
4011
3846
4056
4143
3743
4053
4133
3887
4146
4029
4188
3914
4125
4173
4177
3957
3901
4289
3993
3964
4195
3992
4084
3819
4113
3794
3859
3962
3766
3856
4408
4219
3879
3991
3899
4065
3851
4196
4136
4568
3969
4290
4333
4325
4233
3883
4109
3859
4101
3863
3967
4131
3889
4179
4055
3962
3693
3911
4316
4119
3985
4224
4443
3901
3986
3679
4001
3931
4162
3538
3851
3971
3913
4204
3965
3963
3950
4087
3681
4176
3957
4043
4306
4384
4338
3920
4445
3892
4205
4406
3766
3954
3867
4225
4108
4074
4418
3916
3572
4017
3883
4224
3737
3895
3908
3989
4251
3911
4305
4210
4138
4233
4100
4018
3978
4153
3835
4125
4051
4118
4008
4246
4121
4548
4016
3968
3894
4095
3899
4013
3956
4151
3747
3937
3919
4058
4275
4225
3797
4296
4160
4194
3859
4059
4111
3586
3888
4000
3898
4122
3946
3930
3981
4039
4098
3872
4196
3960
4226
4133
4203
4467
3810
3431
4058
4111
3753
4086
3746
4269
3429
4050
4243
4167
3893
4376
3858
4362
4288
3818
3849
4277
4179
3849
3899
3877
4124
3645
4107
4100
3866
3616
3872
3739
3979
3769
3612
3936
3853
3978
3937
3996
3895
4055
3912
4052
4195
3903
3911
4220
4286
3830
3988
4110
4084
3691
3987
4145
3864
3980
4216
4182
4016
3841
3901
3886
4058
4126
3761
3885
4290
4116
4004
4043
4122
4323
4152
4189
3966
4651
3892
4063
3923
3799
3972
3934
4235
3937
3848
3771
3856
4206
3673
3906
3847
3952
3824
3814
tempo: 16