100 100
1863
2292
1959
1905
1878
2095
2020
2179
1778
1958
1814
2277
1900
2088
2048
2133
1930
1934
1887
1941
2039
2010
2103
1975
1892
1732
1988
2075
1948
1853
2044
1900
1977
1905
1872
1934
1662
2114
1870
1716
1960
1924
2157
1960
1831
1983
2031
1985
1781
1697
1986
2346
2309
1886
2346
2233
2221
2205
2329
2090
2197
2280
2183
2158
2163
2108
2445
2247
2032
1995
2034
2359
2025
2183
2362
2483
2289
2013
2258
2445
1998
2371
2035
2218
2167
2302
2008
1986
1851
2351
2132
2168
2429
2097
2472
2351
2541
2271
1953
2221
2110
2614
2433
2112
2093
2352
2192
2340
2082
2052
1913
2740
2154
2313
2442
2317
2103
1907
2269
2273
2375
2053
2336
2161
2245
2056
2108
2302
2029
2083
2313
2285
2228
2076
2209
2341
2164
2104
2311
1960
2443
2292
2276
2238
2030
2123
2202
2431
2035
1901
2057
2302
2310
2203
2323
2052
2101
1992
2204
2090
2192
2218
2134
2120
1893
2053
2411
2212
1786
2100
2108
2257
2065
2156
2302
2557
2163
1805
2040
2160
2008
2365
1981
2191
2118
2199
1965
1717
1822
2156
2132
2002
2454
2242
2273
2095
2452
2114
1837
1924
2220
2619
2160
2081
2074
2248
2110
2431
1750
1955
2011
2378
1957
2119
2355
2306
2108
1969
2050
2056
2252
2133
2158
1902
2273
1957
1979
2144
1916
1989
2178
2057
2236
2023
1986
2146
1930
2219
2129
1908
2215
2247
2150
2340
1904
2094
2122
2183
2124
1868
2032
2191
2115
1786
2194
1914
2161
1917
2085
1899
2063
1982
1835
2196
1884
2136
2221
1922
1878
1781
1966
2040
2048
2014
2253
2092
1864
1723
2029
1992
1979
2272
1875
2178
2032
2125
1815
1755
1731
2024
1995
1992
2224
2226
2317
2106
2291
2484
1882
1921
1830
2406
2164
1988
1919
2295
1987
2094
1739
1837
1848
2339
1955
2095
2253
2229
2061
1926
1960
1962
2074
2067
2137
1960
1996
1829
1999
2127
2027
1842
1991
1773
2088
1911
1799
2100
1783
2081
1985
1736
2188
2080
2052
1876
1978
1931
1946
2137
1937
1846
2228
2245
2243
2114
2230
2103
2290
2065
2318
2173
2453
2303
1995
2278
2049
2042
2355
2139
2113
1944
1909
2319
2326
2067
2130
2514
2125
2159
2176
2271
2068
2366
2171
2188
2067
2234
2026
2040
1888
2248
2201
2143
2459
2226
2296
2312
2572
2307
1885
2168
2135
2473
2128
1987
1935
2339
2123
2387
1961
2120
1882
2592
2031
2285
2253
2348
2196
1951
2135
2250
2344
2193
2261
2308
2285
2027
2030
2189
1948
1968
2314
2154
2132
2139
2073
2274
1915
2283
2104
1961
2081
2271
2306
2281
2141
2125
2166
2309
2015
1843
1726
1965
1983
1815
1836
1870
2042
1862
2011
1964
1869
2075
1760
1949
1731
1871
1916
1894
1686
1663
1797
1842
1839
1971
1924
2033
1895
1695
1882
2074
2028
1972
1827
1860
1846
1770
1902
1674
1591
2002
1907
1922
2104
1936
1915
1836
2142
1996
1755
1777
1825
2002
1884
1923
1684
1931
1776
1782
1822
1691
1638
2243
1845
1930
2059
1940
1875
1726
2054
1893
1862
1860
1983
1802
1867
1739
1737
1807
1655
1589
1953
1871
1938
1734
1689
1939
1660
1864
1989
1690
1871
1827
2098
1865
1763
1824
1949
2056
1779
1645
2028
2471
2234
1921
2322
2138
2197
2052
2371
2025
2306
2275
2066
2229
2070
2095
2280
2209
2085
2113
2021
2178
2077
2110
2271
2525
2171
2058
2198
2326
2057
2338
2043
2057
2231
2227
2095
1941
1815
2266
2131
1967
2375
2083
2337
2246
2392
2299
1884
2240
2157
2575
2150
2179
1980
2379
2163
2207
2008
1958
1753
2517
2185
2322
2419
2293
2179
1879
2241
2229
2277
2190
2203
2193
2319
2049
2167
2241
1933
1999
2258
2195
2145
2175
2096
2301
1968
2041
2312
1876
2302
2264
2322
2303
1951
2116
2289
2403
2160
1828
2015
2092
2079
1956
2103
1899
2062
1977
2079
1964
2174
2093
1822
1971
1913
2084
2146
2071
1771
1890
1902
2334
2088
1911
2055
2481
2013
1873
2076
2239
2152
2134
2021
1867
2060
1988
1952
1752
1686
2129
2090
1841
2442
2036
2211
1924
2355
2023
1895
2028
1974
2276
1975
2043
1962
2061
1922
1882
1874
1906
1715
2413
1953
2257
2300
2128
1813
1746
1971
2109
2154
1978
2077
1884
2140
1812
1998
2033
2012
1804
2133
1890
2016
1960
1761
2124
1875
2050
1924
1792
2007
1979
2182
1981
1941
1820
2152
2194
1903
1760
1802
2045
1933
1766
2113
1888
1964
1944
2035
1800
1977
1857
1708
1947
1888
1983
1993
1819
1833
1770
1738
2146
1802
1911
2101
2093
1926
1832
1914
1754
1898
2138
1764
2035
1832
1804
1704
1630
1539
1982
1895
1843
2200
1992
2218
1989
2207
2001
1817
1815
1634
2429
2150
1844
1709
2052
1868
1910
1702
1827
1634
2206
1785
2130
2256
2087
1878
1797
1865
1789
2031
1827
2072
1843
1885
1678
1913
1987
1922
1835
1931
1795
2029
1847
1817
1993
1735
1970
1736
1711
2036
1802
2011
1846
1805
1872
1787
2101
1738
1765
1705
1814
1842
1667
2012
1668
1882
1819
1724
1977
2014
1943
1717
1649
1688
1687
1829
1880
1784
1579
1769
1930
1760
1687
1863
2078
1828
1703
1727
1920
1849
2037
1772
1606
1856
1701
1852
1773
1478
1841
1800
1648
2029
1844
1814
1626
1968
1765
1609
1823
1801
1849
1688
1646
1563
1893
1810
1868
1837
1684
1615
2168
1788
1766
2030
2045
1763
1672
1804
1755
1726
1747
1831
1688
1654
1669
1703
1831
1665
1673
1821
1924
1764
1734
1703
1787
1604
1815
1887
1719
1891
1652
1910
1817
1671
1839
1868
1838
1540
1544
2048
2325
2240
2207
2398
2238
2227
2166
2271
2253
2462
2467
2137
2249
2152
2164
2369
2365
2188
2037
2251
2369
2282
2058
2486
2432
2201
2093
2302
2343
2265
2390
2216
2101
2293
2319
2252
2077
1994
2324
2265
2224
2429
2230
2422
2383
2573
2308
1928
2279
2181
2433
2465
2443
2200
2380
2240
2459
2110
2113
1997
2505
2257
2369
2624
2468
2183
2014
2277
2071
2561
2319
2328
2287
2143
2024
2245
2280
2199
1936
2100
2247
2124
2214
2056
2190
2010
2143
2227
2008
2369
2250
2475
2300
2163
2311
2178
2347
2202
2082
1976
2209
2000
1931
2073
1935
2054
1881
2032
1809
2071
2070
1833
2009
1831
1868
2214
1858
1797
1959
1840
2150
2006
1965
2194
2310
1920
1817
1967
1940
1899
2105
1872
2012
1991
2038
1781
1822
1658
2004
2075
1884
2199
2018
2110
1917
2289
2191
1685
1925
1992
2373
2092
1885
1892
2266
1953
2191
1799
1958
1794
2263
1921
2060
2260
2167
1810
1857
1851
2056
2214
1901
1951
1964
2007
1815
1866
1933
1867
1790
2077
2013
1899
1920
1816
2070
1718
1964
1948
1805
1992
2038
2183
2015
1947
1806
2001
2086
1914
1758
2092
2331
2397
2067
2443
2191
2460
2185
2373
2286
2469
2374
2134
2333
2169
2169
2407
2328
2203
2109
2243
2303
2058
2213
2281
2495
2252
2088
2209
2268
2286
2363
2238
2127
2211
2334
2214
2096
2072
2442
2173
2121
2485
2190
2534
2402
2583
2294
2101
2239
2246
2587
2416
2142
2060
2392
2219
2387
2016
2137
2101
2668
2209
2451
2480
2422
2171
2120
2251
2124
2417
2266
2433
2170
2256
2056
2097
2241
2148
2152
2125
2264
2367
2139
2078
2221
1926
2253
2221
1958
2367
2230
2420
2301
2158
2322
2373
2361
2100
2022
tempo: 2