200 200
3787
4143
3577
3810
4262
4376
3686
3906
4049
3851
4088
4159
4046
3896
4158
3707
4175
3949
3897
3999
4039
4210
3940
3622
4184
3730
4200
4388
3761
3594
3701
3802
3599
3959
3938
3819
4118
3760
3946
3529
3691
3919
4244
4001
3878
3835
3644
3711
4042
3957
4144
3897
3826
3796
4112
3541
4010
4360
4256
3950
3953
3747
3814
4321
4238
3547
3576
3754
4186
3882
4104
4187
4050
3890
4102
4048
4558
3945
3972
3830
3848
3923
3703
4144
4172
4026
3918
3818
3770
4121
3979
3832
4017
4250
3515
4114
4021
3612
4072
4083
3719
3700
3691
4254
3764
4157
4086
3791
4050
4120
3933
4103
4169
3951
3994
4012
3822
4006
3946
3586
3965
4097
3985
3934
3871
3761
3917
4096
4107
3746
3718
3672
4545
4028
3763
4142
3947
3648
3667
3884
4134
4263
4010
3870
3821
3687
3858
3980
3669
3961
4131
3901
4004
3879
3967
4047
4026
4056
4157
4271
4102
4013
3935
3949
3629
4051
4268
3938
3701
3938
4300
3901
3429
3962
3851
3869
3980
4019
3649
3634
3918
3948
4437
4389
4089
4102
4095
3582
3768
3846
4206
4194
3991
4035
3861
4089
4002
3799
4076
3767
3830
4108
3683
3648
4380
4338
4139
4090
3938
4161
4106
4369
4266
3871
4357
3811
4361
3891
3991
3929
4140
4300
4219
3979
4146
4070
4178
4313
4009
3944
3839
3973
3796
4391
4188
3921
4295
4166
4124
4014
3694
3866
4210
4355
4103
4078
4018
3957
4087
4106
4259
4054
3963
3891
4279
3635
4280
4269
4142
4153
3993
3661
4249
4596
4506
3760
3880
4003
4194
3935
4260
4239
4305
4006
4200
3896
4390
4324
3999
3930
4151
3978
3939
4203
4371
3859
4394
3819
4019
4256
4065
4063
4490
4237
3646
4254
4117
4220
4210
4253
3853
3950
3693
4322
3971
4050
4358
3632
4378
4148
4113
3913
4220
4056
4307
4457
3693
3929
3898
3822
4100
4333
3895
4018
3959
3928
4067
4421
4161
4104
4044
3809
4638
4108
3672
4250
4271
3858
3964
4229
3944
4223
4090
4085
4197
3793
3941
3966
3692
3988
4174
4028
4000
4110
4170
4005
4179
4245
4003
3926
4061
4160
4082
4206
3819
3849
4157
4126
3845
4130
4250
3802
3927
3792
3803
4005
3987
4329
3850
3791
4032
4217
4295
4390
3985
4052
4321
4053
3837
4061
4430
4209
4092
4217
4161
4073
4171
3895
4143
3894
3937
4013
3782
3596
4153
4253
3971
3708
4082
3903
4228
4078
4042
3989
4268
3823
4260
3824
4063
3642
3926
4295
3991
3905
4106
4122
4153
4293
3933
4031
3824
4023
3704
4583
4002
3917
4038
4116
4047
3809
3787
3722
4187
3945
3817
3875
3913
3934
4266
4166
3994
4084
4010
3699
4412
3620
4245
4262
4326
4155
3912
3760
3952
4502
4338
3788
3633
3875
4310
4121
4318
4264
4255
3824
4119
3876
4385
4108
3846
3957
4306
4036
3799
3980
4102
3878
4150
3879
4048
4223
4020
3882
3960
4548
3587
4010
4184
4178
4347
3930
3955
3781
3814
4363
4076
4056
4418
3798
4267
4438
3978
3885
4249
4006
4086
4240
3736
3974
3880
4012
4206
4076
3885
3961
3993
3698
3977
4195
4036
3890
3980
3808
4601
3763
3579
4212
4190
3599
3783
3985
3971
4323
4197
4080
4130
3726
3815
3950
3827
3827
4176
3977
3884
3892
3989
3977
4160
4284
4128
3870
3953
3818
3824
4160
3808
4226
4152
4239
3860
3921
4354
3658
3987
3956
3852
3985
3789
4254
3846
3447
3950
4044
4356
4337
4204
4227
4144
3909
3891
3771
4177
3995
4142
4255
4284
4002
3814
3667
3875
3860
3834
4037
3595
3899
4151
4265
3950
3896
4034
3914
4076
4284
3853
3912
4307
3784
4433
3847
4149
3802
3808
4253
4021
3782
4241
3890
3980
4466
3833
3833
3594
3990
3816
4500
4136
3879
4021
4010
4042
3691
3801
3875
4355
4340
4178
3896
3947
3906
3975
4015
4305
4079
3979
3793
4018
3554
4249
4329
4275
4027
4071
4049
3979
4514
4392
3588
3657
3876
4251
4073
4072
4089
4226
4069
4263
4056
4522
4014
3787
3889
4046
3923
3783
4031
4227
3890
4065
3849
4073
4132
3825
4081
4174
4216
3671
4245
4095
4085
4063
3963
3813
4101
3861
4498
3960
4221
4262
3636
4105
4246
4141
3971
4096
4063
4069
4011
3713
4180
3889
3917
4183
4115
3996
3954
3993
3755
4017
4264
3829
3920
3965
3990
4665
3969
3910
4089
4085
3751
3979
4251
4127
4318
4068
4170
4096
3813
3815
4149
3850
3920
4199
3880
3932
3769
3924
3654
4049
4292
4179
3962
4010
3896
3944
4159
3681
4067
4208
4120
3788
3749
4093
3862
3791
3787
3871
3806
3820
4178
3797
3491
4003
4060
4093
4304
4073
4042
4113
3739
3738
3928
4345
3992
4004
4118
4191
3830
3912
3764
4134
3889
3794
3867
3818
3557
4099
4366
3733
3769
3986
4114
4171
4321
4063
3730
4118
3794
4257
3743
4339
3870
3819
4073
4068
3806
4108
3760
4081
4233
3736
3689
3612
4070
3617
4382
3898
3902
3994
3540
4100
3720
3788
3706
4086
3866
4042
4134
3816
3868
4046
3738
4066
3949
3836
3546
4176
3502
3981
4119
4139
3832
3863
3862
3988
4635
4422
3642
3657
3621
4178
3822
4076
4125
4159
4013
4198
3972
4075
4063
3732
3947
4148
3782
3588
3940
4002
3715
4166
3796
3956
4073
3847
3863
4067
4117
3577
4184
4143
3927
4103
3845
3809
3728
3477
4242
3912
4064
4011
3519
3913
4218
3967
3988
4010
3912
4138
4022
3589
4064
4035
3663
4208
3976
3739
3480
3733
3651
3885
4217
4300
3865
3911
3571
4556
4045
3677
3953
4101
3657
3699
4010
4052
4144
3823
3904
4237
3865
3718
4027
3949
3929
4021
3857
3570
3630
3973
3821
3878
4131
3921
3790
3741
4234
3832
4175
4063
4243
4283
4355
4269
4161
4535
4184
4048
4045
4000
4183
4239
4328
4182
3946
4068
4297
4533
4428
4040
4097
4436
4320
4206
4081
4560
4588
4391
4287
4489
4088
4307
3717
4236
4110
3858
3909
3660
3557
4029
4399
3828
3683
3982
3821
4269
4284
4302
3929
4363
3775
4200
3847
4144
4151
4068
4253
4085
3797
4104
4029
4140
4419
3758
3728
3667
3986
4005
4284
4007
3908
4084
3870
4163
4024
3823
3717
4248
4003
4004
4079
3915
3974
4086
4036
4081
3898
3895
3668
3941
3766
4041
4068
4138
3976
4039
3796
4225
4763
4221
3870
3401
3742
3993
3862
4110
4243
4438
3982
4138
3994
4167
4334
3834
3882
4204
3953
3867
4079
4172
3773
4237
3770
4068
4189
3876
3718
4343
4175
3512
4208
4178
3962
4261
3935
3959
3711
3840
4348
3956
4055
4127
3652
4030
4077
3849
4014
4207
4047
4088
4200
3794
3936
3686
3835
4158
4088
4175
3770
3921
3660
4056
4497
3898
4097
4161
3684
4301
3880
3686
4107
4062
3949
3808
3879
4116
4156
3853
3763
4196
3822
3705
3977
3714
3855
4270
4054
3728
3702
4002
3747
4060
4177
4148
4094
4023
3998
3799
4197
3762
4353
4125
4033
3747
3916
4159
3777
3674
3819
3783
3862
3821
4280
3891
3759
3693
4041
4253
4318
4011
4067
4170
4031
3935
4067
4153
4269
3945
4033
4308
4104
3980
3819
4100
3913
3691
3888
3714
3528
4028
3936
3884
3825
3868
3875
4030
3817
3722
3774
3987
3556
3926
3860
3692
3751
3870
4136
3837
3634
3957
3924
3775
4332
4067
3770
3799
3624
3807
4126
4036
4076
3838
3779
3935
3732
3549
3880
3896
4056
3907
3663
3757
3753
4086
3777
4071
3750
3886
3447
3990
3297
3981
4019
3869
3971
3727
3712
4166
4507
4302
3579
3575
3882
3760
3683
4265
4258
3983
4112
4049
3804
4086
3899
3716
3774
4172
3846
3597
3995
4114
3701
4071
3739
3774
4050
3848
3720
3981
4342
3338
4164
4011
3994
4079
3778
3725
3809
3591
4233
3511
4044
3818
3696
4166
4029
3975
3911
3924
3940
4078
4091
3568
3735
3818
3642
3836
4031
3805
3823
3717
3558
3859
4005
4015
3860
3977
3656
4251
3903
3480
4009
3947
3841
3705
3827
3975
3965
3829
3796
3968
3791
3716
3799
3593
3882
4156
3958
3671
3861
3828
3731
3789
4071
3903
3854
4028
3824
3784
3883
3912
3859
3946
3847
3729
3884
4051
3740
3654
3500
3712
3627
3860
4049
3922
3528
3819
3997
4354
4233
3992
4045
4122
3843
3747
3773
4124
4114
3771
4095
4063
3698
3936
3461
3926
3768
3942
4067
3771
3574
4068
4198
3617
3710
3943
3940
4085
4233
3862
3842
4059
3588
4090
3884
3879
3668
3597
4150
3969
3683
4104
3872
3883
4083
3810
3712
3882
3951
3792
4211
3903
4008
4062
3718
4144
3835
3611
3887
3873
4115
3782
3837
3911
3684
4075
3987
4189
3864
4047
3658
4075
3498
3840
4083
4105
3908
3774
3529
3907
4573
4227
3555
3306
3673
4050
3792
3973
4100
4268
3925
4234
3894
4172
3938
3775
3879
3903
3958
3699
3799
4089
3712
3841
3712
3884
3776
3643
3850
4373
4124
3480
4221
4135
3920
4005
4047
3957
3888
3655
4308
4012
3943
4122
3656
4202
3972
3980
4066
4024
3875
4093
4179
3561
3738
4012
3612
4044
4125
3689
3888
4130
3660
3949
4070
4017
3710
4102
3736
4296
3886
3862
3910
4160
3580
3946
3958
4040
4293
3708
3847
3936
3827
3753
3615
3825
3958
4116
3830
3660
3698
3823
3576
4116
4018
3952
3795
3814
3871
3787
4086
3692
3986
4212
3938
3638
3647
4187
3757
3739
3708
3660
3874
3936
4048
3849
3637
3778
4028
4280
4168
3918
4124
3857
3941
3555
3865
4083
4129
3885
3982
4085
3824
3863
3551
3861
3755
3870
4021
3731
3670
4304
4245
4055
3979
3989
3792
4000
4371
3844
4008
4289
3925
4073
3845
4058
3902
3778
4210
3969
3816
4241
4088
4122
4333
4109
3817
3995
4159
3732
4381
3961
4042
4142
3844
4350
3842
3690
3934
3950
4234
4081
4053
4006
4119
4309
4189
4251
4108
3935
3684
4136
3657
4141
4098
4250
4164
4129
3870
4083
4735
4345
3889
3615
3940
3997
3839
4234
4331
4453
4145
4308
3959
4458
3983
3916
3841
4210
4321
4072
4001
4187
3834
4129
3953
4049
4187
3850
4103
4226
4108
3473
4386
4261
4129
4304
4082
4134
3992
3815
4714
3956
4202
4061
3989
4385
4206
4160
4071
4259
4149
4107
4157
3799
3972
4009
3827
4224
4333
3943
4104
4126
4017
4121
4481
4232
4021
3986
3889
4323
4154
3804
4152
4400
3910
3816
4023
4152
4635
3981
3995
4109
3864
3775
3964
4051
4057
4400
3925
3792
3829
3999
3901
4054
4117
4291
4007
4117
4228
3971
4063
3959
4162
4251
4109
3796
3993
4187
3737
3853
3885
4011
3993
4114
4368
4041
3640
3890
4037
4473
4453
4093
4218
4009
3980
4031
4079
4149
4308
4024
4293
4184
3943
4163
3534
4015
3851
4107
4292
3934
3944
4554
4462
4242
4102
4208
4129
4602
4618
4442
4148
4562
4196
4664
4182
4271
4137
4157
4347
4170
4228
4381
4263
4338
4502
4268
4173
4150
4083
4121
4578
4272
4135
4192
4098
4467
4263
4071
4157
4519
4471
4285
4208
4351
4355
4455
4317
4460
4509
4394
4116
4595
3878
4550
4720
4488
4376
4424
4183
4484
4784
4865
3953
3989
4161
4305
4153
4446
4447
4686
4408
4576
4338
4779
4266
4166
4032
4449
4297
4174
4452
4434
4048
4470
4078
4395
4399
4285
4229
4365
4601
3910
4670
4498
4326
4467
4136
4273
4085
4009
4596
4110
4238
4476
3917
4463
4391
4176
4277
4517
4465
4518
4597
3990
4354
4309
3983
4133
4356
4358
4369
4513
4465
4275
4444
4478
4370
4036
4143
4833
4157
4029
4710
4418
4074
4293
4438
4513
4599
4259
4401
4284
4278
4046
4444
3959
4311
4492
4241
4369
4122
4476
4096
4293
4517
4286
4186
4401
4394
4377
4363
4026
4436
4503
4336
4098
4480
4596
4286
4350
4079
4107
4096
4365
4322
4305
4046
4190
4450
4434
4469
4326
4343
4257
4221
4265
4212
4595
4583
4393
4307
4474
4308
4120
4105
4244
4078
3809
4135
3587
3944
4361
4421
3874
3820
4079
4046
4275
4212
4202
3954
4210
3787
4337
3894
4022
3898
3864
4246
3782
3898
4243
3819
4079
4417
3773
3613
3731
3863
3939
4144
4172
3915
3931
3725
4130
3950
3649
3984
4044
4308
4317
3779
3880
3977
4096
3704
4160
4179
4088
3863
3994
3563
4340
4288
4091
3902
4091
3690
4017
4612
4428
3676
3567
3734
4222
4118
4115
4158
4400
4033
4258
3969
4443
4152
3817
3831
4241
3894
3660
4123
4126
3786
4173
4163
3971
3971
3956
4014
4325
4076
3583
4185
3885
3978
4244
3936
3947
3980
3838
4270
3803
4191
4025
3777
3936
4195
3926
4074
4204
3846
4125
4351
3676
3916
4188
3860
3905
4171
3897
3643
4107
3793
3808
4211
4069
3977
4004
3668
4516
4003
4051
3979
4291
3614
3943
3958
4207
4357
3787
3958
4087
3960
3779
4074
3766
3886
4189
3912
3739
3851
4112
3924
4258
4038
4005
4036
4051
3907
3920
3744
3987
4145
4209
4100
3876
3916
4308
3904
3785
3819
3694
3851
4193
4356
3811
3443
3866
3998
4298
4365
4106
3850
4216
4066
3776
3870
4131
4391
4061
4134
4379
4171
4113
3855
4106
4158
4396
4414
4284
4189
4762
4869
4339
4495
4542
4332
4655
4847
4401
4418
4512
4217
4649
4320
4378
4528
4258
4699
4547
4046
4804
4434
4514
5027
4264
4301
4116
4316
4195
4782
4600
4257
4451
4340
4657
4385
4103
4303
4543
4651
4387
4506
4409
4442
4558
4091
4438
4638
4592
4384
4351
4118
4658
4694
4661
4158
4663
4244
4569
5144
4942
4094
4133
4260
4619
4527
4544
4649
5075
4537
4778
4411
5147
4577
4137
4215
4647
4524
4514
4695
4635
4627
4490
4438
4276
4517
4398
4272
4872
4843
3885
4643
4427
4259
4672
4365
4135
4325
4068
4852
4242
4448
4612
4193
4476
4619
4429
4688
4555
4493
4362
4960
4128
4214
4464
3940
4444
4697
4492
4268
4532
4043
4442
4655
4358
4324
4273
3994
5143
4448
4106
4541
4655
4090
4249
4462
4765
4727
4457
4471
4472
4249
4357
4534
4213
4575
4501
4277
4330
4515
4583
4349
4701
4532
4581
4152
4501
4191
4173
4542
4294
4435
4675
4630
4450
4573
4571
4428
4333
4294
4174
4351
4459
4640
4278
4011
4453
4441
4806
4640
4219
4580
4737
4326
4338
4401
4735
4630
4487
4399
4422
4314
4547
4144
4354
3851
3975
4028
3942
3886
4577
4401
4138
3873
4088
4237
4408
4396
4087
4187
4317
3977
4608
4345
4516
4127
3936
4328
4169
3941
4212
3981
4308
4737
3974
3942
3806
4043
3846
4716
4180
4108
4450
4087
4189
4222
3967
4002
4154
4384
4187
4123
4290
3994
4146
4142
4287
4379
4095
3886
4345
3905
4412
4516
4601
4167
4260
3912
4498
4641
4632
3773
4073
3854
4357
3942
4163
4399
4331
3955
4570
3977
4372
4150
4034
4038
4229
4123
4122
4423
4246
3842
4301
4296
3992
4297
3995
3986
4416
4445
3748
4255
4534
4220
4478
4142
3856
4147
3764
4436
4108
4354
4275
3857
4271
4609
4322
4111
4296
4105
4276
4299
3974
3991
4233
3726
4222
4264
3953
4130
4248
3867
4062
4344
4194
3933
4122
4107
4839
4129
3800
4251
4260
3988
4029
4167
4182
4475
4209
4162
4387
3847
4007
4112
4117
4065
3954
3861
3942
3974
4314
4025
4331
4290
4257
4055
3934
4190
4066
4002
3766
4456
4302
4220
4118
4088
4354
3789
4110
4140
3984
4037
4134
4427
3913
3661
4144
4128
4543
4315
4010
4216
4306
4037
3860
4007
4287
4270
4310
4183
4223
4354
4309
3808
4035
4232
3433
3785
3579
3684
4105
4265
3673
3658
3504
3858
4321
4207
4025
3981
4220
3606
4094
3740
3948
3862
3735
4033
3831
3695
3890
3824
3934
4461
3778
3749
3467
3717
3707
4054
3940
3720
4017
3527
3982
3784
3618
3982
3906
3894
3888
3858
3798
3717
3934
3797
3897
4086
3750
3649
3925
3438
3795
3972
4018
3813
4018
3650
3978
4533
4039
3513
3440
3760
4092
3809
4018
4016
4176
3886
4094
3687
4218
3931
3663
3799
4076
3783
3615
4055
4006
3687
3954
3796
4046
4022
3798
3749
3981
4156
3555
4111
4094
3775
4001
4120
3837
3655
3680
4046
3870
3990
4068
3715
3818
3902
3820
3895
4372
3776
4041
4085
3659
3660
3875
3535
3810
4145
3843
3712
4108
3663
3479
4145
4069
3826
4063
3458
4499
3880
3657
3953
3893
3420
3980
3847
3950
4099
3901
3599
3784
3555
3898
4003
3533
3692
3943
3924
3646
3729
3848
3735
3956
4025
3924
4082
3898
3905
3950
3815
3513
4116
4017
4106
3920
3785
4314
3648
3721
3994
3736
3743
3871
4252
3703
3390
3606
3869
4216
3868
4002
3852
4086
3704
3657
3763
4045
4053
3892
4296
4150
3904
4111
3572
4223
4002
4291
4152
3883
3911
4402
4671
4356
4444
4133
4223
4516
4449
4078
4116
4622
4203
4798
4147
4206
3986
4299
4570
4298
4046
4371
4084
4151
4770
4002
3982
4040
4254
4113
4825
4178
4186
4389
4039
4680
3995
4023
4138
4573
4453
4220
4428
4486
4317
4217
4356
4668
4163
4254
4032
4527
3879
4494
4698
4445
4236
4419
4079
4274
4852
4662
4050
4007
4307
4340
4178
4466
4449
4567
4239
4378
4277
4674
4352
4521
4291
4453
4304
4069
4260
4556
4256
4125
4268
4222
4481
4296
4314
4563
4515
3790
4547
4368
4483
4455
4274
4204
4381
3850
4767
4156
4253
4249
3980
4599
4520
4127
4415
4418
4331
4439
4501
4050
4417
4183
3979
4399
4388
4448
4075
4302
3952
4331
4371
4488
4320
4302
4089
4665
4243
4252
4481
4222
3927
4049
4280
4460
4603
3937
4306
4287
4240
4246
4245
4060
4310
4495
4247
3999
4148
4469
4300
4562
4590
4523
4087
4411
4441
4290
4242
4055
4596
4370
4469
4164
4076
4538
4210
4239
3909
4229
4124
4127
4548
4144
3914
3955
4566
4560
4458
4176
4345
4396
4124
4213
4333
4695
4633
4217
4250
4351
4190
4438
4065
4436
3948
3964
4043
3952
3895
4564
4391
3975
4027
4125
3952
4150
4182
4017
4200
4657
3865
4299
3907
4212
3972
4190
4515
4050
3980
4289
4081
4191
4727
3995
3955
3823
4017
3836
4321
4336
3970
4356
3771
4106
4039
3807
3915
4143
4256
4227
4070
4053
3984
4265
3990
4276
4131
4144
3832
4355
3657
4298
4276
4473
4108
4037
3815
4126
4855
4468
3954
3746
3975
4185
4250
4224
4438
4339
4101
4256
4097
4290
4313
3806
4097
4158
4020
4029
4347
4320
3778
4141
4153
3930
4127
4133
3998
4279
4386
3656
4468
4232
3997
4383
4045
3889
3966
4006
4375
4089
4503
4364
4017
4341
4297
4061
4238
4239
3852
4156
4307
3737
4035
4063
3920
4201
4358
3902
3941
4221
3756
4002
4518
4131
3948
4175
3901
4516
4368
3925
3996
4166
3895
4025
4190
4261
4297
3997
4047
4041
3878
4024
3999
3939
4142
4188
4095
3860
3897
4123
3929
3934
4166
4243
4242
4355
4118
4054
4337
4002
4078
4273
3952
3732
4240
4381
3890
3794
4185
3984
4126
4028
4258
3836
3863
4044
4338
4572
4273
4244
4220
4147
4233
4007
3863
4266
4415
4083
4177
4122
4157
4232
3704
4304
4021
3592
3663
3478
3489
3956
3865
3662
3476
3479
3550
3712
4034
3809
3557
4071
3622
3861
3758
3729
3696
3476
3805
3779
3273
3907
3491
3761
4123
3740
3642
3438
3491
3422
4102
3750
3571
3819
3397
4079
3382
3542
3602
3678
3892
3709
3835
3830
3728
3814
3568
3861
3888
3577
3389
3808
3227
3804
3959
3942
3740
3856
3404
3907
4206
4052
3347
3454
3633
3770
3567
3842
3864
3937
3494
3838
3623
3966
3775
3444
3605
3731
3709
3510
3770
3818
3520
3791
3579
3758
3777
3611
3564
3753
4082
3272
3819
3947
3814
3791
3715
3557
3500
3486
4174
3469
3815
3885
3515
3667
4043
3622
3927
4007
3831
3627
3832
3468
3554
3767
3401
3576
3954
3774
3629
3722
3368
3686
3915
3844
3735
3514
3532
4334
3793
3555
3708
3747
3453
3557
3748
3792
3762
3666
3489
3824
3456
3583
3694
3530
3578
3832
3690
3600
3270
3652
3408
3589
3953
3760
3776
3814
3721
3712
3785
3580
3890
3901
3873
3547
3783
3962
3696
3468
3530
3674
3625
3719
3866
3268
3136
3760
3758
4140
3890
3757
3931
4026
3568
3698
3661
4013
3880
3782
3798
3640
3781
3617
3471
3820
3347
3578
4073
3703
3802
4071
4319
3945
3955
4118
4019
4319
4320
4220
4066
4170
3813
4237
3699
4055
3919
3960
4244
4023
3817
4212
3924
4199
4465
3761
3644
3782
3999
3787
4398
3888
3934
4203
3783
4206
4015
3828
3989
4231
4193
4028
3972
3907
3938
4204
4064
4276
4002
3965
3732
4128
3582
4098
4266
4212
3901
4264
4007
4164
4633
4337
3754
3669
4049
4011
3791
4203
4195
4607
4012
4156
3860
4436
4013
3884
3778
4152
3903
3654
3995
4100
3983
4102
3917
4017
4116
4054
3788
3933
4139
3517
4143
3839
4002
4381
3964
3916
3690
3707
4437
3688
4017
4144
3921
4280
4480
3746
4065
4203
4065
4018
4264
3814
3965
3993
3815
4045
4119
3932
3829
4050
3664
3900
4198
4111
3962
3986
3901
4696
4064
3891
4166
3957
3672
3822
3820
4214
4440
3989
3970
4135
3783
3714
4019
4027
3881
4067
3935
3863
4181
4153
3968
4251
4351
4136
4088
4192
3985
4082
3982
4012
4245
4260
4051
3959
3930
4347
3670
3805
3793
3764
4071
3941
4213
4070
3603
3871
4155
4512
4287
4245
4038
4104
3834
3992
3957
4364
4370
4201
4244
4527
3986
4053
3673
3904
3800
3905
4024
3899
3782
4184
4161
3878
3924
4088
4257
4148
4109
4063
4023
4036
3836
4520
3848
4154
3866
4133
4198
4061
3883
4141
3881
4216
4338
3894
3645
3882
4014
3813
4337
3972
4000
4219
3853
4053
3779
3743
4187
4107
4162
4066
3851
3835
3929
4232
3840
4048
4125
3982
3777
4093
3480
4443
4434
4314
4119
4032
3714
3888
4471
4419
3740
3757
3632
4223
3939
4170
4067
4019
3993
4559
3939
4456
4147
3840
4103
4197
4083
3633
4267
4112
3917
4111
3957
4013
4021
3935
3918
4134
4323
3627
4155
4098
4045
4328
3915
3802
3818
3889
4256
3977
4339
4199
3637
4143
4422
4107
4013
4141
3880
4067
4149
3579
3996
4283
3694
4204
4097
3817
3683
4009
3659
3884
4179
4049
4041
3948
3864
4636
3916
3823
4059
4211
3848
3863
3930
4121
4225
3894
4090
4118
3956
3689
3964
3784
3867
4070
3965
3794
3987
3999
3769
3924
4221
4179
3952
3925
4013
3772
3942
3882
4144
4065
4291
3948
4063
4455
3711
3694
3910
3773
3872
3930
4034
3765
3700
4016
4148
4460
4178
4146
4194
4230
3941
3769
3808
4257
4191
4029
3919
4286
4254
4221
3440
4156
4076
3808
3963
3233
3654
4429
4113
4017
4026
4111
3794
4366
4351
4250
4132
4175
3735
4515
4041
4023
3611
3979
4233
4007
3699
4290
3951
4009
4254
3515
3787
3739
4112
3924
4409
4041
3932
4320
3688
4253
3959
3689
3949
3931
4180
4186
3953
3866
4076
4176
3816
4085
4035
4026
3575
4197
3650
4214
4241
4126
4001
4027
3815
3915
4389
4368
3462
3637
3739
4019
4051
3975
4354
4348
3859
4093
3790
4354
3788
3775
4022
4201
3820
3911
4125
4250
3675
4286
4093
3893
3912
3845
3988
4144
4247
3311
4152
4172
3963
4425
4147
3754
3809
3784
4286
4038
4001
4334
3661
4086
4329
3856
4108
4059
3902
3960
4220
3673
4017
3854
3655
4203
4275
3782
3987
3856
3679
4007
4019
3901
3759
4003
3859
4321
3916
3992
4047
4150
3922
3588
4057
4096
4073
3777
3870
4016
3796
3823
4026
3933
4199
4028
3813
3837
3669
3884
3829
4319
4435
4213
4104
4078
3875
4005
4144
3848
4127
4118
4151
3837
3942
4304
4010
3745
3970
3815
3954
3879
4095
3904
3695
3933
4059
4244
4499
3974
4083
4040
3747
3557
4069
4311
4291
3835
3960
4205
3949
4189
3750
4279
3915
4055
4115
4112
3806
4215
4569
4050
3736
4241
4321
4392
4617
4046
4082
4423
4005
4447
3918
4288
4054
4043
4222
4454
4001
4296
4246
4325
4632
4044
3898
3965
3973
3747
4539
4018
4061
4224
4097
4315
4225
4007
3956
4141
4189
4020
4418
3840
4006
4364
4172
4266
4484
3997
3985
4271
3696
4380
4549
4568
4204
4301
4170
4533
4758
4621
3760
4114
4251
4420
4228
4258
4305
4340
4342
4352
4073
4352
4224
3888
4168
4230
3982
4021
4565
4597
4142
4485
4059
4129
4112
4045
4044
4293
4508
4019
4477
4396
4211
4368
4288
4038
4017
3722
4563
3875
4235
4289
3999
4316
4395
4242
4107
4417
4192
4243
4383
3606
4290
3974
3911
4239
4395
4087
4103
4122
3742
4298
4380
4133
4193
4324
3840
4931
4277
4029
4111
4130
3885
4089
4482
4502
4259
4259
4332
4147
3973
3993
4230
3943
4213
4484
4136
3899
4163
4161
3908
4165
4754
4405
3995
4209
4366
4124
4187
3958
4384
4433
4484
4110
4123
4276
3876
3951
4109
4012
4074
3964
4565
3903
3874
4269
4438
4273
4321
4205
4201
4615
3885
3890
4034
4336
4615
4357
4554
4510
4151
4188
3936
4033
4019
3515
3814
3451
3462
4050
3933
3813
3807
3683
3837
3798
4070
3765
3878
3852
3753
4260
3615
3753
3687
3585
4015
4006
3698
3950
3802
3916
3959
3773
3597
3665
3415
3644
4083
3827
3681
3991
3753
3784
3631
3573
3751
3770
3943
3954
3650
3517
3678
3959
3620
3832
3983
3985
3558
4195
3419
3877
4130
3991
3777
3766
3462
3975
4182
4128
3439
3632
3649
4120
3759
3848
3867
4125
3705
3949
3619
4161
3724
3689
3743
3755
3697
3618
3886
3862
3614
4009
3686
3714
4050
3634
3830
3955
4018
3303
4108
3867
3856
3839
3814
3754
3578
3517
3953
3777
3873
3977
3201
4045
3995
3976
3896
3924
3741
3769
4031
3255
3668
3871
3526
3954
4159
3598
3901
3743
3377
3547
4063
3853
3861
3588
3712
4239
3743
3411
3887
3744
3684
3632
3754
3876
4151
3932
3748
3865
3607
3858
3764
3492
3886
3816
3581
3473
3842
3738
3689
3668
4117
4132
3829
3467
3888
3883
3789
3625
3959
3933
4081
3646
3911
4118
3585
3478
3541
3603
3685
3738
4067
3649
3650
3518
4040
4265
4146
4132
3818
3918
3666
3620
3723
3848
4061
3750
4068
4055
3827
3749
3406
3885
3626
3772
4024
3778
3854
4308
4165
3874
3538
3809
3838
4242
4446
4021
4042
4179
3763
4142
4040
3921
3941
3981
4185
3979
3892
4142
3852
4262
4228
3792
3776
3792
4033
3763
4342
4160
3958
3915
3814
4178
3867
3797
3859
4226
4171
3933
4205
3962
3936
3980
4144
4346
4100
3950
3844
4329
3742
4019
4185
4043
4047
3863
3889
4052
4472
4213
3584
3773
3810
4104
3973
4097
4038
4293
3938
4174
4082
4375
4088
4094
3946
4272
3997
3864
4097
4196
3865
3963
3893
3964
3882
4004
4048
4047
3993
3479
4233
4208
3948
4104
4090
4053
3699
3703
4362
3549
3970
4069
3845
4152
4222
3713
4036
4186
4064
4160
4226
3807
4066
3825
3576
3962
4182
3847
3985
3940
3880
3825
4189
4079
3920
3978
3746
4574
4022
3811
4219
4089
3675
3840
3937
4089
4255
3842
3985
4155
3936
3698
3778
4018
3962
4084
3979
3839
4022
4158
3569
4176
4265
3962
4097
4004
4224
3958
4014
3656
4292
4429
3909
3874
3914
4306
4010
3829
3766
3784
3951
4064
4131
3848
3548
3920
4119
4358
4171
4199
4063
4030
3810
3809
4108
4088
4238
4201
4003
4245
4164
3744
3642
3998
3696
4203
4081
4039
4050
4386
4654
4129
3995
4109
4153
4398
4512
4223
4174
4338
3981
4474
4209
4467
4071
4219
4354
4331
4000
4764
4333
4290
4744
4092
3992
3976
4046
3831
4454
4218
4145
4242
4046
4380
4248
4175
3965
4105
4304
4248
4060
4045
3958
4508
4114
4333
4372
4099
4101
4274
3699
4401
4826
4490
4286
4142
4031
4090
4820
4621
3675
3760
4068
4401
4061
4367
4210
4631
4191
4393
4223
4777
4196
3989
4208
4597
4116
4031
4289
4391
3790
4448
4194
4339
4282
4032
4180
4417
4210
3779
4452
4267
4368
4300
4242
4186
4150
4008
4939
4020
4381
4307
3865
4186
4337
4371
4303
4424
4111
4446
4624
3801
4185
4324
3949
4287
4524
3915
3962
4457
3960
4178
4598
4279
4049
4181
3960
4876
4243
4055
4322
4479
4256
4051
4269
4597
4484
4060
4117
4134
4031
4123
4188
4183
4114
4422
4275
3996
3886
4408
4080
4206
4521
4390
4260
4242
4167
3986
4168
4076
4351
4417
4324
4082
3954
4364
3896
4008
4107
4011
4033
4053
4365
4167
3887
4150
4238
4663
4523
4274
4008
4455
4237
4146
4110
4502
4565
4119
4425
4623
4328
4210
3590
4352
4301
3684
3557
3542
3741
3966
3888
3861
3710
3826
3769
4120
4162
3974
3688
4096
3651
4265
3763
4032
3717
3699
4250
4068
3769
3827
3861
4001
4139
3910
3655
3702
3894
3599
4058
3960
3756
3978
3623
4146
3732
3431
3766
3713
4180
4003
3638
3914
3559
3823
3785
4152
3950
4054
3771
3965
3480
3790
4212
4141
3751
3998
3681
3788
4575
4440
3558
3418
3550
3894
3884
3937
3912
4164
3965
4137
3762
4151
3689
3842
3911
4044
3864
3750
3754
3916
3492
4045
3829
3842
3913
3686
3649
4119
4384
3402
4040
4350
3733
4197
3678
3583
3836
3956
3968
3910
4115
3976
3645
4015
4304
4232
3938
3926
3959
3776
4100
3520
3905
3949
3723
3972
4009
3590
3623
3841
3569
3895
3994
4043
3603
3929
3760
4404
3629
3607
3852
4016
3709
3694
3894
4050
4075
3794
4031
3654
3592
3565
3931
3810
3984
4039
3721
3792
3595
3634
3456
3952
4083
3725
3719
3643
3749
3797
3813
3912
3998
3914
3920
3974
3760
3804
3703
3759
3672
3617
3784
3878
4100
3763
3778
3639
3735
4133
4000
3755
3972
4138
3845
3405
3621
3963
3984
3837
4007
4036
3920
3713
3576
3928
4059
tempo: 0.133056