100 100
2000
2537
2115
2181
1880
2295
2247
2299
1840
1899
1764
2416
1946
2241
2269
2182
2065
1951
2152
2171
2332
2256
2051
2057
2199
2088
1912
2127
1958
1983
1987
2039
2244
2136
1922
2068
1784
2082
2306
1834
2125
2215
2380
2165
1928
2121
2167
2247
2136
1941
1748
2132
2102
2011
2059
2049
2061
1927
2065
2129
2127
2125
1842
2089
1902
2019
2248
2165
1817
1893
1876
2073
1895
2056
2034
2368
1931
1837
1920
1980
2030
2216
2053
1893
2035
2019
1992
1646
1720
2219
2065
1957
2294
2100
2099
1960
2471
2037
1754
2016
1945
2514
2058
1885
1950
2231
1993
2085
1946
1896
1868
2243
1802
1980
2179
2153
1917
1740
1900
2009
2035
1918
2000
1907
1909
1854
1956
2042
1957
1851
2003
2086
1991
2032
1945
2096
1850
1932
2038
1764
2197
2100
2039
2058
1963
1901
2100
2253
1991
1827
1830
2256
2131
1937
2239
2130
2055
1977
2073
2071
2221
2217
1950
2053
1932
1967
2147
1991
2075
1999
2021
2218
2038
1998
2267
2279
2017
2019
1974
2141
1946
2566
1933
1942
2258
2230
2100
1952
1840
2227
2094
1944
2282
2172
2325
2012
2354
2051
1850
2139
1997
2496
2074
1857
1929
2158
2013
2120
1981
1711
1860
2469
2053
2044
2256
2278
1990
2008
2204
1994
2093
1996
2130
1950
2024
1901
1939
2195
1983
1910
2038
2220
2123
2014
2021
2210
1946
2067
2121
1772
2196
2030
2098
2103
1973
2146
2130
2230
1884
1912
1860
2099
2121
1965
1935
1801
2096
1739
1950
1889
2051
1964
1827
1976
1787
1837
2067
1896
1974
1779
1595
1946
1968
1862
2042
2067
1863
1750
1824
1935
1836
2136
1785
1862
1882
2067
1744
1650
1785
1884
1915
1886
2075
2076
2100
1816
2157
2016
1666
1759
1950
2234
1985
1854
1681
2018
1982
1997
1595
1865
1745
2150
1816
2113
2056
2055
1882
1771
1843
1901
2079
1844
2004
1955
2037
1739
1873
1958
1874
1814
1903
1813
1859
1926
1763
2146
1753
1989
1874
1745
1992
1846
2048
1979
1884
1851
1784
2117
1835
1640
2004
2254
2278
2263
2225
2078
2371
2140
2336
2240
2325
2220
2145
2061
2112
2111
2340
2293
2106
1878
1987
2324
2123
2012
2354
2407
2180
2074
2194
2301
2190
2429
2012
2088
2125
2140
2272
2005
1887
2227
2267
2115
2488
2254
2299
2084
2373
2280
1963
2268
2228
2366
2320
2144
2105
2137
2106
2257
2262
2113
1782
2579
2214
2220
2432
2306
2096
1955
2336
2239
2270
2166
2240
2145
2178
2009
2180
2176
1943
1899
2068
2221
2223
1968
1926
2222
1982
2181
2130
1992
2170
2197
2377
2206
2340
2203
2270
2219
2119
2015
1749
2079
2077
1938
1954
1743
2168
1872
2163
1791
2114
2017
1783
1895
1787
1836
2114
2063
1693
1907
1881
2158
1996
1861
2163
2375
1921
1708
2022
2040
1985
2062
1885
1871
2002
1980
1849
1632
1624
1930
1865
1962
2219
1658
2180
1736
2277
1898
1597
1961
1931
2272
1887
1878
1891
2167
1989
1973
1652
1899
1671
2305
1927
2086
2351
2155
1779
1822
2067
1899
1991
1816
1894
1825
2079
1921
2002
1986
1712
1852
1982
1942
2003
1926
1861
1778
1817
1909
1965
1803
2096
2000
2060
2116
1799
1865
2004
2238
1807
1858
1956
2227
2154
1878
2321
2022
2111
1910
1998
2046
2206
2152
2067
2060
1817
1986
2271
2030
1777
1870
1934
2132
1977
1875
2233
2394
1933
1814
1979
2098
2138
2110
2058
2110
2104
2067
2049
1760
1773
2215
1937
1958
2372
1991
2231
2076
2331
2116
1816
1984
1992
2290
2228
2098
1885
2182
2104
2236
1765
1908
1841
2367
2073
2071
2339
2350
1933
1921
2083
2013
2095
2060
2202
1968
2184
2118
1983
2088
1997
2036
2080
1970
2108
2091
1922
2036
1777
2077
1942
1771
2249
2062
2255
2071
1995
2090
2102
2327
1973
1778
1889
2161
2101
2106
2080
2044
2210
1998
2223
2055
2245
2123
1935
2130
1901
2231
2281
2192
1994
2068
1889
2138
1990
2053
2085
2398
2064
1893
1999
2156
2038
2298
1922
2002
2243
2142
2073
1881
1889
2180
2180
1919
2134
2119
2279
1975
2266
2154
1691
1981
2106
2398
2019
1943
1926
2081
1947
2200
1871
1954
1975
2340
1933
2250
2281
2170
1974
1901
2022
1906
2195
2011
2159
1965
2075
1966
2104
1927
2003
1840
2111
2009
2053
2028
1789
2169
1807
2002
2099
1872
2238
2115
2182
2146
1914
2200
2134
2233
1910
1769
1888
2171
1974
1837
2071
1998
1958
1801
2033
2117
2021
2185
1983
2131
1780
1995
2121
2062
1748
1978
1861
2066
1790
1864
2081
2317
1928
1808
1869
2039
2012
2162
1983
2007
2114
1993
1908
1740
1816
2136
1982
1856
2279
2018
2113
2120
2327
2082
1859
1972
1821
2261
2069
1954
1819
2105
2010
2073
1781
1827
1778
2196
1932
2152
2256
2220
1939
1739
2123
2004
2064
2094
2045
1883
2124
1899
1952
1926
1950
1787
2013
1939
2020
1942
1891
2142
1895
1960
1992
1901
2084
1991
2145
2002
1912
1983
1962
2169
1863
1778
1625
1766
1687
1627
1817
1688
1847
1750
1718
1595
1713
1840
1719
1576
1613
1736
1772
1607
1671
1657
1681
1709
1662
1605
1801
1953
1649
1459
1676
1710
1661
1828
1645
1692
1720
1842
1637
1548
1416
1715
1632
1615
1937
1746
1830
1563
1911
1732
1487
1780
1662
1917
1860
1778
1561
1703
1552
1653
1512
1604
1513
1874
1694
1759
2094
1859
1624
1636
1695
1575
1831
1665
1679
1492
1677
1668
1732
1712
1701
1620
1582
1690
1726
1624
1329
1575
1575
1700
1914
1529
1824
1748
1822
1669
1505
1650
1688
1822
1658
1597
2104
2308
2160
1856
2386
2110
2221
2022
2234
2154
2375
2176
1907
2182
2044
2142
2341
1973
2159
2049
2093
2254
2199
2093
2257
2555
2061
2175
2069
2231
2114
2512
2158
2275
2267
2069
2192
1848
1800
2297
2117
2084
2671
2233
2382
2177
2507
2480
1888
2286
2140
2604
2146
2018
2079
2395
2168
2372
2001
1936
1877
2460
2021
2279
2536
2321
2220
2136
2255
2111
2399
2193
2253
2113
2165
2000
2127
2360
2065
2059
2235
2174
2224
2232
2067
2096
1978
2199
2052
1918
2282
2257
2314
2239
2061
2210
2376
2315
2087
1867
1932
2260
2075
2215
2132
2053
2081
1857
2264
1992
2228
2102
1931
2075
1882
2047
2268
2162
1948
2032
1912
2246
2075
1975
2202
2335
2094
1984
1958
2070
2055
2335
1903
1957
1993
2020
2099
1913
1841
2107
2138
1899
2221
2084
2313
1895
2192
2155
1901
1935
2037
2436
2147
2110
1973
2312
1924
2134
1931
2007
1835
2261
2027
2280
2193
2108
2045
1782
2112
2167
2171
2043
2102
1908
2039
1982
2103
2108
1963
1744
2145
2074
1923
2040
1875
2100
1857
2047
2061
1802
2078
2039
2283
1978
1869
1853
1998
2195
1846
1889
1779
2065
1965
1811
2029
1923
1980
1766
2086
1917
1818
2023
1865
1992
1770
2006
2168
1979
1840
1798
1961
2032
1838
1903
2020
2398
2089
1846
1913
2129
1955
2119
1822
1919
2003
2086
2090
1747
1605
2017
2028
1910
2164
1934
1948
1901
2165
2188
1717
2006
1952
2300
2001
1935
1919
2079
1957
2001
1718
1729
1711
2267
1770
1912
2127
2052
1829
1721
2149
2034
2118
1910
2019
1896
2061
1807
2038
1859
1769
1673
1973
1870
1944
1924
1826
1958
1816
1882
2006
1802
1973
1982
2016
1989
1784
1797
2055
2108
1904
1688
tempo: 1