200 200
3848
3665
3582
3770
3597
3601
3280
3904
3723
3607
3777
3643
3550
3662
3413
3568
3404
3727
3523
3289
3775
3974
3393
3925
3378
3999
3369
3602
3861
3668
3717
3636
3192
3932
3631
3727
4157
3714
3700
3407
3750
3819
3947
3702
3926
3298
3590
3944
3694
3522
4187
3798
3470
3873
3799
3846
3611
3731
3452
3512
3748
3507
4040
3707
3681
3386
3727
3379
3674
3584
3599
3900
3594
4154
3522
3733
4009
3624
3717
3909
3611
4054
3770
3720
3621
3490
3654
3506
3706
3920
3729
3622
3560
3426
3677
3558
3294
3692
4083
4073
3978
3712
3760
3948
4135
3516
3754
3257
3763
3895
3703
3875
3367
3595
3551
3650
3914
3524
3229
3762
3842
3743
3595
3782
3524
3557
3614
3931
3862
3741
3626
3661
3417
3691
3634
4040
3976
3529
3580
3952
3393
3626
3677
3849
3748
3665
3439
3594
3634
3551
4015
4114
3679
3628
3560
3451
3645
3268
3737
3800
3474
3548
3606
3715
3732
3863
3569
3521
3238
3808
3965
3664
3128
3567
3711
3978
3931
3809
3714
3867
3869
3566
3549
3777
3881
3863
4077
3605
3448
3631
3534
3489
3679
3718
3851
3517
4290
3924
3930
3404
4461
4537
4155
3962
4178
4264
3614
4355
4186
4241
4127
4005
4341
3893
4133
4094
4012
4150
4051
3903
4270
4428
4146
4602
3891
4505
3820
4140
4300
4572
4321
3886
3958
4448
4145
4240
4542
4337
4174
4048
4227
4219
4578
3934
4571
3905
4212
4195
4144
3909
4297
4291
4122
4304
4050
4044
4250
4058
3983
4203
4086
3876
4609
4069
4301
4070
4267
3899
3767
3980
4071
4241
3784
4342
4094
3981
4361
4081
4347
4356
4102
4312
4316
4043
4462
3980
4199
3890
4448
4212
4081
4043
4008
4132
4255
4327
3999
4193
4664
4433
4298
4359
4178
4464
4182
4653
4224
3779
3915
4184
4166
4433
4005
4512
4073
4309
4425
3771
3878
4507
4417
3990
4056
4508
4211
3971
4074
4200
3926
4275
4310
3828
4003
4513
4378
4779
4226
4070
3872
4049
4112
4207
3944
4130
4150
4277
3974
4149
4206
4168
4419
4423
4604
4025
4255
3834
4011
3891
4410
4316
4310
4256
4392
4469
4113
4271
4199
4142
3928
4544
4274
4425
3888
4060
4121
4300
4283
4286
4421
4447
4169
3921
3944
4509
4349
3954
4390
4266
3937
4198
4316
3943
4587
4343
4180
4051
4775
4251
4523
4064
4204
4184
3903
3949
3759
3925
3667
4041
4027
3807
4120
3622
4416
3963
4067
3844
3669
4098
3716
3683
4008
4222
3877
4136
3717
4213
3908
3959
4125
3994
3996
4022
3568
4249
3969
4124
4251
4385
3821
3855
3864
3950
4413
3793
3795
3815
4033
4087
3868
3718
4286
3938
3963
4268
4052
3776
4071
3802
3608
3926
4095
4202
4350
3645
4157
3959
3863
3579
3799
4059
3713
4271
3813
4308
4189
4298
4003
3924
4185
4434
4144
4300
4039
3867
4096
3779
4038
3833
4175
4068
3991
3870
3815
3882
4040
4183
3595
3989
4179
4289
4243
4170
4201
3968
4230
4095
4262
3703
3986
4169
4072
3984
3572
4012
3873
4362
4321
3718
3486
4218
4209
4096
3927
3881
3952
4012
3926
4148
4088
4240
4075
3828
3932
4183
4167
4705
4304
3886
3817
3963
3858
4159
3718
4051
4013
3906
3532
3964
4001
3775
4027
4226
4174
3975
4126
3840
4045
3568
4259
4271
3977
3952
4007
3919
3881
4019
4208
3714
3648
4098
4475
3867
3785
3888
4241
4386
4090
4188
3952
4276
3950
3943
3971
4375
4277
4035
4392
4152
4092
4121
3971
3731
3838
4036
4068
3541
4311
4017
4280
3717
4444
3975
3620
3855
3904
3656
3658
4020
3999
3818
4115
3743
4232
4015
4019
3729
4028
4055
3803
3761
3864
4104
3844
4112
3695
4128
3909
3966
3914
3966
3994
3988
3703
4191
3870
4113
4212
4191
3995
4069
4022
4066
4146
3863
4213
3710
3983
4116
3930
3615
4229
3886
3871
4225
4160
3931
4074
4036
3712
3952
3975
3724
4320
3857
4053
4102
4026
3766
3781
3943
3719
4236
3910
4138
4019
4129
4282
3885
4253
4127
4033
4300
4065
4022
4109
3847
4072
3767
4157
4219
4032
3865
3807
3812
4151
4049
3673
3988
4245
4213
4420
4090
4059
4205
4062
4038
3894
3753
3842
4062
3996
4292
3562
3861
4128
4331
4235
3787
3717
4036
3964
4117
3970
4091
3930
3769
3852
3881
4257
4246
4048
3677
3731
4348
4007
4469
4313
3993
3946
4175
3781
3961
3829
4190
4248
3912
3869
3936
3972
4092
3937
4246
4070
3880
3854
3902
3929
3710
4022
4256
3996
4006
4088
3943
3969
4067
4169
3676
3895
4085
4226
3998
3730
3977
4210
4179
4040
4151
4096
4288
4083
4026
3629
4253
4492
3848
4311
4179
3666
3845
4029
3849
4081
4057
3944
3884
4576
4135
4173
3942
4420
4079
3887
4049
3829
3911
3651
4164
3995
4048
4014
3742
4058
3932
3800
3713
3799
4081
3699
3721
4119
4221
3916
4149
3747
4401
3706
3873
4219
4159
4241
4088
3548
4395
4001
4019
4180
4070
4102
3914
4073
4148
4350
4023
4018
3549
4040
3802
4046
3669
4263
3966
3923
4465
4083
4032
4039
4242
3781
3867
4018
3809
4500
3907
4194
3969
4074
3710
4000
3805
3908
4242
3961
4282
3979
3934
4045
3902
4137
4337
4054
4247
4044
3894
4135
3815
4167
3938
4220
4076
3993
3731
3756
3806
3881
4169
3604
3999
4599
4447
4133
4079
4205
4394
4343
4185
3744
3766
3708
4204
4006
4412
3673
3997
3849
4164
3993
3741
3743
4098
4195
3911
3888
4072
3944
3735
4046
4145
3810
4115
3823
3676
3683
4074
4014
4566
4101
3999
3790
4028
3855
3982
3839
4018
4169
3992
3981
3749
3984
3949
4244
4328
4245
4214
4029
3988
3723
3563
4095
4280
4017
3849
3765
4074
4022
4184
3862
3741
3740
4006
4470
3837
3935
3822
4063
4190
4120
4271
4169
4146
4089
3976
3881
4323
4404
4011
4257
4071
3710
3671
4075
3712
4193
4071
4027
3963
4681
4115
4141
3915
4288
3946
3691
3921
3886
3869
3652
4116
3964
3724
3994
3515
4134
3707
3830
3890
3791
4019
3765
3673
4077
4359
3736
4298
3811
4020
3880
3714
4149
4088
4025
4068
3603
4176
3853
3915
4178
3879
3930
3917
3944
4087
4172
4008
3889
3934
3910
3989
4071
3609
4183
3838
3700
4307
4169
3862
3844
3972
3533
3845
4036
3930
4195
3647
4154
3790
4085
3773
3867
3839
3670
4103
3782
4169
3811
4043
4129
4082
4136
4406
3819
3876
4066
3796
4041
3814
3907
3826
4255
3913
3952
4079
3860
3954
3979
4311
3672
4000
4570
4278
4079
4036
4151
4040
4256
4204
3832
3646
3683
4003
4050
4259
3546
4181
3905
3928
4202
3743
3617
4142
3740
4055
4027
4069
3701
3711
3725
4147
3914
4108
3963
3826
3708
4066
3894
4329
4306
3901
3945
4266
3911
4023
3905
3857
4006
3967
4006
4126
3850
3845
4083
4306
4009
3914
3909
3611
3985
3796
4187
4198
3953
3952
4177
3998
4022
4046
3961
3806
3810
4041
4068
3872
3395
3782
4096
4051
4020
3891
4059
4102
4183
3814
3946
4480
4364
4138
4232
3999
3800
3664
4015
3909
4275
3958
4021
3553
4569
4345
4246
3861
4064
4041
3719
4182
3683
3892
3717
4155
3851
3964
3882
3580
3996
3671
3948
4015
3579
3780
3629
3711
3837
4129
3767
4155
3703
3904
3660
3669
3949
3809
3818
3750
3491
4202
3825
3726
3939
3895
3714
3511
3913
3848
4256
3806
4130
3778
3598
3939
3762
3647
4198
3925
3899
3996
4070
3722
3831
3802
3507
3559
3683
3467
4081
3715
3958
3875
3889
3458
3484
3683
3748
4024
3805
3987
3666
3873
4240
3959
3863
4090
3858
3858
3882
3565
3905
3731
4048
3678
4152
3928
3703
3760
3625
3735
3598
3969
3554
3793
4383
4011
3933
4065
3927
3999
4065
4033
3679
3413
3434
3931
4095
4166
3400
3936
3627
4004
4011
3411
3540
4145
3818
3801
3892
4001
3837
3497
3764
3993
3621
4115
3679
3597
3601
3756
3941
4196
4045
3823
3808
3986
3794
3841
3600
3886
4017
3861
3594
3674
3878
3892
3933
4128
4118
3826
4117
3598
3883
3591
3800
4138
3692
3772
3669
4003
4001
3940
3788
3586
3430
3986
4125
3893
3583
4122
3725
3923
3921
3874
4117
3885
3871
3670
3700
4316
3890
3843
4112
4151
3473
3817
3980
3750
4001
3737
3787
3739
4393
3922
4306
3846
4311
3912
3534
3823
3748
3616
3457
4117
3873
3966
4090
3656
4160
3735
3919
3893
3462
4064
4017
3683
3852
4143
3928
4005
3757
4323
3652
3949
4060
3925
3887
3950
3710
4095
3900
4098
4451
3871
3872
3743
3843
3979
4247
3726
3973
3645
3719
3886
3894
3552
4232
4079
3863
4313
3931
3642
3871
3804
3548
3868
4001
3782
4467
3816
3967
3669
3899
3720
3886
3832
3705
4134
3605
4003
4003
3930
4058
3963
3935
4258
3698
4239
3914
3719
3918
3593
4217
3855
4220
3850
3817
3593
4042
3815
3761
3926
3440
4058
4330
4329
3991
4107
4168
4108
4093
3991
3789
3663
3835
4127
3988
4018
3540
4043
3749
4209
4276
3586
3780
4046
4061
3825
3902
4141
4012
3727
3709
4091
4123
4198
4031
3836
3784
3941
3865
4438
4145
3795
3816
4070
3645
3856
3716
3959
4063
3673
3668
3922
3861
3855
4323
4376
3954
3877
3840
3960
3906
3589
4028
4150
3868
3834
3946
3907
3782
4114
3793
3587
3608
4111
4447
3797
3823
3802
4208
4026
4121
4136
4047
4217
3983
3855
3804
4410
4280
4063
4054
4083
3659
4076
3991
3713
3898
3813
3933
4103
4533
4106
4086
3913
4146
4124
3910
4139
3811
3778
3833
4301
3874
3839
3940
3848
4078
4053
4205
3771
3848
4047
3737
3813
4173
4377
4044
4211
3771
4280
3854
4029
4080
4244
4017
4072
3507
4253
3910
4027
4122
4070
3960
3948
3958
3911
4445
4133
3978
3797
4041
3823
4106
3887
4390
4109
3855
4391
4177
4023
3769
4112
3827
4113
3926
3903
4552
3936
3880
3998
4117
3633
3679
3785
3777
4266
3937
4281
3964
4119
4206
4018
4083
4153
3840
4191
4148
3898
4031
3838
3851
3898
4224
4096
4113
4123
3914
3910
3979
4106
3687
4306
4457
4464
4287
4049
4091
4309
4258
4316
4101
3554
3807
4020
4300
4155
3657
4118
3886
4095
4256
3674
3675
4164
3990
4141
3985
4158
4265
3693
3833
3967
3964
4190
3981
3698
3873
4134
3925
4640
4218
4092
4000
4068
3888
3950
3793
4198
3947
4069
4013
4093
3908
3989
4306
4283
4154
4049
4161
3801
3829
3802
4110
4026
3855
4090
3781
4071
4216
4010
4026
3795
3874
4262
4346
4094
3770
4010
3949
4184
4107
4097
4078
4025
3993
4127
3871
4327
4214
3873
4263
4373
3924
3768
4028
3845
4074
3716
4016
3841
4554
4251
4278
3897
4449
4230
3898
4225
3964
4168
3591
4198
4095
4090
4250
3853
4228
4065
3801
4033
4028
3973
3966
3850
4073
4310
3980
4342
3868
4439
3940
3986
4154
4245
4157
4111
3685
4405
3841
3968
4332
4119
4118
3964
4132
4133
4630
3921
4170
4106
4113
4078
3961
3845
4262
4022
3792
4386
4351
3966
4109
4178
3660
4099
3864
3922
4394
4177
4205
4203
4129
3690
4096
3998
3933
4383
3952
4499
4093
4342
4479
3955
4120
4391
4139
4296
4339
3941
4181
3841
4088
4016
4525
3824
4125
4045
4014
4038
3814
4208
3664
4049
4572
4561
4481
4084
4218
4252
4311
4323
4054
3876
4198
4287
4370
4334
3862
4264
4084
4464
4184
3926
3885
3941
4163
3910
3819
4175
3906
3814
3885
4133
4190
4380
4018
3809
3971
4219
4303
4810
4299
4307
3810
4526
4048
4190
4042
4051
4083
3915
3636
4011
3835
4172
4029
4448
4377
4161
4007
3947
3974
3651
4413
4280
3971
4098
4186
4292
4218
4066
4041
3698
3788
4330
4319
4108
3727
3965
4396
4387
4157
4340
4230
4356
4167
3856
3962
4478
4328
4188
4417
4220
3697
3835
4257
4068
4225
3982
4053
3959
4695
4161
4490
4116
4195
4028
3635
3806
3990
3771
3337
3875
3763
3832
3953
3692
3949
3744
3902
3913
3599
3716
3504
3622
3728
3989
3641
4236
3590
4126
3688
3893
3959
3902
4142
3760
3521
3901
3878
3839
3866
3829
3781
3690
3867
3980
4114
3853
4040
3908
3853
3989
3786
3465
4127
3839
3655
4049
4062
3945
3943
3762
3451
3699
3927
3731
4260
3934
4003
3725
4118
3610
3741
3816
3520
3929
3914
4188
3865
3970
4184
3836
3850
4300
3770
4100
4157
3578
4058
3370
4216
3943
4263
3774
3945
3757
3496
3570
3924
3771
3490
3894
4237
3954
3850
3672
3849
3974
4131
3819
3596
3484
3790
3910
3816
4132
3541
3948
3877
4003
4271
3885
3644
3883
3858
3822
3806
3880
3988
3563
3920
3962
3755
4165
3722
3800
3701
3921
3785
4483
4174
3839
3830
3962
3605
3889
3711
3801
3962
3647
3599
3806
3724
3736
4050
4028
3958
3543
3687
3690
4091
3656
3957
4265
3748
3740
3940
3863
3888
4002
3861
3516
3682
4223
4123
4061
3600
3935
4175
4009
3948
4001
3905
4258
4011
3580
3635
4266
4232
3953
4161
4070
3542
3773
3778
3919
4006
3703
3706
4004
4439
4110
3995
3949
4406
4465
4047
4217
3987
4171
3767
4296
3962
4176
4284
4112
4366
4086
4244
4073
4183
4315
4071
3915
4265
4388
4030
4359
3937
4310
4112
4251
4550
4346
4179
4094
3792
4468
4287
4366
4466
4255
4277
4249
4120
4311
4528
4311
4273
3938
4094
4230
4305
3697
4426
4171
3850
4477
4124
4108
4193
4141
3978
4179
4124
3890
4534
4018
4405
4182
4353
3777
3983
4084
4029
4400
4045
4248
4363
4143
4362
4193
4222
4616
4310
4384
4355
4013
4412
3719
4133
4182
4435
4266
4156
4298
4056
4165
4194
4200
3800
4233
4736
4675
4660
4319
4371
4215
4594
4294
4154
3958
3993
4382
4292
4580
3774
4447
4178
4467
4329
4057
3845
4351
4368
4108
4274
4204
4071
3957
4039
4281
4088
4392
4269
4104
3897
4430
4102
4878
4509
4061
4160
4318
3924
4207
3826
4272
4175
4252
3795
3988
4345
3919
4469
4622
4362
4069
4184
4131
3923
3968
4435
4398
4186
4332
4367
4072
4277
4446
4246
4002
3924
4336
4471
4274
3765
4334
4420
4233
4167
4256
4496
4490
4128
3979
3928
4364
4541
4184
4618
4215
4052
4288
4292
3960
4412
3997
4120
4130
4817
4393
4368
4224
4096
3930
3533
3622
3558
3748
3421
3696
3632
3636
4018
3515
4290
3865
3630
3675
3641
3851
3491
3551
3967
3825
3646
3997
3542
4052
3667
3764
4011
3812
3875
3732
3373
3820
3438
3730
3862
3788
3762
3694
3786
3857
3970
3653
3958
3677
3818
3702
3604
3473
3748
3512
3672
4138
3770
3734
3835
3692
3540
3545
4078
3706
4013
3694
4123
3472
3980
3530
3690
3559
3653
3918
3718
3842
3963
3679
4064
3696
3957
3908
3673
3837
3948
3627
3960
3354
4015
3627
4036
3635
3564
3789
3422
3631
3778
3840
3398
3637
4039
3849
3750
3856
3978
4075
3751
3775
3879
3324
3757
3935
3533
4072
3497
3775
3742
4001
3792
3676
3476
3818
3729
3601
3796
3940
3642
3511
3781
4040
3772
4066
3854
3518
3568
3898
3844
4386
3852
3671
3614
3749
3635
3721
3696
3665
3826
3839
3549
3608
3835
3793
3969
3826
3674
3855
3845
3552
3538
3173
3843
4008
3644
3413
3859
3722
3633
3890
3851
3520
3596
4081
4022
3726
3490
3942
3865
3830
3718
3802
3805
3857
3550
3622
3682
4053
4183
3633
4031
3949
3648
3615
3731
3619
3867
3634
3709
3730
4315
3867
3937
3791
4441
4442
4311
4445
3926
4215
3780
4300
4068
3775
4324
3965
4332
4221
3881
4222
4034
4501
3939
3647
4169
4459
3898
4252
3894
4300
3967
3827
4310
4235
4073
4061
3719
4405
4402
4623
4339
4258
4099
4103
4230
4136
4519
4197
4246
3850
4114
4144
4055
4164
4445
4088
4227
4185
4200
4063
4054
4183
3799
4011
4069
4095
4451
3999
4288
4118
4181
3701
3862
4077
3745
4141
4090
4307
4000
4265
4524
4222
4214
4301
4015
4363
4533
4103
4428
3857
4162
4120
4301
4019
3990
4124
4122
4114
4138
4497
3758
4449
4558
4548
4477
4369
4208
4500
4444
4307
4227
3903
3938
4414
4245
4522
3899
4235
4173
4320
4576
3746
3765
4282
4307
4388
4238
4323
4380
4026
4140
4365
4279
4363
4095
3912
3932
4292
4266
4630
4656
4231
4259
4224
4012
4077
3875
4208
4196
4006
3825
4217
3994
4083
4445
4365
4096
4163
4306
3795
4086
4064
4199
4503
3918
4084
4198
4345
4034
4465
4276
4121
3925
4338
4432
4464
4046
4354
4280
4302
4221
4418
4470
4192
4141
4130
3949
4477
4461
4309
4289
4316
4066
4009
4271
3902
4196
4136
4157
4149
4796
4424
4348
4171
4146
4212
3963
4058
3885
4016
3821
4153
4254
3898
4047
3825
4280
4035
3929
3928
3852
4150
3889
3806
4098
4593
3887
4369
3616
4143
4147
4085
4206
4210
4136
4032
3867
4277
3966
4104
4519
4313
3763
3866
4147
3902
4274
3951
4139
3872
3942
4188
4165
3924
4393
4026
3901
4464
4219
3932
3788
3905
3860
3940
4022
4105
4408
4067
4179
4153
3949
3593
3763
4088
3867
4320
4033
4368
3992
4306
4385
4080
4166
4570
3855
4247
3894
3909
4040
3779
4035
3730
4225
3798
3926
4004
3972
4022
3909
4221
3677
4205
4368
4332
4261
4142
4139
4216
4313
4170
4048
3712
3950
4094
4149
4258
3794
4052
3994
4229
4370
3737
3855
4239
4182
4120
4010
4093
4014
3902
3954
3944
4197
4211
4045
3915
3916
4338
3880
4816
4229
4000
3708
4468
3875
4088
3778
4236
4154
3982
3796
4081
4115
3906
4185
4692
4256
4027
4146
3905
4024
3778
4274
4207
3956
4149
4065
4167
3937
4084
4012
3920
3940
4343
4512
4139
3688
4100
4327
4243
4134
4135
4089
4242
4131
3998
3879
4358
4203
4117
4455
4177
3843
3743
4161
3972
4177
3823
4211
4107
4498
4383
4260
4026
4162
3761
3396
3795
3691
3749
3256
4057
3978
3876
3858
3709
3848
3858
3697
3700
3691
3731
3656
3569
4168
3920
3698
3938
3593
4296
3616
3614
3951
3909
4017
3816
3555
4026
3494
3820
4156
3966
3786
3520
3923
4020
4090
3637
3871
3658
3490
3894
3717
3570
4159
3761
3407
3973
3878
3814
3776
3556
3578
3910
3906
3761
4243
3784
3818
3829
3712
3532
3844
3772
3615
4044
3567
3917
3621
3923
4086
3500
3816
3984
3818
4044
3868
3661
3840
3643
3662
3464
3960
3617
3698
3586
3710
3352
3640
3884
3385
3949
4102
4096
4038
3737
3942
4178
4168
3994
3766
3412
3786
3693
3725
4163
3692
4058
3711
3928
3796
3528
3530
3835
3808
3804
3668
3960
3784
3575
3526
3994
4132
4042
3822
3560
3542
3954
3962
4194
3986
3765
3673
3898
3782
3829
3536
3709
3956
3646
3715
3567
3965
3775
3643
4257
3835
3914
3832
3663
3568
3407
4135
3980
3850
3930
3970
3879
3705
3556
3714
3646
3445
4024
4146
3984
3453
3810
3952
3993
3815
3863
3811
4094
3862
3545
3563
4143
4128
3789
3689
3800
3536
3721
3941
3639
4037
3776
3747
3963
4431
4064
4231
3500
4247
4121
3944
3838
4069
3972
3693
4058
4253
4272
4166
3975
4210
4055
3905
3873
3695
4159
3828
3588
4093
4322
3870
4363
3538
4348
3811
3946
4015
4166
3940
4045
3580
4095
3989
4012
4406
4193
4191
3917
4090
4244
4312
3969
3944
4125
3857
4085
3857
3950
3938
4001
3823
4280
3966
3973
4134
4013
3698
3858
4011
3973
4431
3699
4279
3915
4060
3736
3924
3821
3707
4217
3786
4231
4145
3896
4330
4018
4144
4280
3738
4100
3959
3942
4076
3927
4190
3899
4375
4014
4029
4038
3842
3860
3994
4092
3732
3905
4517
4264
4193
4157
4185
4500
4104
4328
4048
3657
3813
4218
4083
4433
3637
4282
3844
4322
4319
3990
3724
4354
4003
4020
4002
4162
4118
3774
3865
4277
3906
4061
4020
3718
3747
4200
4171
4558
4304
4004
3815
4237
3828
3982
3831
4069
3951
4013
3749
3832
4016
3991
4297
4349
4218
4028
3987
4056
3786
3715
4167
4163
4159
4001
4210
4263
4025
4137
3840
3891
3769
4130
4234
4248
3787
4038
4158
4156
4227
4154
4335
4000
3981
3753
4017
4258
4295
4145
4331
4028
4090
4097
4058
3758
4167
3764
3986
3847
4679
4313
4450
4003
3941
4111
3637
3868
3694
3790
3283
3973
3808
3685
3701
3729
4013
3762
3628
3723
3681
4104
3807
3761
3668
3753
3545
3912
3641
4131
3588
3869
4011
3851
3733
3763
3407
3690
3754
3840
4148
3845
3816
3749
3805
3758
4161
3736
3910
3851
3702
3909
3620
3644
4079
3676
3672
4164
3648
3827
3911
3652
3527
3688
3939
3743
4050
3819
3861
3684
3677
3486
3663
3540
3601
3872
3527
4028
3509
3638
4242
3875
3971
4101
3572
4065
3997
3928
3946
3493
3832
3572
3957
3764
3889
3943
3560
3815
4010
3834
3467
3841
3982
4010
4033
3633
3634
4000
3935
3797
3619
3570
3755
3852
3725
4097
3236
3773
3746
3750
4301
3615
3529
3938
3797
3756
3934
3718
3761
3538
3657
3965
3944
3930
3791
3707
3752
3897
3743
4278
4136
3745
3755
3692
3543
3942
3462
3890
3774
3736
3738
3794
3838
3528
4132
4054
3858
3659
3616
3643
3690
3631
4037
3862
3722
3686
3941
3975
3893
3723
3810
3365
3805
3881
4080
3786
3611
3877
4001
3930
3846
3917
3846
4105
3878
3819
3583
4123
4315
4058
4038
3857
3697
3673
3564
3742
3809
3647
3746
3999
4266
4077
3870
3492
4371
4499
4013
4002
4054
4117
3735
4051
4038
4338
4404
3835
4384
3841
4063
4096
3920
4381
4010
3738
4231
4267
4023
4441
3670
4495
3811
4161
4112
3969
4071
3953
3800
4363
3948
4186
4534
4365
3765
3986
4155
4295
4489
4110
4238
3825
4329
4199
4037
3604
4410
4187
3989
4306
4182
4074
4070
4019
3624
3758
4250
4077
4522
3928
4322
3875
4054
3779
4038
3846
3953
4351
3947
4449
4277
4138
4417
3996
4209
4514
4044
4318
3980
3760
4046
4043
4148
3930
4394
4108
4094
3998
3824
3947
4047
4068
3611
4248
4387
4572
4252
4092
4553
4381
4508
4161
4151
3987
4085
4377
3986
4364
3858
4263
4132
4389
4499
3881
3704
4187
4303
3929
3992
4095
3958
3768
4205
4166
4173
4292
4115
4036
4051
4183
4047
4577
4089
4110
3956
4216
4075
4132
3711
4264
4227
4118
3779
3965
4029
3989
4428
4273
4099
4123
4075
3795
4014
3746
4331
4179
4000
3923
4472
4018
3982
4302
4029
4125
3839
4492
4378
4243
3849
4059
4163
4495
4059
4243
4183
4320
4238
3801
4033
4379
4420
4241
4389
4348
3827
4267
4071
3730
4202
4007
4147
4118
4638
4218
4447
4050
4097
3995
3726
3820
3762
3829
3392
3920
3788
3582
3974
3731
4280
3979
3872
3716
3507
4139
3807
3710
4105
4238
3829
4091
3531
3932
3830
3950
4048
3936
4031
3786
3397
3884
3648
3825
4134
3918
3778
3583
3611
3826
4172
3896
3944
3654
3916
3731
3823
3574
4122
3846
3641
4080
4002
3623
3644
3878
3620
3740
4103
3881
4157
3680
4175
3740
4161
3843
3751
3525
3772
4139
3494
4157
3934
3924
4139
3799
4046
4047
4186
4256
3912
3836
3932
3623
4067
3916
4187
3888
3775
3812
3833
3798
3726
3959
3440
3935
4228
3970
4314
3993
4020
4143
4126
3955
3790
3348
3820
3768
3974
4194
3741
3825
4068
4082
4224
3630
3710
4212
3875
3916
4167
3872
3852
3747
3768
4018
3797
3895
3656
3618
3619
4108
3910
4361
4100
3909
3856
4107
3975
3901
3679
3735
3998
3882
3437
3783
3982
3704
4006
4068
3969
3891
3988
3780
3682
3425
4120
4272
3931
3948
4012
3921
3883
4106
3810
3758
3554
3901
4255
3912
3562
4002
4059
4047
4005
3863
3881
3903
3816
3943
3985
4144
4325
3757
4204
4051
3732
3813
3961
3625
3944
3702
3900
3634
4428
3866
4308
3922
4175
4130
3887
3854
3709
3901
3511
3991
3891
3750
3962
3704
4118
3896
3998
3761
3825
4005
3894
3715
3955
4058
3781
4166
3781
4125
3617
3774
3789
4125
4156
3836
3608
3854
3896
4200
4252
3873
3805
4003
3742
3899
4176
3856
3860
3636
3782
3884
3895
3652
4204
3954
3815
4042
3779
3820
3722
3722
3557
3717
3904
3791
4197
3666
4076
3680
3979
3566
3857
3754
3480
4041
3636
4247
3952
3964
3807
3897
4153
4294
3848
4225
4153
3968
4068
3663
3980
4018
3999
3991
4055
4022
3707
3893
3760
3883
3456
4211
4312
4252
4234
4005
4258
3879
4188
4023
3928
3497
3622
4021
4066
4213
3580
4202
3732
4240
4259
3820
3632
3947
3897
3957
4044
4104
3787
3828
3682
4013
4069
4082
3908
3736
3694
4174
4069
4402
4166
4050
3770
4160
3718
4125
3537
3987
3805
3800
3705
3790
3912
3674
4161
4121
4023
3777
3933
3684
3633
3735
4129
4100
3911
4131
4007
3888
4044
4077
3921
3676
3612
4043
4033
3994
3620
3911
3979
4111
3864
3961
4082
4020
3938
3692
3983
4359
4203
4094
4128
4148
3525
4066
3830
3697
4058
3935
3725
3676
4245
4072
4052
3646
4176
4061
3833
3867
3934
3932
3750
4088
4002
4065
4140
3703
4154
3962
3832
3976
3693
4098
3858
3562
4159
4144
3818
4029
3840
4378
3761
3883
4226
3954
4050
4102
3785
4270
3804
4030
4186
3911
4160
3781
3967
4102
4327
4008
4090
3906
3922
4011
3895
3590
4314
4103
3850
4189
3982
3808
4006
3890
3847
3897
3913
3830
4405
3771
4043
3913
4089
3760
3720
3671
3775
4344
3677
4236
4013
3847
4042
4010
4114
4336
3982
4086
3799
3860
4210
3736
4166
3815
4328
4043
3868
3938
3736
3806
4146
3904
3602
4040
4330
4310
4054
4130
4039
4128
4127
4067
3882
3463
3819
4146
3789
4179
3357
4057
3875
3988
4274
3495
3586
4354
4146
3955
3952
4189
3876
3888
3824
3955
3919
4297
4043
3830
3763
3959
3944
4531
4416
3890
4008
3986
3749
3864
3699
4025
4066
3792
3518
3808
4191
3822
4206
4438
4265
4019
3848
3927
4047
3752
4220
4173
4054
3942
4153
3845
3885
4266
4017
3834
3724
4035
4338
4254
3505
3886
4178
4141
4175
4017
4194
4237
4198
3915
3732
4241
4231
4021
4279
4053
3925
4219
3813
3939
3992
4055
3981
3890
4735
4098
4411
3615
4015
4158
3824
4021
4062
3680
3688
4075
3883
3974
4113
3814
4006
3948
3982
3995
3897
4205
3781
3651
4070
4344
3794
3988
3964
4016
3805
3979
4223
4142
4142
4166
3569
4311
4012
4141
4320
3980
3939
4107
3933
4239
4344
3894
3972
3953
4046
3974
4030
3769
4354
4098
3859
4195
4220
3997
3917
3891
3910
3910
3907
4096
4316
3907
3852
4126
3999
3573
3741
3982
3761
4147
3869
4266
3978
3957
3961
4012
3914
4194
3994
4331
4287
3822
4016
3810
4030
4036
3991
4108
3957
4128
3765
3837
4078
4213
3540
3898
4517
4393
4180
4170
4111
4155
4341
4096
3974
3668
3983
4146
4268
4330
3625
4180
4051
4048
4133
3668
3376
4205
4209
4224
3977
3997
4127
3752
4034
4248
4014
4281
4023
3805
3742
4097
4108
4612
4310
4208
4041
4203
3955
4015
3798
4147
4163
3949
3824
4028
4105
3994
4178
4426
4260
3995
3832
3929
4060
3687
4184
4157
4000
4286
3993
3857
4199
4119
3950
3828
3708
4094
4231
4085
3791
3879
3893
4203
4137
4075
4303
4211
4085
3785
3880
4403
4484
3924
4442
4231
3562
3991
3956
3827
4097
3947
4139
3902
4333
4336
4203
3894
4337
4382
3900
4014
3979
3718
3808
4180
4140
4005
4317
4067
4367
4050
3842
3986
3786
4114
3929
3853
4083
4273
3983
4213
3668
4213
3836
3873
4159
4287
4250
3940
3876
4267
3791
4229
4325
4115
3926
4222
4104
3988
4167
3988
4102
4050
4193
4026
4045
3789
4330
4006
3867
4398
4054
4024
4057
3936
3737
4006
4009
4169
4412
4165
4276
4124
4008
3799
3822
3858
3871
4280
3956
4519
3976
4213
4519
4020
4124
4381
3899
4362
4211
3961
4385
3705
4088
3978
4401
4081
4054
4093
3888
3955
4049
4035
3648
4077
4581
4210
4263
4215
4211
4136
4160
4226
4192
3826
3968
4127
4153
4395
3631
4134
4013
4238
4223
3848
3873
4300
4117
4066
4276
4282
4186
3843
4113
4158
4058
4314
4175
3963
3896
4357
4030
4757
4379
4109
4054
4195
3887
4062
3759
4098
4055
4060
3817
4007
3955
3996
4170
4338
4391
4122
4109
3874
3949
3613
4400
4298
4009
4174
4293
3920
3975
4238
3981
3615
3892
4082
4487
3993
3634
4122
4494
4227
4163
4208
4450
4256
4199
3913
3845
4440
4458
4224
4382
4132
3941
4119
4124
3813
4208
3880
4118
3841
4609
4081
4163
4175
4160
4162
3868
3948
3931
3993
3596
4003
4022
3985
4057
3704
4187
4272
3937
3704
4006
3955
3852
3598
4214
4311
3716
4469
3909
4254
4079
3959
4107
4033
4110
3790
3950
4121
3948
4055
4364
3983
4111
3949
4014
4246
4479
3870
4000
3921
4022
4045
3927
4047
4385
3931
3962
4270
4448
3947
3982
3998
3847
3808
4184
4236
4533
3966
4134
3921
4196
3728
3944
4008
3739
4185
3937
4391
3929
3965
4260
3926
4021
4375
3858
4381
4140
4056
4222
3639
4065
3988
4226
3875
3924
4106
3792
3879
4064
4072
3786
4049
4513
4313
4222
4139
4028
4398
4031
4217
3947
3641
4036
4153
4130
4228
3703
4188
3933
4098
4249
3880
3942
3976
3994
4101
3973
4276
4249
3847
3861
4140
4241
4324
3961
3853
3726
4070
3901
4592
4327
4085
3829
4137
3739
3952
3834
4194
4089
3914
3778
3918
4172
3863
4132
4229
4489
4152
4335
3935
3856
3704
3967
4287
3916
4111
3936
4210
4182
4209
3979
3626
3962
4099
4485
4013
3764
4188
4202
4011
3957
4199
4310
4222
3923
4127
3836
4256
4320
4214
4257
4095
4135
3882
3997
3896
4111
3966
3711
3900
4513
4177
4335
4037
tempo: 0.016222