200 200
3999
3924
4030
3877
3950
3805
3658
3938
3937
3656
4182
3844
4204
3895
4010
3647
3750
4052
3704
3785
4092
4139
3983
4236
3664
4118
4138
3773
4186
4118
3870
4076
3701
4224
3788
4207
4148
4165
3642
3913
3887
4031
4314
3943
3967
4014
4057
4082
4124
3781
4099
4060
3777
4286
3950
3837
3752
3842
3713
3818
4168
3980
4262
3979
4279
4018
3990
3680
3610
3753
3726
4247
3802
4326
3942
3987
4119
3892
4119
4489
3766
4082
3982
3953
4197
3878
3970
3736
4281
4050
3962
4000
3893
4000
4042
3894
3490
3949
4316
4381
4168
3859
3858
4334
4188
4109
3950
3702
3807
4156
4062
4245
3833
4035
3785
4210
4324
3606
3690
4241
4063
3827
4054
3865
3870
3713
3856
4039
3969
4349
3714
3779
3688
4296
4002
4507
4201
4109
4039
3872
3832
3970
3539
3768
4099
3723
3890
3776
4132
4022
4156
4219
4063
3974
4208
3568
3950
3703
4174
4047
3878
3959
4201
4108
3792
4015
4110
4010
3654
4015
4145
4286
3525
4153
4007
3981
4114
3984
4043
4186
3999
3716
3880
4229
4349
3794
4211
4315
4052
4178
3859
3707
3937
3881
3694
4113
4519
4255
4263
4082
4356
4206
3964
3979
3956
3996
3518
4122
4096
3798
4166
4202
4173
4034
3958
4009
3801
4197
4019
3932
4182
4468
3864
4333
3819
4302
3973
4198
4095
4402
3865
3886
3679
4166
3877
4187
4181
4177
4012
4081
3911
4119
4526
3999
4069
3761
3786
4209
4029
3805
4156
4036
3695
4278
4005
3855
4123
3761
3827
3928
4064
3734
4248
3830
4120
4004
4061
3731
4097
3967
3747
4378
3883
4251
3971
3951
4639
3971
4198
4430
4079
4297
4209
3830
4068
3676
4127
4171
4315
3946
4133
4020
3982
3878
3857
3968
3578
3916
4367
4359
4267
4067
4295
4269
4184
3918
3898
3562
3870
4062
4251
4520
3810
4358
3911
4232
4326
3734
3816
4053
4178
3846
3980
4389
4079
3726
3831
4284
4043
4225
3808
3714
3566
4005
4141
4596
4355
4129
3784
4214
3837
4057
3647
4146
3976
3988
3669
3849
4117
3840
4275
4280
4234
3912
3942
3744
3675
3751
4084
4198
3935
3982
4102
4196
4208
4374
3962
3925
3570
4424
4403
4042
3666
4229
4134
4237
4205
3831
3975
4097
3855
3756
3836
4200
4426
4075
4250
3884
3745
3969
4097
3712
4106
3919
4006
3940
4463
4379
4290
3937
4158
4105
3822
3953
3714
3870
3507
4085
3806
3745
3817
3867
4195
3745
4062
3828
3823
4034
3791
3933
4106
4012
3930
4117
3959
4184
3764
3708
4106
4064
3833
3815
3538
4018
3782
3922
4247
4233
3847
3880
4035
3631
4244
3728
3940
3825
3851
3891
3815
3607
4090
3919
3874
4075
3815
3879
3865
3867
3704
3934
3820
3526
4327
3585
4083
3850
3670
3556
4002
3898
3639
4238
3913
4218
3955
3707
4347
4031
4157
4128
3820
4164
4081
3887
4128
3775
3880
3842
4077
3984
4032
3970
4016
3867
3869
3874
3477
4011
4224
4370
4129
3970
3870
3977
4163
4031
3938
3800
3811
3993
3844
4016
3442
4096
3717
4181
4246
3662
3297
4044
4031
4070
3842
4095
3806
3886
3777
3884
4016
4235
4036
3876
3925
4057
4087
4396
4209
3746
3856
4054
3621
3824
3698
4107
3844
4076
3641
3774
3863
3862
4211
4053
3988
4003
3675
3800
3826
3519
4059
4059
3870
4016
4237
3998
3793
3882
3963
3655
3721
3810
4172
4061
3778
3721
4035
3996
3969
4098
4016
4029
3716
3895
3935
4306
4260
3862
4119
4116
3918
3948
3971
3595
3962
3913
3906
3722
4416
4011
3872
3776
4055
3876
3370
3642
3733
3465
3311
3947
3838
3762
3610
3515
3839
3562
3548
3712
3702
3769
3625
3478
3790
3773
3735
3921
3428
4050
3509
3964
3825
3778
3882
3506
3364
3824
3668
3656
4261
3764
3792
3536
3704
3676
4055
3708
3981
3592
3517
3506
3687
3342
4039
3580
3461
4087
3742
3796
3634
3763
3181
3548
3499
3384
4151
3676
3740
3769
3784
3469
3545
3589
3708
3876
3479
3963
3710
3699
3769
3634
3662
4097
3600
3986
3636
3758
3502
3488
3885
3392
3985
3576
3609
3575
3695
3340
3606
3803
3430
3576
4228
3992
3755
3810
3846
4098
3881
3911
3477
3417
3881
3511
3778
4052
3428
3725
3673
3939
3973
3585
3492
3645
3736
3565
3501
3900
3467
3473
3400
3500
3779
3896
3598
3367
3590
3836
3688
3964
3854
3645
3521
3913
3562
3652
3463
3781
3699
3631
3799
3690
3553
3452
4029
3749
3894
3745
3743
3481
3733
3492
3860
3815
3826
3743
3740
3786
3591
3756
3757
3393
3423
3856
4313
3726
3737
3736
3733
3694
3673
3944
3825
3654
3749
3548
3202
4015
3951
3909
3977
3864
3533
3432
3910
3475
3729
3453
3629
3658
4287
3768
3862
3687
4012
3975
3660
3854
3758
3662
3519
4043
3714
3708
3885
3789
4028
3869
3924
3718
3511
4043
3778
3607
3839
4099
3807
3940
3554
4154
3666
3904
3978
3984
3880
3740
3471
3936
3656
3941
3956
3753
3843
3822
3811
3789
4066
3842
3888
3629
3816
3677
3790
3462
4216
3868
3703
4184
3854
3884
3873
3906
3456
3881
3738
3547
4361
3721
3926
3584
3895
3548
3651
3645
3534
3941
3802
4181
3906
4023
4028
3876
3878
3980
3848
4014
3840
3642
3978
3703
3960
3770
4191
3942
3943
3756
3774
3853
3782
3713
3542
3774
4399
4401
3925
3821
3900
4192
3884
3976
4003
3531
3832
4106
3933
4000
3746
4037
3661
4126
3958
3553
3855
4174
3702
3781
3829
3992
4022
3783
3719
4081
3596
3966
3946
3527
3662
3972
3682
4477
4088
3771
3726
4122
3720
3714
3695
4008
3698
3788
3486
3662
3716
3824
4178
4003
4134
3669
3903
3765
3536
3372
4043
4104
3794
3794
3767
4072
3799
4097
4003
3205
3692
3999
4194
3698
3672
3615
3956
4034
3986
3963
3961
3930
3838
3822
3721
4057
4039
3778
4185
4030
3621
3970
3771
3551
3958
3560
3879
3567
4244
3785
4169
3738
4183
4034
3776
4063
4069
3937
3581
4350
4118
4160
3981
3959
4158
3741
4146
4115
3664
4036
3722
3703
4180
4193
3851
4159
3838
4242
4022
3812
4009
4077
4276
4120
3847
4145
3848
3850
4251
3992
3997
4071
3986
4052
4564
3950
4012
3956
4176
4085
3795
3518
4156
4132
3985
4131
4147
4056
3958
3975
3900
3840
3883
3937
4351
3831
4148
3969
4220
3594
3875
3954
3882
4156
3917
4121
4129
4026
4244
4221
3825
4440
3910
4431
4312
3794
4102
3879
3942
4027
4236
4015
3939
3856
3955
3875
4086
4092
3690
4138
4634
4428
4284
4090
3920
4541
4310
3933
3920
3724
3822
4313
4441
4294
3799
4150
4165
4221
4427
3803
3697
4109
4100
4328
3982
4029
4129
3865
3909
4286
4158
4162
4091
3856
3745
4282
4018
4417
4201
4088
3942
4151
3859
3827
3949
4019
4008
3965
3809
3799
3924
3941
4233
4305
4264
3991
4118
3889
4115
4013
4385
4347
4003
3949
4218
3954
3863
4174
4117
3764
3851
4343
4237
4187
3814
3954
4185
4213
3914
4185
4196
4199
4295
3699
3793
4294
4568
4015
4057
4278
3652
4060
4018
3766
4224
3815
4120
3793
4540
4114
4044
4036
4607
4195
3962
4155
4044
4124
3650
4123
4094
4018
4088
3730
4297
4155
3844
3933
4050
4229
3729
3808
4122
4286
3987
4309
3725
4306
3945
3973
4116
4101
4030
3923
3705
4366
3881
3950
4280
3982
3900
3918
4124
3858
4447
4088
4041
3917
4298
4110
3954
3589
4720
3848
3747
4353
4255
4074
3865
4267
3864
3705
3927
4036
4334
3811
4111
3866
4015
3811
4012
3810
3797
4324
3694
4243
3927
4261
4416
4082
4186
4326
3846
4353
4143
3958
4069
3897
4015
3874
4362
4030
4040
4164
3973
3954
3941
4050
3664
4074
4458
4196
4476
3959
4192
4234
4269
4216
4118
3927
4027
4389
4139
4427
3540
4318
4209
4363
4237
3791
3742
4259
4177
4047
4047
4172
3912
3887
4096
4230
4120
4284
4026
3759
3910
4201
3954
4457
4302
3963
3859
4234
3903
4042
3734
4220
4094
4014
3722
3927
3867
4080
4155
4236
4339
4203
4088
3993
4028
3765
4188
4320
3908
3961
4234
3988
4071
4153
3895
3795
3905
4170
4309
3944
3879
4003
4204
4182
4209
4204
4123
4000
3951
3859
4177
4518
4310
3943
4188
4289
3963
3972
4180
3756
4143
4122
4083
3792
4544
4367
4381
4012
4234
4208
3983
4210
3889
3947
3554
4039
3855
3935
3846
3839
4235
3584
3687
3872
3870
3870
3818
3869
3987
3997
3969
4317
3625
4327
3717
3829
4088
4034
4003
3868
3812
4067
3722
4053
4247
3873
4064
3916
3921
4209
4300
3759
3941
3950
3729
3819
3704
3660
4246
3789
3760
4075
4044
4095
4172
3869
3567
3916
3991
3792
4371
3800
3972
4062
4130
3796
3760
3728
3707
4048
3844
4080
3910
4026
4272
3892
3870
4291
4097
4318
4120
3883
4004
3739
4018
3913
4091
4015
3758
3804
3810
3782
3820
4178
3413
4096
4330
4030
4027
4212
4186
4315
4089
3660
3982
3800
3701
3976
3979
4521
3708
4122
3880
4186
4359
3657
3577
4080
3788
4020
3823
4030
3865
3679
3963
4057
4036
4249
3915
3899
3777
3990
3929
4626
4107
3849
3736
4096
3739
3730
3454
4056
4056
4014
3855
3757
3993
3898
4126
4294
4028
3976
3883
3885
4016
3614
3884
4237
3944
3962
3991
3950
3825
4069
4072
3621
3890
4272
4119
4130
3763
3892
4010
4274
3877
3940
4087
4095
4000
4074
3887
4252
4245
4119
4186
4013
3724
3947
3978
3601
4231
4058
3968
3866
4410
3990
4047
3963
4555
4512
4225
4378
4215
4399
4020
4569
4197
4406
4414
4241
4318
4646
4340
4326
4130
4325
4045
3841
4394
4729
4144
4277
4199
4522
4083
4210
4521
4333
4400
4336
4085
4479
4292
4458
4576
4350
4195
4417
4533
4164
4783
4296
4298
4111
4387
4376
4244
4143
4599
4131
4376
4551
4140
4228
4499
4376
4163
4202
4122
4135
4525
4218
4390
4286
4228
4122
4098
4567
3869
4441
4316
4455
4207
4123
4905
4161
4437
4509
4074
4504
4531
4271
4651
4093
4467
4282
4511
4477
4256
4672
4344
4346
4353
4161
3940
4562
4776
4722
4534
4319
4738
4501
4624
4522
4191
4092
4234
4544
4288
4530
3761
4287
4234
4469
4604
4048
3916
4501
4500
4323
4409
4434
4159
4024
4417
4633
4413
4617
4412
4128
4359
4406
4331
4825
4656
4199
4177
4458
4075
4518
4324
4446
4283
4209
4173
4471
4204
4123
4459
4609
4428
4381
4389
4164
4439
4005
4334
4426
4087
4323
4517
4540
4371
4410
4217
3963
4225
4161
4551
4350
3902
4134
4568
4433
4414
4441
4573
4496
4318
4030
4176
4578
4699
4532
4454
4424
4115
4277
4534
4018
4516
4016
4279
4220
4919
4449
4587
4204
4215
4166
3938
3971
3999
3867
3565
4206
3808
3870
4144
3946
4365
3959
3956
4121
3910
4179
4122
3684
3818
4140
3882
4145
3809
4470
3798
4121
4132
3961
4161
3906
3751
4255
3914
4091
4175
3867
3808
3963
4026
4140
4283
3812
4161
3913
4146
4117
3973
3782
4341
3894
3838
4124
3976
3859
4114
4044
3772
3865
4031
3970
4573
3986
4159
3807
3902
3885
3970
3962
3689
4455
4014
4425
4137
4026
4247
4038
4190
4344
3917
4233
4248
3941
4055
3884
4227
3873
4237
4120
4024
4016
3874
4013
4054
3906
3523
4166
4559
4458
4197
4195
4255
4159
4131
4071
4122
3815
4067
4362
4017
4302
3670
4019
3826
4512
4358
3743
3534
4185
3968
4108
4069
4073
3853
3721
3972
4213
4274
4139
4084
3967
3898
4062
3909
4565
4209
3872
3787
4239
3615
4081
3755
4118
4022
3782
3825
3774
3886
3850
4192
4441
4271
3974
3978
4089
3866
3646
4098
4152
3999
3961
4042
3968
3944
4259
3688
3587
3839
4380
4441
4084
3712
3936
4004
4147
3952
4274
4179
4235
4203
3889
4191
4438
4389
4235
4143
4121
3756
4045
4031
3866
4085
3981
3864
4072
4367
4235
4138
3952
4173
4038
3947
3704
3571
3761
3461
4293
3669
3773
4105
3626
3752
3685
3713
3788
3732
3894
3594
3498
4100
4224
3944
4091
3822
4038
3653
3697
4086
3952
4029
4015
3336
3903
3768
3999
4229
3799
3908
3862
3804
3876
4367
3761
3725
3631
3779
3867
3757
3641
4171
3849
3827
4192
3841
3718
3726
3825
3782
3854
3865
3707
4162
3681
4120
3759
4003
3701
3750
3729
3752
4142
3623
4082
3906
3774
3998
3826
3877
4254
3917
4216
3920
3826
4178
3532
4037
3566
3955
4073
3694
3844
3737
3750
3735
4050
3586
4128
4369
4012
3918
4210
4008
4052
4125
3975
3681
3671
3798
4068
4073
4141
3660
4003
3921
4016
4169
3591
3639
3881
4101
3710
3749
3699
3781
3742
3757
3922
4063
4094
3950
3752
3714
3887
3846
4224
4189
3889
3863
4209
3617
3883
3457
4199
4082
3776
3827
3822
4149
3838
4006
4095
3884
3668
3980
3555
3788
3489
4141
3921
3969
3996
4015
4131
3745
4008
4031
3737
3445
4065
3965
3751
3592
3912
3995
4097
3957
4019
4271
3985
4087
3754
3767
4365
4139
4023
4178
4026
3672
3989
3915
3829
3843
3708
3809
3862
4467
4123
4046
3670
4038
4151
3866
3898
3883
3951
3381
4027
3928
3773
3924
3769
3928
3924
4043
4032
3796
4164
3747
3646
3899
4228
4005
4263
3880
4190
4020
3885
3982
4005
4261
3798
3692
4408
3940
4020
4124
4074
3997
3855
4003
4045
4149
3692
4010
3682
4185
4273
3957
3558
4149
4200
3742
4234
3975
4003
4046
3781
3879
3553
3854
3846
4181
3922
4138
3901
4097
3662
3775
3913
3488
4128
3516
4169
4063
3848
4039
3989
3913
4215
3984
4256
4194
3690
4078
3550
4295
3954
4256
4127
3903
3839
3609
3775
3916
3995
3619
3989
4336
4259
4130
4225
4136
4244
4376
4104
3922
3536
3636
4147
4040
4421
3561
3895
3933
4025
4286
3556
3339
4048
3884
4008
3823
4030
4002
3708
3883
3928
4022
4073
3916
3761
3702
4115
4232
4503
4024
3865
3764
4124
3773
4099
3339
3991
4114
3839
3828
3849
4150
3947
4278
4261
4267
3875
3890
3703
3871
3709
3984
4113
4264
3882
3916
3895
4056
3974
4048
3776
3671
4403
4206
4050
3689
3755
4095
4015
4141
3959
4163
3954
4114
3795
4016
4370
4385
3979
4241
4144
3550
4055
4197
3715
4153
3807
4011
3946
4303
4141
4151
4197
4107
4186
3671
3861
4065
3758
3447
4168
3961
4098
3838
3553
4140
3786
4000
3927
3804
4133
3876
3615
4296
4368
3712
4283
3746
4126
3870
4058
3967
4010
4168
3860
3784
3920
3914
3954
4334
4059
3874
3884
3798
4163
4096
4020
4011
3863
3853
3941
3982
3454
4375
3892
3808
4136
4052
3855
3833
3928
3682
3792
3767
3891
4313
3622
4029
4065
4143
3675
3861
3827
3488
4202
3759
3994
3655
4011
4192
3917
3906
4184
3791
4193
4096
3771
3991
3653
3942
3796
4084
3928
3861
3847
3993
3824
3812
4095
3536
4032
4396
4276
4087
3859
4181
4283
4254
4109
3697
3692
3896
3846
3947
4141
3703
3807
4023
4111
4270
3678
3701
4062
3939
3975
3870
4096
4118
3964
3980
3955
3923
4062
3888
3774
3743
4098
4070
4343
4003
3940
3904
3741
3746
4020
3493
3923
3917
3740
3674
3737
4182
3903
4228
4078
4102
3911
3917
4025
3991
3713
4190
4218
3871
4154
3958
4188
3852
4172
3850
3976
3775
4018
4225
4105
3729
3899
4033
4032
4048
3936
3975
3867
3858
3910
3919
4370
4147
4064
4004
4096
3781
4071
3874
3678
4194
3741
3955
3917
4244
4161
4251
3727
4017
4011
3898
3902
3809
3747
3449
3615
3713
3644
3809
3575
4021
3912
3519
3912
3635
3661
3737
3647
4085
4017
3718
4063
3678
4142
3812
3871
3922
3676
4036
3869
3551
3948
3811
3857
3946
3859
3794
3768
3814
3635
4036
3798
3672
3696
3730
3933
3675
3535
4116
3832
3719
3933
3771
3740
3702
3846
3617
3701
3928
3750
4133
3527
3759
3804
4057
3518
3698
3551
3405
4090
3552
4043
3898
3830
4042
3879
3959
3997
3738
3824
3818
3466
3797
3251
3934
3948
4207
3778
3644
3578
3545
3382
3645
3767
3285
4004
4256
4011
4002
3768
4016
3914
4068
3742
3775
3476
3511
3898
3825
4271
3491
4019
3653
3855
4155
3477
3349
3969
3856
3698
3835
3833
3859
3558
3735
4137
3825
4166
3669
3524
3585
3965
3857
4355
4134
3678
3555
4094
3592
3898
3627
3936
3862
3307
3697
3631
3767
3721
3879
3926
3960
3802
3814
3735
3909
3629
3935
4172
3820
3775
3735
3857
3855
3791
3941
3547
3597
4215
4090
3799
3559
3935
3962
4028
3946
3905
3882
3982
3986
3565
3707
4046
4208
3958
3991
3982
3718
3677
3788
3738
3875
3732
3862
3732
4334
4043
4066
3831
4019
4220
3814
4181
3639
3794
3587
4183
3981
3900
4055
3851
4327
4088
3751
3873
3993
4090
3948
3792
3969
4216
4059
3938
3925
4420
3792
3846
4273
4189
3887
3991
3413
4184
3864
4137
4271
4052
4013
4013
4016
4066
4113
3763
3938
4006
3996
3864
3913
3778
4321
3748
3752
4168
3856
3728
4028
3989
3663
3746
4005
3848
4650
3802
3975
4049
3850
3608
3816
3669
3803
4259
3848
4389
4000
3931
4363
4119
3929
4306
3882
4100
3923
3878
4077
3608
4144
3680
4049
4025
3886
3926
3805
3915
4004
4155
3505
4101
4372
4322
4010
4040
4014
4120
3837
4077
4152
3694
3813
4025
4060
4424
3568
4165
3840
4112
4003
3701
3749
3823
4205
3939
3828
4164
3893
3944
3830
3926
4120
4262
4111
3785
3936
4097
4162
4393
4100
4021
3824
4287
3739
4068
3729
4077
4013
3962
3789
3810
3986
4065
4339
4374
4043
4023
4150
3804
3852
3800
4259
3913
4044
4014
4025
4237
4167
3866
4108
3719
3730
3992
4113
4131
3649
4084
4084
4229
3902
4026
4186
4029
3987
3787
3642
4319
4236
4195
4396
3913
3859
3791
3950
3764
3976
3836
3950
3676
4388
4109
4108
3816
4242
4259
4024
4053
3786
3865
3638
4029
3828
3787
4148
3767
4260
3733
3837
3693
3771
4114
3913
3695
4139
4359
4113
4280
3718
4229
3664
3890
4035
3922
4083
3848
3599
3957
3781
4371
4263
3952
4099
4094
3953
4086
4204
4009
3897
3731
3963
4097
4013
3707
4059
3979
3796
4190
4028
3751
4071
4023
3957
3790
4071
4048
4606
3804
4208
4132
4067
3955
3902
3892
3841
4197
3809
4271
4015
3964
4281
3969
3943
4287
3874
4252
4288
3583
3987
3797
4229
3798
4308
4155
3979
3860
4017
3886
3934
4125
3520
3992
4530
4455
4259
4010
4006
4266
4416
4128
3978
3851
3760
4078
4185
4131
3581
4155
3983
4011
4484
3706
3697
4254
4016
3994
3953
4191
4123
3783
3850
4225
3809
4360
4046
3915
3680
3986
3952
4323
4268
4053
4010
4237
3605
4235
3660
4019
3945
3908
3812
4021
3936
3992
4028
4188
4062
4105
3963
3919
3740
3560
4226
4013
3791
4106
4098
3904
3989
4261
3837
3637
3867
4220
4144
3944
3526
3865
3958
4123
4063
4128
4132
4219
4064
3753
3988
4473
4301
4157
4343
3949
3827
4098
3806
3749
3963
3700
3741
3837
4315
4010
4313
4262
4251
4187
3754
3934
3750
4061
3660
3978
3988
3682
4066
3797
4173
3966
3702
3646
3831
4008
3702
3564
4180
3981
3979
4086
3784
4301
3678
3941
4102
4056
3935
3927
3582
3932
4069
4156
4324
3905
4033
3975
4088
4118
4434
3982
4119
3848
4019
3945
3951
3703
3993
3760
4024
4429
4081
3949
4131
4174
3807
3772
4047
3857
4398
4039
4089
4174
3985
3702
3611
3876
3779
3978
3892
4210
3995
3859
4277
3977
4256
4192
3697
4359
3966
4064
4180
3573
4127
3827
4232
4060
3900
3996
3798
3744
3986
3898
3431
4165
4328
4351
4189
4068
4152
3962
4102
3899
4093
3723
3836
4160
3718
4284
3700
4073
3788
4247
4400
3822
3602
4076
4103
3900
4069
4176
3968
3821
4038
3940
3905
4076
3909
3638
3643
4195
3840
4478
4285
3898
3899
3977
3800
3920
3841
4117
4113
4143
3879
4028
4072
3949
4122
4069
4253
3642
4076
3938
3772
3716
3990
4058
3950
3988
4169
3978
3776
4061
3977
3846
3880
4350
4562
4104
3535
4193
3954
4018
4102
4128
4256
4090
4087
4141
3963
4245
4442
4173
4288
3960
3768
3807
3953
3660
3972
4131
3885
3793
4492
4140
4186
3731
4155
3982
4029
4196
3762
3974
3571
4017
3913
3967
3991
3674
4388
3703
3843
3951
3656
4099
3739
3682
3994
4272
3898
3982
3786
4090
3745
3997
3854
4102
3945
3958
3472
4106
3658
4061
4268
3989
3929
3917
3961
4027
4268
3744
3828
3763
3698
3890
3910
3722
4410
3741
3843
4104
3968
3835
3928
3702
3528
3821
3930
3563
4444
3675
4280
4042
3946
3729
3895
3739
3811
4007
3754
4122
3808
4056
3908
3723
4021
4128
3942
4362
4174
3815
3942
3817
3993
3731
3904
4104
4028
3949
3867
3852
3904
4103
3568
4006
4333
4220
4334
4091
4105
4289
4229
4023
3904
3697
3789
3840
4018
4128
3648
4027
3887
4295
4353
3702
3635
4201
3868
3972
3749
4037
4085
3597
3804
4026
3803
4006
3676
3753
3805
3879
4059
4525
3928
3953
3796
4193
3891
4131
3732
4016
3735
3820
3763
3682
3885
3950
4040
4358
3789
3997
4010
3720
4102
3659
4073
4231
3880
3888
4014
3997
3995
4009
3988
3589
3626
3862
3913
3987
3671
3638
3838
3923
3948
4279
4075
4060
3953
3787
3887
4346
4386
4042
4326
4125
3657
3847
3944
3573
4201
3866
3901
3630
4329
4092
4189
3911
4435
4065
3909
4174
3996
4196
3915
4108
3854
3979
4211
4053
4399
3968
4136
4107
3745
4253
3857
3725
4082
4162
4038
4243
3991
4450
4047
4110
4363
4072
4125
3970
3742
4226
4037
4061
4283
4058
4229
3848
4149
4078
4523
4001
4256
3967
4091
3865
4024
3755
4437
4157
3879
4425
4094
3814
4281
4072
3756
4046
4226
4028
4661
4034
4255
4014
4138
3842
3917
3824
3770
4273
3825
4196
4088
4081
4401
4080
4264
4238
3998
4397
4352
4067
4254
3908
4221
3839
4246
4329
4082
4082
4089
3956
4019
4154
3720
4028
4455
4383
4487
4237
4172
4425
4353
4212
3978
3714
4109
4208
4252
4363
3881
4137
3988
4394
4306
3622
3625
4191
4311
4014
4141
4239
4048
3873
3940
4237
4188
4287
4192
3899
4038
4207
4042
4524
4317
4049
3975
4254
4040
4077
3867
4143
4081
3901
4006
4138
4281
3970
4272
4414
4251
4098
4126
4011
4099
3563
3960
4103
4074
4165
4033
4227
4170
4309
4205
3787
3771
4170
4317
4085
3750
3932
4266
4266
4319
4213
4438
4297
4070
4220
3903
4435
4680
4280
4373
4146
3819
4210
4050
3985
4002
4064
4180
4036
4537
4288
4455
4079
4104
3749
3409
3675
3694
3700
3257
3668
3875
3650
3661
3509
3916
3408
3653
3538
3206
3591
3533
3342
3577
3931
3703
3774
3506
3940
3263
3721
3575
3713
3694
3548
3267
3780
3487
3618
3970
3736
3448
3559
3750
3702
3788
3538
3898
3439
3412
3753
3507
3371
4023
3600
3495
4014
3845
3681
3659
3352
3325
3587
3590
3544
3695
3466
3714
3679
3655
3364
3405
3504
3380
3754
3422
3925
3654
3757
3786
3492
3924
3910
3640
3884
3633
3494
3585
3372
3812
3530
3844
3703
3389
3508
3500
3226
3421
3741
3188
3800
3911
3535
3830
3658
3597
3668
3993
3614
3525
3575
3428
3587
3667
3966
3297
3791
3682
3714
3757
3390
3261
3668
3666
3418
3724
3542
3625
3289
3533
3612
3525
3638
3407
3398
3595
3777
3699
4281
3674
3668
3526
3823
3580
3719
3505
3568
3671
3592
3416
3684
3489
3717
3762
3886
3601
3601
3602
3547
3532
3411
3918
3910
3735
3633
3734
3618
3534
3624
3535
3501
3219
4043
3869
3852
3138
3658
3708
3609
3739
3796
3751
3914
3829
3386
3532
4053
4133
3647
3860
3887
3258
3332
3682
3366
3819
3491
3746
3573
4194
3696
3802
3610
4425
4145
3937
4126
4085
3819
3770
4281
4014
4035
4194
4067
4524
4106
4091
3922
3899
4303
3965
3772
4123
4320
3902
4120
3776
4430
3922
4059
4306
4101
4290
4213
3901
4411
3992
3821
4467
4066
3971
3851
3933
4183
4466
4043
4151
3798
3901
3977
4185
3720
4379
3962
3863
4497
4076
4109
4053
4039
3787
4144
3878
3997
4632
3900
4323
4111
4218
3812
3988
3911
4010
4313
3873
4395
4033
4190
4281
3855
4180
4322
3893
4250
4135
3916
4060
3847
4153
3753
4379
4032
4067
4080
3895
3810
4196
4124
3625
4186
4511
4551
4285
4330
4100
4483
4320
4099
4119
3934
3857
4216
4181
4443
3672
4251
3875
4581
4160
4017
3776
4386
4327
4097
4058
4030
4129
3818
3954
4306
4117
4400
4163
3858
3892
4354
4041
4726
4488
4238
3967
4403
3984
4405
3768
3893
4126
4071
3686
4018
4144
4045
4189
4605
4259
4218
3894
4065
3936
3758
4483
4340
3980
4264
4271
4278
3935
4275
4057
3809
3876
4263
4340
4239
3721
4087
4104
4211
4381
4272
4394
4228
3969
4020
3957
4408
4561
4035
4326
4203
4041
3907
4214
4030
4339
3975
3969
4159
4697
4400
4115
4282
4719
4281
4042
4241
4295
4145
4097
4219
4300
4294
4271
4096
4629
4107
4262
4089
3853
4251
3974
4027
4434
4522
4132
4453
3847
4593
3882
4166
4383
4413
4419
4295
3869
4484
4186
4162
4506
4205
4246
4073
4367
4344
4831
4337
4375
4097
3991
4131
4143
3783
4549
3981
3893
4533
4284
3935
4341
4215
3754
4348
4158
4035
4781
4080
4404
4382
4126
3850
3967
3960
4036
4283
4074
4197
4285
4266
4526
4039
4368
4519
4068
4405
4414
3976
4383
3964
4152
3997
4480
4308
4393
4164
4132
4167
4064
4430
3948
4148
4727
4519
4595
4510
4138
4552
4267
4428
4037
4079
4139
4457
4405
4517
4037
4366
4177
4634
4603
4176
3913
4460
4353
4170
4220
4431
4582
3848
3986
4379
4337
4359
4348
3577
4184
4477
4183
4751
4555
4129
4022
4475
3953
4201
3964
4114
4100
4225
4041
4238
4270
4162
4506
4556
4382
4364
4359
4111
4227
3999
4314
4265
4154
4298
4427
4420
4032
4436
4203
3831
3914
4370
4537
4365
4157
4139
4380
4438
4186
4402
4347
4344
4111
4228
4361
4657
4497
4349
4358
4314
4285
4176
4275
3976
4375
4108
4230
4166
4840
4630
4569
4376
4334
4026
3984
3768
3584
3907
3451
3887
3826
3836
3724
3616
3970
3770
3971
3845
3660
3935
3761
3591
3944
4031
3726
4058
3721
4353
3696
3782
4245
4161
3610
3780
3577
4050
3649
3898
4069
3856
3831
3715
3995
3936
4408
3692
3915
3600
4033
3946
3831
3665
4205
3836
3588
3926
3982
3725
3712
3922
3705
3687
3888
3747
4413
3682
4106
3734
3966
3700
3786
3713
3562
4061
3638
4261
3895
3855
4212
3977
3982
4278
3702
3989
3968
3722
3935
3530
3852
3885
4090
3834
4023
3885
3768
3773
3845
3799
3468
3982
4215
4283
4185
3703
3818
4224
4051
3878
3776
3708
3714
4106
3970
4143
3584
4139
3693
4024
4270
3593
3451
3963
3982
3635
3683
4033
3964
3709
3664
4149
3906
4123
3966
3475
3752
3994
3783
4403
4032
3808
3697
3984
3665
3843
3583
3940
4044
3767
3676
3858
3798
4018
4133
4076
4047
3698
3754
3761
3709
3580
3941
3842
3868
3792
4035
4063
3881
3883
3834
3540
3682
4130
4057
4032
3592
3628
3977
4067
4001
3881
3766
4265
4057
3636
3792
4232
4280
3791
4157
4027
3611
4007
3615
3850
3901
3775
3614
3927
4484
4185
4121
3720
4150
3973
3851
3877
4108
4060
3605
4124
4176
3845
4010
3970
4200
3989
3961
4071
4008
4078
3837
3704
4206
4357
4047
4275
3900
4505
3659
4392
4180
4122
4098
3870
3737
4158
3871
4296
4429
4160
4100
3959
4039
4177
4451
3993
4375
3866
3914
4114
3920
3805
4561
3981
3808
4472
4196
4026
3963
3762
3889
3955
4238
3918
4313
3978
4121
4095
4142
3676
3795
3774
3785
4042
3774
3953
3979
4054
4246
3890
4056
4218
3953
4417
4317
3898
4127
3786
4220
4025
4317
4124
4226
3962
3651
3544
4037
4190
3757
4158
4413
4286
4367
3998
4058
4414
4365
3869
4017
3658
3918
4075
4021
4405
3497
4374
4026
4048
4290
3691
3634
4357
4267
3738
4176
4164
4108
3645
4065
4245
4010
4266
3951
3864
3677
4047
4102
4423
4228
3812
4098
4034
4065
4256
3685
4102
4263
4102
4270
4033
4138
3958
3983
4206
4188
3891
3913
3902
4007
3665
4149
4183
3873
4033
4133
4107
4369
4226
4056
3763
3778
4436
4292
4071
3803
4332
4075
4265
4046
3957
4140
4100
4184
3926
3822
4630
4399
3956
4130
4079
3869
4049
3972
3651
4042
4068
3907
4045
4606
4170
4442
3726
3677
3780
3562
3702
3684
3633
3456
3832
3920
3539
3941
3426
3874
3498
3598
3607
3460
3657
3603
3094
3849
3958
3721
3846
3417
4117
3466
3754
3832
3688
3799
3798
3493
3657
3640
3889
3958
3804
3719
3687
3795
4010
3811
3756
3820
3412
3743
3641
3699
3382
3810
3841
3640
4015
3663
3547
3882
3519
3443
3533
3785
3718
4105
3642
3871
3705
3699
3621
3535
3531
3648
3932
3598
3628
3665
3693
3951
3673
3884
3975
3764
3875
3647
3456
3858
3547
3934
3398
3801
4002
3385
3649
3711
3576
3880
3656
3375
3711
4128
3822
3840
3911
3924
3847
3903
3767
3669
3245
3466
3737
3888
3801
3449
3755
3666
3780
3737
3680
3441
4061
3722
3648
3652
3856
3704
3478
3746
3549
3665
3733
3705
3264
3424
3778
3627
4239
3761
3750
3840
3630
3377
3677
3405
3965
3806
3511
3615
3598
3777
3589
3940
3992
3804
3544
3753
3415
3681
3460
3578
3981
3703
3613
3757
3788
3775
3888
3752
3590
3423
3886
3911
3702
3286
3644
3689
3830
3651
3707
4199
3862
3910
3752
3604
3940
3974
3741
3619
3662
3529
3652
3888
3312
3894
3609
3688
3460
4015
3566
3952
3539
tempo: 0.013441