200 200
4491
4337
3875
4346
3955
4127
3712
4190
3967
4156
4356
3819
4388
4266
4027
4183
4080
4417
4144
3714
4223
4654
4067
4189
4021
4160
3820
4186
4275
4217
4173
3914
3529
4333
4110
4299
4369
4292
4146
3931
4090
4265
4446
4027
4244
3864
4264
4048
4199
3872
4646
4087
4165
4483
4339
4018
4137
4149
4035
4066
4113
4088
4435
4060
4225
4056
4328
3858
3858
4146
3698
4224
4002
4270
4068
4187
4098
4045
4318
4130
4026
4383
4268
4008
4209
3807
4271
3722
4329
4217
4229
4228
4031
3958
4036
4054
3713
4367
4436
4654
4423
4287
4383
4389
4343
4211
3898
3735
4167
4365
4166
4335
3905
4426
3930
4502
4290
3887
3858
4324
4226
4079
4092
4375
4254
4069
4170
4208
4154
4337
4098
3873
3900
4192
4033
4889
4397
4325
4064
4268
4045
4300
3809
4132
4167
4019
3847
4052
3880
4018
4342
4432
4059
4099
3977
4152
3848
3717
4436
4257
4000
4291
4306
4256
4121
4323
4168
3850
3900
4187
4395
4136
3662
4175
4242
4449
4314
4239
4207
4341
4075
4095
4177
4642
4371
4233
4317
4385
3754
4123
4155
3792
4198
4094
4143
4149
4548
4346
4482
4067
4679
4289
3864
3966
4067
3907
3334
4134
3976
3841
4069
3961
4420
3970
3974
4201
3838
4307
4079
3836
4150
4219
3971
4282
3817
4407
3885
4121
4234
4116
4167
4004
3731
4179
3868
4237
4274
4115
4138
4047
4127
4169
4342
4130
4137
3791
4275
4076
3998
3745
4445
3955
3909
4078
4182
3996
4262
3741
3624
3940
4079
3988
4508
3803
4116
4069
4018
3797
4108
3997
3937
4337
3906
4273
3982
4054
4447
4204
3993
4303
4151
4215
4243
3994
4169
3801
4101
3860
4184
4281
4037
4158
3819
3863
4104
4301
3604
4222
4380
4317
4227
4060
4061
4176
4174
3920
4162
3936
3868
4056
4023
4299
3751
4247
4107
4193
4243
3736
3628
4218
4016
4183
3768
4175
4109
3929
3954
4223
4355
4162
4195
3800
4059
4026
4148
4523
4257
3945
3927
4167
3881
4176
3768
3982
3952
3923
3883
3828
3874
4087
4111
4444
4100
3914
3935
3939
3933
3892
4078
4082
3948
4100
3985
4069
4002
4245
4027
3827
3762
4301
4381
4125
3677
3871
4308
4183
4255
4039
4266
4303
4197
3964
4018
4142
4638
4173
4188
4029
3744
4098
4036
4039
4273
3931
3894
3928
4567
4053
4153
3950
4475
4332
4069
3866
3945
4062
3646
4223
4255
3987
4305
3922
4422
4064
4133
4086
3939
4188
3707
3870
4156
4231
4000
4305
3763
4345
3792
3944
4363
4269
4061
4056
3710
4317
3972
4190
4210
4106
4028
4104
4183
4275
4292
4175
4273
4115
4278
4079
4120
3794
4291
3935
3745
4205
3886
4000
4287
3954
3632
4121
3734
4010
4485
3882
4325
3858
4156
3668
3887
3891
3704
4017
3829
4564
4183
4224
4457
4002
4144
4230
3964
4238
4209
3892
4063
3731
4300
4097
4423
4104
4302
4046
3835
3840
4169
4334
3783
4063
4416
4453
4151
4089
4266
4159
4149
4219
4162
3806
3963
4222
4136
4611
3441
4245
4131
4141
4462
3544
3478
4186
4128
4012
3993
4260
3939
3642
3929
4270
4025
4385
4139
3781
4094
4295
4167
4494
4348
4056
3985
4312
3869
3972
3756
4286
4161
4017
3812
4140
4032
3958
4212
4310
4182
4220
3879
3838
4208
3621
4164
4245
4135
4144
4287
4197
3933
4443
4280
3861
3773
4282
4380
4175
3744
4037
4264
4390
3935
4029
4274
4137
4140
3895
3900
4155
4549
4059
4342
4058
3867
3967
3957
3887
4128
4043
4074
3947
4661
4437
4383
4059
4131
4044
3820
3953
3851
3979
3716
3922
4020
3968
3899
3946
3992
3962
3708
3950
3837
3855
3641
3713
4207
4075
3935
4046
3541
4143
3479
3706
3988
4021
3896
3883
3525
4258
3943
4021
4131
3880
3821
3895
4011
4069
4175
4003
3829
3792
4028
3847
3788
3913
4110
3871
4001
4028
4095
3979
3869
3891
3556
3917
3750
3829
4101
3868
3831
3919
3973
3776
3683
3832
3490
3812
3714
3915
3857
3693
4249
4039
4244
3943
3987
4078
3985
3596
3987
3648
4015
3901
4097
3896
3947
3814
3663
3989
3656
4014
3578
4144
4429
4228
3987
3923
4052
4140
4158
3961
3885
3631
3669
4043
3776
4510
3501
4121
3734
4156
4098
3596
3506
3942
3803
3849
3973
4054
3862
3719
3841
4140
3925
4089
3897
3530
3856
4007
4099
4513
4173
3546
3837
4113
3818
4101
3707
3698
3821
3899
3618
3832
4042
3827
4027
4023
4138
4058
3985
3770
3833
3726
3980
4136
3741
3808
4146
4061
3959
3939
3845
3717
3873
4045
4168
4098
3571
3868
4009
4114
3958
3990
4062
3783
3962
3959
3993
4150
4252
3869
4079
4056
3783
3990
4054
3577
3930
3674
3807
3793
4416
4093
4115
3694
4097
4167
3747
4059
3814
3960
3580
3813
3766
3785
3900
3867
4246
3884
4003
3843
3895
4070
3762
3699
3975
4240
3894
4222
3672
4239
3736
3797
4023
3792
3930
3682
3733
4071
3809
3884
4209
3897
3713
3943
3947
3970
4236
3716
4001
3728
3925
3902
3788
3780
4124
3855
3765
4118
3911
3870
3872
3830
3507
3953
4089
3717
4505
3909
4033
3972
3901
3736
3680
3801
3564
4177
3647
3980
4177
3920
4328
3780
3876
4136
3886
4214
3819
3731
4104
3608
4024
3866
4134
3842
3985
3838
3805
3818
3654
3872
3493
4018
4390
4238
4136
3949
4069
3985
4073
3971
4070
3646
3906
4098
4013
4243
3818
4439
3912
4305
4178
3540
3589
3971
3823
3902
4097
3821
4061
3698
3686
3933
3876
4124
3911
3882
3952
3999
3847
4312
4086
3852
3766
4052
3774
4215
3739
3829
3952
3841
3697
3812
3945
3899
4253
4076
4040
3970
4131
3766
3683
3596
4097
3920
3841
3807
4102
3953
3642
3982
3819
3599
3701
4286
4158
3955
3590
3908
3933
4094
3924
4079
3796
4247
3948
3782
3885
4174
4237
3918
4163
3837
3657
3940
4052
3536
3981
3862
3866
3682
4308
4138
4208
3809
4566
4349
4055
4393
3939
4155
3820
4171
4102
4149
4308
4118
4430
4126
3982
3903
4050
4232
3889
3953
4371
4520
3912
4290
3897
4607
3961
4090
4385
4355
4570
4272
3829
4264
4089
4352
4334
3994
4320
3860
4232
4265
4664
4300
4183
3986
4192
4108
4023
3948
4157
4190
4012
4458
4274
3795
4082
4245
3977
3857
4043
4051
4693
4201
4331
4136
4154
4077
4087
4137
3982
4417
4117
4398
4216
4266
4646
4036
4407
4412
4071
4609
4371
4028
4354
4050
4405
4112
4240
4042
4210
4113
4168
3900
4066
4346
3638
4475
4644
4434
4449
4303
4506
4308
4397
4258
4311
3831
3986
4287
4134
4392
3961
4142
4174
4390
4392
4067
3878
4277
4220
4316
3992
4404
4231
3879
4056
4341
4222
4499
4081
4044
4177
4285
4290
4772
4441
4289
4072
4527
3889
4215
4195
4162
4155
3961
3922
4178
4161
4024
4225
4526
4397
4337
4121
4061
4097
3842
4387
4528
3828
4337
4296
4113
4289
4346
4071
3931
3969
4347
4539
4351
3806
4122
4274
4480
4476
4364
4469
4311
4196
3945
3990
4533
4621
4498
4311
4141
3939
3952
4093
4096
4295
4189
4146
4079
4844
4208
4289
4127
4749
4500
4246
4460
4431
4494
3941
4674
4460
4367
4508
4402
4678
4344
4255
4153
4382
4409
4104
4137
4420
4725
4310
4814
4290
5021
4394
4433
4890
4903
4417
4659
4126
4583
4289
4498
4760
4595
4728
4391
4613
4503
4968
4346
4505
4414
4525
4632
4586
4218
4575
4427
4244
4872
4531
4383
4536
4407
4261
4647
4502
4384
4850
4395
4489
4525
4455
4308
4198
4423
4205
4668
4166
4591
4482
4494
4956
4493
4594
4742
4381
4628
4626
4560
4525
4112
4593
4248
4777
4448
4593
4448
4437
4235
4558
4273
3872
4680
4706
4705
4622
4300
4356
4786
4613
4368
4425
4264
4154
4455
4401
4902
3803
4604
4246
4564
4676
4043
4279
4485
4626
4346
4370
4637
4573
4246
4221
4560
4507
4753
4760
4254
4419
4543
4242
5114
4747
4441
4272
4672
4128
4520
4311
4578
4825
4524
4196
4500
4678
4456
4413
5047
4534
4448
4463
4514
4267
4041
4755
4543
4378
4500
4483
4519
4401
4584
4508
4182
4243
4447
4845
4592
3784
4628
4841
4578
4639
4550
4578
4790
4533
4303
4305
4711
4906
4749
4850
4522
4313
4522
4481
4365
4553
4368
4521
4533
4956
4941
4698
4159
4249
4026
3841
3937
4073
3894
3592
4057
4071
3885
4088
3808
4278
3820
4132
3996
3788
4114
3671
3821
4157
4263
3898
4333
3764
4108
3801
3840
3956
4068
4230
4203
3897
4027
3808
4213
4199
3894
4075
3934
3753
3937
4479
3943
4141
3714
3982
3908
4088
3689
4229
3894
3629
4258
4074
4002
3852
3937
3708
3974
4119
3810
4381
3793
4063
3953
3916
3741
3859
3769
3720
4177
3673
4034
3983
4035
4001
3764
4195
4473
4014
4197
4217
3836
3821
3676
4291
3723
4315
3884
3925
3749
3801
3718
3807
4097
3385
3897
4437
4261
4000
4075
4221
4267
4237
4064
3893
3759
3913
3908
4073
4187
3718
4167
3979
4043
4425
3907
3779
4092
4051
3910
4131
4048
3924
3903
3859
4032
4197
4078
3748
3819
3898
3962
3855
4638
4125
3788
3902
4249
3794
4011
3568
3954
3930
3749
3857
4164
3963
3936
4364
4246
4047
3997
3830
3825
4020
3663
4100
4041
3775
4067
4026
4163
3811
4152
4143
3774
3834
4073
4425
4279
3637
3863
4186
4156
4054
4146
4205
4249
3812
3733
3851
4325
4246
4000
4296
4212
4015
4002
3966
3928
4043
3955
3972
3758
4447
4038
4283
3722
4278
4075
3723
3992
3839
3950
3587
4042
4034
4156
4097
3772
4280
3873
3965
4031
3881
3989
3782
3620
4160
4219
3710
4174
3782
4248
3855
3829
3979
4012
4062
3820
3679
4131
3715
3982
4338
3877
3828
3968
4183
3903
4335
3893
4015
3634
3985
4209
3619
3724
4258
3953
3811
4207
4224
4105
4077
3933
3700
3817
4118
3728
4359
3814
4211
4099
3890
3534
3858
3696
3984
4292
3897
4242
4033
4103
4292
3868
4022
4325
3862
4122
4171
3827
4086
3778
4130
3944
4172
4043
4049
3855
3767
3624
3889
4068
3318
4056
4430
4224
4273
4071
4117
4420
4301
4148
3879
3866
3852
4083
4187
4244
3773
4040
4007
4051
4156
3555
3564
4154
3891
3913
4025
3930
4107
3723
3854
3840
4014
3971
4189
3885
3759
3980
3914
4243
4018
3965
3806
4126
3744
3907
3817
4221
4027
4010
3814
3860
3770
3980
4016
4378
4079
3927
4006
3777
3863
3699
4209
4128
3926
3974
4119
4090
4034
3938
3918
3741
3650
4202
4249
4087
3736
3953
4000
4021
3826
4152
4153
4154
4231
3789
3982
4171
4247
4074
4296
4205
3823
3809
3941
3813
4099
3859
4093
3777
4468
4085
4213
3989
4274
4085
3844
3986
3915
4130
3694
4145
4135
4064
4288
3987
4259
4093
4057
3797
4002
3983
3904
3681
4248
4328
4079
4341
3812
4424
3874
3941
4135
3927
4297
4026
3950
4326
4061
4212
4230
4077
3937
4075
3864
4127
4403
4046
4152
3842
4057
3863
4012
3814
4438
3981
3859
4082
4202
4025
4039
3987
3682
4135
3980
3937
4470
4045
4045
3969
4166
3690
3716
3729
3599
4355
3874
4190
4037
4182
4159
3852
3962
4286
3955
4416
4121
3904
4074
3738
4073
3889
4220
4004
4125
4044
3973
3895
4026
4238
3611
4473
4447
4387
4222
4013
4143
4223
4191
4302
4066
3679
3986
4224
4066
4452
3766
4163
3875
4238
4243
3895
3718
3967
4001
4088
4083
4188
4272
4108
3822
4177
4193
4185
4071
3868
3974
4103
4119
4471
4275
4019
3965
4293
3858
4101
3725
4042
3967
3878
4086
3997
4055
3947
4305
4313
4222
4266
4089
3865
3957
3777
4178
4023
3729
4143
4176
3980
3987
4276
4127
3818
3932
4191
4250
4112
3609
4101
4201
4139
3834
4041
4235
4172
4079
3997
4096
4271
4399
3924
4106
3983
4037
4082
4006
3715
4016
4018
3750
3858
4401
4122
4306
3913
4106
4042
3720
3942
3977
3915
3561
3713
3947
3676
3883
3699
3842
3869
3679
3758
3545
3895
3301
3507
3865
3979
3749
3859
3396
4112
3862
3548
3969
3740
3882
3595
3603
4048
3970
3743
4102
3925
3841
3911
4028
3893
4292
3861
3891
3530
3954
3988
3795
3557
3888
3881
3938
3994
3801
3855
3955
3949
3671
3729
3944
3681
4210
3848
3559
3890
3899
3502
3454
3689
3533
4087
3562
4085
3560
3839
4089
3738
3805
4057
3724
3876
4096
3729
3991
3534
4018
3780
4025
3882
3785
3865
3784
3682
4043
3862
3141
3808
4154
4141
4011
3903
3850
4105
4221
4118
3855
3237
3674
3730
3970
4165
3268
3748
3857
3857
4136
3507
3557
3722
4088
3863
3720
3905
4016
3476
3722
3948
3929
4255
3804
3615
3477
3990
3873
4441
4162
3990
3671
3813
3515
3760
3703
3873
3806
3702
3747
3845
3626
3661
3962
4081
3966
3724
3982
3705
3867
3535
3955
3997
3779
3725
4007
3961
3812
3905
3907
3790
3537
3879
4049
4020
3394
3927
3884
4072
4055
3922
4006
4079
3825
3457
3708
3911
4107
3794
4120
4067
3693
3782
3687
3661
4002
3820
3935
3782
4132
4026
4167
3722
4396
4070
3908
3942
3872
4059
3738
4291
4004
3582
4109
3904
4110
4159
4051
4039
4030
4032
3989
3858
4390
4394
4115
4198
3873
4196
3905
4050
4294
4147
4307
4102
3638
4354
3860
4223
4407
4243
4285
4058
4146
3814
4550
4007
4126
3643
4038
3981
4057
3812
4444
3982
4025
4217
4333
4113
3735
3813
3674
4025
4268
3847
4741
3723
4132
3714
4354
3755
4067
4038
3836
4216
3934
4205
4028
4042
4272
4182
4077
4086
4036
4273
4398
3970
4311
3744
4164
4043
4129
4155
4249
4047
3832
3874
4105
4263
3777
4161
4458
4551
4281
3900
4272
4467
4304
4113
3965
3762
3902
4077
4151
4051
3855
4185
3882
4136
4276
3767
3723
4277
4073
4094
3993
4127
4150
4028
3603
4156
4132
4003
4124
3956
4044
4051
4011
4500
4222
3760
4127
4258
3950
4217
3728
4028
4083
4074
4183
4185
4097
3977
4159
4419
4149
3867
4227
3896
3997
3790
4045
4130
3966
3817
4110
4152
3890
4108
4151
3838
3988
4227
4386
4032
3656
4013
3913
3984
4170
3896
4039
4102
4233
3788
4032
4307
4571
4142
4164
4036
3931
3939
4172
3753
4318
3954
4183
3973
4459
4267
4093
3728
3979
3940
3842
3850
3710
3766
3411
4138
3835
3711
3997
3535
3978
3671
3444
3727
3648
3795
3791
3586
3954
3912
3799
4116
3723
4017
3518
3815
3898
3844
3883
3672
3684
3964
3773
4001
4213
3977
3658
3619
3811
3781
4080
3818
3938
3611
3903
4019
3764
3670
3877
3882
3778
3965
3731
3649
3682
3643
3527
3568
4107
3794
4311
3618
3823
3774
3768
3506
3609
3559
3568
3877
3687
4176
3844
3559
4051
3887
3912
4101
3573
3814
3773
3713
3917
3609
3947
3590
3979
3779
3763
3874
3644
3688
3674
3696
3525
3854
4088
3918
3848
3841
4066
3987
4056
3865
3692
3422
3690
3906
3692
4107
3538
4020
3585
3886
4066
3409
3314
4132
3849
3849
3790
3863
3945
3728
3676
3803
3853
3713
4024
3634
3557
3948
3799
4226
4216
3524
3528
4045
3472
3894
3349
3843
4085
3886
3545
3834
3662
3710
4016
4193
3883
3670
3718
3697
3872
3683
3837
3972
3954
3799
3946
3851
3755
3854
3544
3594
3586
3869
3921
3736
3548
3885
3931
4223
3886
3869
3958
4088
4062
3549
3995
4150
4144
3998
3948
3580
3724
3791
3828
3506
3820
3660
3738
3711
4268
3986
4067
3714
3999
3940
3821
3943
3716
3526
3486
4042
3817
3808
4021
3712
3786
3620
3971
3684
3615
3915
3524
3630
3987
4183
3783
4047
3765
4045
3790
3768
3996
3980
3876
3963
3765
3921
3738
3922
4098
3838
3779
3820
3828
3921
4187
3858
3640
3688
3829
4073
3766
3606
4008
3833
3594
4137
3845
3786
3955
3710
3481
3776
3810
3921
4273
3715
3975
3807
3859
3562
3691
3825
3616
3795
3651
4031
3676
3871
4086
3886
3763
4110
3772
4032
3993
3495
3842
3591
3840
3526
3896
3891
3851
3898
3993
3657
3864
3756
3393
3821
4303
4276
4108
3804
3883
4043
4110
3851
3727
3588
3546
3858
4252
4048
3624
4129
3544
4334
3833
3442
3565
4063
3735
3725
3744
4168
3873
3473
3726
4034
3978
4058
3793
3545
3540
4046
3753
4231
4108
3915
3775
3920
3655
4000
3567
3985
4002
3713
3480
3623
3803
3689
3980
4059
3855
4066
4117
3622
3621
3703
4041
4109
3816
4056
3961
4073
3828
4063
3703
3427
3448
3998
3971
3742
3521
3674
3970
3905
4044
3683
3986
4009
3752
3792
3570
4081
4021
3941
4013
3912
3621
3834
3886
3721
3850
3765
3763
3767
4328
4066
4221
3865
4350
4252
3985
4207
4064
3896
3639
4207
4041
3964
4133
3788
4318
3918
3847
3931
3889
4232
3681
3594
4257
4143
3920
4437
3736
4400
3899
3938
4159
4066
4186
4085
3785
4103
4072
4391
4575
3988
3992
4114
3992
4131
4308
3887
3959
3765
3752
3949
4100
3836
4368
3919
3821
4190
4114
4024
4040
4122
3777
3923
4241
3876
4452
3973
4041
4122
4153
3819
3830
3969
3747
4078
3887
4178
4004
4244
4124
4045
4135
4585
3976
4116
4221
4072
4119
3614
4197
3672
4162
4093
3798
3939
3969
3952
3941
4143
3505
3965
4717
4206
4243
4223
4110
4304
4172
4202
3889
3997
3825
3987
3959
4358
3800
4052
4102
4202
4603
3946
3916
4120
4157
4011
4120
4041
4005
3944
4072
4344
4384
4344
4051
3803
3706
4299
3852
4720
4274
3990
3927
4050
3855
4130
3848
4132
4155
3887
3990
4030
4094
3911
4269
4441
4078
3981
4294
3866
3842
3803
4428
4285
3702
3999
4180
4174
3894
4163
4148
3868
3738
4071
4496
3980
3746
4096
4034
4336
4244
4092
4070
4185
4116
3890
3892
4299
4366
4300
4253
4033
3957
3968
4140
4001
4127
4019
4094
3764
4579
4130
4238
3897
3717
3746
3518
3376
3364
3561
3251
3541
3526
3332
3387
3128
3611
3410
3409
3493
3170
3591
3108
3356
3584
3576
3285
3767
3304
3530
3412
3510
3524
3626
3540
3376
3099
3707
3367
3745
3704
3444
3400
3359
3590
3488
3861
3574
3533
3560
3640
3630
3511
3105
3595
3425
3407
3650
3595
3386
3609
3148
3257
3189
3399
3493
3452
3373
3591
3258
3455
3009
3347
3467
3166
3463
3223
3757
3382
3457
3495
3658
3556
3765
3509
3597
3630
3182
3555
3306
3318
3169
3512
3443
3611
3600
3313
3282
3320
3679
3169
3516
3875
3968
3606
3646
3529
3663
3669
3424
3551
3481
3326
3644
3618
3751
3362
3692
3474
3750
3805
3253
3100
3519
3554
3562
3464
3580
3467
3168
3415
3594
3527
3599
3362
3336
3349
3668
3443
4035
3622
3301
3408
3763
3383
3287
3381
3542
3544
3432
3392
3658
3601
3434
3743
3630
3476
3444
3745
3247
3506
3152
3774
3573
3307
3667
3485
3428
3478
3527
3470
3385
3024
3725
3778
3714
3058
3610
3588
3553
3750
3596
3338
3725
3408
3308
3318
4081
3834
3532
3499
3688
3233
3347
3526
3318
3683
3388
3486
3444
3942
3472
3741
3467
4213
4034
3663
3822
3958
3764
3700
3949
3746
3680
3767
3842
4094
3689
3963
3929
3586
3966
3849
3636
4209
4178
3710
4242
3626
4299
3532
4055
3978
4135
3972
3780
3414
4073
3789
3956
4130
3916
4054
3649
3976
4057
4220
4177
3795
3886
3856
3915
4010
3643
4124
4003
3769
3987
3911
3820
3826
3850
3677
3796
3910
3938
4481
3769
3861
3702
4037
3702
3935
3863
3647
3972
3794
4189
3782
3928
4131
3887
4173
4081
3698
3948
4023
3818
3989
3575
4040
3759
4031
4097
4024
3846
3793
3762
3771
3823
3603
3745
4256
4358
4263
4031
3948
4257
4004
3985
3791
3526
3523
3996
3756
4344
3618
3999
3753
4050
4292
3584
3722
4056
3929
3984
3671
4063
4008
3651
3790
4144
3860
3956
3886
3565
3501
3899
3847
4487
4091
3738
3875
3944
3659
3858
3649
3769
3971
3687
3712
3677
3891
3810
4022
4253
3955
3527
3693
3738
3737
3663
3935
4068
3871
3829
3897
3914
4029
3952
3765
3746
3802
4091
4225
3705
3549
3835
4061
4239
4055
4071
4065
4002
3865
3763
4045
4082
4313
4065
4116
3834
3665
3906
3885
3587
3955
3776
3897
3909
4449
4236
4198
3966
4247
4384
4078
4284
4010
4160
4091
4048
4211
4123
4291
3979
4255
3922
4105
4018
3967
4121
3923
3825
4231
4257
3957
4354
3864
4328
3937
4002
4517
4370
4105
4080
3959
4267
3987
4112
4591
4145
4282
3895
4191
4102
4422
3905
4232
3979
3955
4073
3995
3815
4340
4067
3909
4561
4022
4158
4107
4132
3708
4277
3995
3894
4991
4116
4212
3977
4129
3915
3839
3894
3946
4354
3944
4209
3877
4163
4728
4048
4150
4395
4036
4465
4033
3939
4304
3875
4098
3918
4385
4202
4126
4089
4051
4067
3998
4065
3563
4396
4546
4512
4237
4099
4042
4330
4277
4175
4051
3774
4022
4029
4292
4419
3844
4276
4125
4180
4317
3797
3880
4314
4083
4139
3992
4261
4355
3986
3967
4159
4110
4246
4291
3821
4013
4284
4182
4636
4285
4169
3881
4252
3932
4135
3739
4360
4412
4149
3807
4149
4056
4077
4339
4495
4202
4114
4155
3728
4082
3753
4202
4410
4086
4362
4324
4035
4138
4091
3950
3905
3684
4158
4418
4164
3903
4037
4078
4372
4095
4291
4436
4278
3986
4118
3939
4396
4557
4114
4561
4168
3826
3963
4265
3904
4261
4116
3915
4057
4602
4318
4316
4376
4372
4261
3999
4166
3908
3856
3597
4110
4133
3781
4074
3788
4209
3919
3871
3808
3875
4095
3983
3818
3954
4322
3991
4218
3781
4363
3800
3776
4115
4231
4038
3842
3593
4350
3856
4144
4141
4093
4085
3905
4013
4249
4390
3888
4096
3823
3946
3977
4019
3820
4253
4208
3783
4398
4166
3899
4075
3870
3628
3850
4141
3712
4389
3763
4188
4131
4221
3676
3733
3761
3782
4350
3842
4367
3884
4054
4180
4086
4134
4294
3867
4267
4130
3933
4247
3725
4091
3852
4145
3886
3943
3998
4110
4116
4116
4108
3726
3914
4514
4244
4235
4346
4050
4329
4224
4311
3937
3708
3856
4028
4126
4376
3831
4013
3883
4157
4157
3845
3617
4203
4067
3970
3974
4155
3968
3852
3834
4110
3866
4228
3913
3764
3839
4354
3961
4587
4466
4081
3893
4251
3619
3900
3598
3968
3964
4114
3789
3938
4111
3961
4225
4341
4219
4054
4000
3908
3735
3695
4453
4248
3959
4167
4113
3966
3822
4073
4140
3856
3937
4071
4088
4048
3611
4113
3912
4108
4245
3960
4030
3994
4109
3927
3755
4355
4103
4166
4331
4034
3934
3893
4032
3796
4326
3993
3983
3781
4399
4223
4240
4012
4361
3973
4033
3938
3793
3670
3492
4087
3797
4144
3813
3643
4147
3972
3850
3697
3865
3804
3535
3725
3989
4048
3706
4053
3788
4138
3598
3855
4011
4129
4203
3864
3489
4065
3608
4003
4024
3776
3762
3711
3941
3926
4202
3984
3938
3767
3943
4060
4026
3661
4272
3927
3691
4196
3702
3696
3856
3966
3781
3753
3716
3686
4550
3854
4219
3880
3952
3553
3754
3734
3893
4041
3763
4313
3925
4093
4256
3888
3998
4427
3625
4415
4003
3828
4317
3808
3958
3675
4071
4019
3803
3931
3786
3963
3899
3744
3529
3921
4226
4022
4115
4034
4002
4137
3966
4135
3971
3556
3657
4110
4071
4282
3765
3945
3947
4175
4232
3798
3914
4061
3998
3912
3980
4009
3928
3859
3601
3824
4016
4118
3851
3561
3770
4056
3849
4411
4247
3998
3713
3988
3460
4190
3571
3945
3970
3963
3527
3776
3902
3914
3942
4263
4009
4017
3917
3859
3805
3809
4386
4114
3926
3942
3954
3913
3815
3965
3734
3802
3507
3911
4175
3920
3703
3875
4100
4282
4056
4121
3950
3990
4221
3758
3823
4132
4191
3959
4198
3903
3682
4199
3871
3853
4090
3737
3929
3764
4315
4071
4019
3722
3908
3977
3501
3800
3722
3868
3320
3820
3756
3853
3786
3573
3959
3724
3443
3760
3545
3917
3530
3530
3883
3799
3651
3976
3391
3821
3674
3896
3849
3842
3910
3875
3521
3988
3623
3984
4318
3880
3724
3741
3891
3937
4297
3781
3908
3673
3602
3715
3690
3385
3879
3635
3522
3851
3831
3686
3561
3803
3555
3604
3785
3705
4183
3541
3781
3655
3926
3495
3682
3610
3688
3973
3724
3740
3738
3836
3961
3715
3926
4070
3818
3914
3703
3490
3867
3444
4029
3642
3841
3734
3706
3566
3668
3721
3603
3957
3272
3441
4065
3921
3976
3567
3801
3958
3787
3747
3581
3593
3855
3840
3945
4110
3605
4083
3892
3950
3944
3495
3591
3883
3988
3790
3591
3794
3704
3618
3597
3855
3680
3893
3852
3482
3435
3987
3891
4415
4085
3664
3620
3837
3578
3722
3590
3751
3879
3668
3376
3761
4025
3858
3908
4129
3962
3571
3891
3584
3797
3405
3821
3986
3744
3834
3696
3702
3840
3831
3478
3641
3393
3864
4027
3865
3613
3681
3830
3927
3964
3886
3962
3995
3790
3680
3693
3989
4224
3775
4023
3670
3637
3555
3920
3631
3854
3570
3845
3736
4353
3858
4163
3649
4428
4303
3819
3898
3986
4135
3556
4000
3978
4033
3878
3912
4349
3986
3892
3996
3496
4142
4051
3787
3889
4198
3853
4326
3754
4123
3717
3824
3997
4079
3983
4020
3642
4370
3797
3896
4503
4209
4115
3859
4209
4088
4279
3961
3988
3761
3902
4095
3960
3584
4151
4056
3816
4367
3948
3950
4195
4048
3594
3834
4022
3994
4572
3566
4111
3660
3998
3755
3914
3758
3766
4212
3737
4315
4107
3924
4249
4011
4203
4421
3984
4274
4043
3682
4038
3664
4026
4014
4321
4172
4138
4059
3811
3680
4143
3911
3391
4146
4340
4295
4268
3812
4070
4464
4390
4090
3888
3634
3861
4251
4091
4397
3588
4018
3914
4091
4426
3743
3572
4094
4057
4041
3984
3954
4135
3787
3903
4077
4039
4284
4145
3846
3929
4307
4098
4656
4365
3942
3683
4348
3768
3871
3708
4022
3945
3972
3841
3957
3955
3881
4144
4330
4227
4058
3857
3980
3914
3613
4066
4134
4161
4198
3862
4132
3983
3947
4107
3739
3753
4156
4299
3963
3828
3834
4414
4098
4099
4183
4159
4123
4050
3843
3770
4178
4594
4333
4352
4044
4148
4099
3858
3575
4254
3865
4036
3951
4734
4355
4144
4024
4547
4442
4019
4441
4269
4053
4036
4226
4297
4086
4078
4294
4384
4093
4150
4134
3952
4312
4112
3918
4232
4476
4234
4621
4052
4605
4035
4126
4242
4358
4319
4117
3932
4483
4180
4283
4596
4300
4195
4154
4238
4269
4556
4292
4231
4268
3991
4343
4299
3939
4546
4112
4269
4570
3990
4026
4397
4171
3951
4228
4241
4084
4707
4076
4219
4343
4294
3964
3765
4022
3955
4396
4067
4768
4094
4349
4520
4251
4440
4655
4138
4408
4385
4025
4576
4052
4261
4068
4432
4313
4258
4237
4360
4135
4274
4358
3730
4448
4604
4474
4550
4331
4370
4547
4580
4430
4288
3932
3789
4345
4171
4656
3825
4385
4146
4436
4762
4164
3976
4406
4313
4300
4399
4253
4347
4075
4053
4303
4273
4341
4301
4057
4077
4418
4238
4885
4706
4086
3997
4679
3916
4167
3714
4061
4364
4397
4061
4368
4152
4145
4432
4558
4376
4351
4313
4097
4121
4131
4518
4532
4189
4244
4278
4346
4393
4414
4324
4047
3909
4447
4530
4328
3911
4292
4487
4524
4454
4514
4492
4387
4216
4163
4074
4649
4666
4618
4433
4245
4164
4011
4249
3845
4569
4042
4358
4145
4853
4326
4446
4229
4163
3761
3881
3946
4152
3895
3647
4095
3787
3927
3979
3724
4069
3952
4033
3972
3871
4114
3681
3687
4196
4318
3970
4343
3763
4354
4133
3912
4047
4272
3981
3961
3704
4061
3702
4082
4404
4134
3889
3973
3953
4145
4327
3969
3904
3902
3896
4062
4047
3801
4421
4051
3831
4327
4142
4061
4024
3781
3747
3618
4053
3876
4433
3948
4035
3837
4150
3489
4145
3786
3839
4180
3718
4149
4017
4192
4092
4031
4005
4331
3884
4457
4316
3838
3960
3817
4170
3861
4164
3977
4014
4043
4037
4006
3878
3808
3611
4359
4449
4476
4226
4251
4304
4365
4355
3816
3998
3725
3895
4230
4185
4270
3771
4133
3833
3937
4309
3711
3781
3999
4150
3920
3742
4028
3747
3786
3956
3882
4225
4347
3892
4139
3687
4004
3759
4687
4209
4069
3968
4283
3702
3888
3772
4082
4064
3968
3781
3632
3958
4023
4160
4528
4290
4192
3922
3758
3952
3484
4218
4088
3879
3880
4035
3937
3962
4059
4087
3659
3639
4148
4170
4036
3430
3960
4090
4068
4141
4145
4134
4281
4033
3840
3908
4217
4304
4350
4330
4239
3631
3828
4153
3814
4067
3964
4088
3727
4440
4165
4362
3873
4186
3961
3698
4220
4032
3816
3637
4150
3980
4041
4272
3963
4287
3985
3945
4017
3678
4171
3810
3675
4173
4220
3883
4445
3822
4508
3681
4061
4187
4162
4192
3899
3963
4054
4048
4145
4406
3997
3909
3902
3900
4180
4419
3836
3870
3917
3943
4031
3944
3799
4397
4196
3964
4432
4138
3976
4190
3892
3612
3919
4122
4080
4605
3995
4278
3953
3963
3623
4024
3845
3764
3984
3936
4398
4000
4102
4361
3972
4184
4493
3822
4342
4119
4030
3999
3843
4169
3922
4177
3863
3918
3880
4021
3969
4009
4125
3737
4087
4422
4395
4207
4263
4164
4360
4357
4328
3875
3560
4068
4141
4052
4298
3621
4036
3850
4234
4290
3772
3702
4068
4143
4084
3982
4145
4167
3837
3835
4263
4401
4170
4270
4043
3844
4275
4027
4599
4371
4032
3941
4211
3936
4082
3697
4189
4056
3935
3937
4137
3945
3983
4281
4450
4254
3868
3966
3999
4154
3681
4280
4236
4129
4077
4245
4209
4038
4277
3906
3929
3796
4376
4379
4113
3776
3951
4112
4405
4112
4160
4363
4455
4159
4029
4055
4325
4389
4262
4386
4017
3756
3897
4049
3896
4083
3877
4048
4049
4496
4242
4279
3959
tempo: 0.016369