200 200
4074
4016
3769
4170
3966
4084
3651
4034
3825
3964
3917
3932
4236
4178
3851
3868
3870
4025
3764
3669
4117
4179
3811
4134
3691
4386
3811
3947
4159
3992
4148
3991
3579
3974
3929
3980
4292
4150
4098
3770
4194
4117
4278
3795
3858
3929
3913
4104
3840
3907
4218
3891
3962
4031
3984
4021
4026
3887
3746
3815
3978
3939
4305
3729
3804
3886
3870
3842
3949
3787
3739
4137
3666
4170
3867
3999
4299
3883
3997
3979
3848
4217
3981
3830
3948
3690
4105
3653
4161
4147
3975
3945
3657
3600
4045
4162
3571
3982
4210
4251
4050
3844
3789
4345
4155
4043
3942
3634
3947
4023
3959
4296
3546
4061
3734
4268
4053
3391
3529
4008
4229
4079
3971
4088
3873
3918
3768
4141
4098
4340
4051
3747
3737
3929
4120
4377
4146
4206
3873
4115
3902
3980
3897
3964
4043
3837
3744
3766
4110
3928
4080
4340
4059
4004
3989
3956
3761
3549
4268
4008
4246
4038
3907
4084
4002
4107
4066
3773
3651
4333
4096
4098
3460
4043
4085
4138
4165
3969
4022
4432
3959
3890
3824
4046
4355
4058
4463
3935
3807
4036
3690
3723
3766
4035
4198
3976
4412
4268
4134
3878
4453
4164
3855
4241
4000
4034
3671
4069
4124
3968
4124
3819
4351
3820
4023
3917
3828
4226
3921
3693
4370
4420
4013
4433
3966
4460
4017
4024
4305
4278
4424
4216
3766
4218
3842
4080
4484
4250
4257
4033
4193
4196
4558
4211
4061
4151
4061
4023
4260
3727
4357
3933
3944
4630
4227
3990
4208
3996
3729
4060
3974
4022
4618
3795
4196
4059
4221
4077
4126
4194
3912
4433
3888
4394
4017
4101
4244
4063
4196
4288
4201
4281
4370
3976
4271
3878
4144
3953
4348
4352
4084
3944
3861
3846
4167
4365
3743
4185
4528
4462
4434
4211
4156
4396
4293
4156
4120
3846
4005
4111
4123
4342
3705
4002
3992
4177
4373
3787
3776
4442
4109
3978
4012
4252
4168
4121
4088
4245
4052
4268
4076
4002
3984
4248
4215
4676
4247
3913
4054
4218
3966
4017
3628
4245
4190
3936
3883
3928
4292
4006
4174
4463
4465
4020
4079
3926
4217
3820
4197
4346
4182
4253
4106
4321
4315
4395
4041
3606
3955
4154
4524
3932
3734
3916
4256
4140
4153
4064
4462
4178
4143
4150
3907
4521
4623
4347
4218
4199
3944
3799
4172
3889
4307
4023
3980
3937
4684
4292
4476
3957
4437
4375
4227
4223
4240
4070
3870
4429
4391
4228
4312
4219
4487
4203
4219
4330
4049
4348
4089
4130
4450
4543
4284
4630
4002
4721
4107
4186
4695
4439
4292
4488
3967
4700
4127
4365
4625
4273
4205
4214
4217
4298
4637
3981
4201
4186
4266
4332
4152
3960
4533
4368
4328
4475
4377
4338
4197
4115
3892
4334
4172
4065
4740
4477
4393
4288
4444
4115
4184
4260
4273
4500
4289
4847
4207
4456
4545
4376
4564
4667
4459
4723
4354
4283
4557
4037
4345
4119
4578
4242
4149
3919
4231
4347
4305
4337
4095
4156
4757
4671
4293
4448
4198
4612
4288
4538
4324
4018
4335
4399
4349
4834
4131
4412
4439
4650
4525
4018
4131
4167
4448
4219
4287
4404
4326
4294
3989
4395
4201
4414
4349
4064
4063
4611
4330
4926
4653
4143
3952
4442
4116
4205
4144
4353
4337
4297
3890
4214
4365
4058
4511
4604
4253
4179
4423
4105
4401
3922
4552
4507
4238
4058
4394
4464
4111
4333
4362
4234
4101
4453
4736
4230
4074
4274
4528
4506
4228
4554
4369
4731
4556
4194
4245
4352
4737
4181
4850
4701
3996
4156
4288
4291
4325
4239
4530
4261
4941
4527
4474
4153
3990
3809
3868
3828
3705
3746
3547
4174
3660
3825
3959
3555
3996
3765
3816
3832
3778
3911
3671
3790
4033
4113
3667
4072
3546
4244
3616
3847
3805
3961
3773
4085
3678
4118
3522
4136
4153
3855
3824
3851
3792
3912
4090
3807
3934
3828
3897
3846
3867
3617
3995
3800
3824
3980
3907
3850
3898
3830
3713
3962
3930
3785
4286
3695
3951
3832
4062
3569
3637
3693
3620
4049
3737
3955
3889
4279
4117
3740
3692
4095
3765
4239
3970
3667
4054
3630
4078
3802
3648
4113
3971
3839
3865
3706
3765
3966
3392
3951
4149
4086
4125
3875
4156
4286
4057
3954
3856
3647
3660
3927
4058
4132
3483
3925
3809
3962
4074
3467
3714
3851
3833
3824
3751
4053
3882
3713
3572
3911
3949
4104
4017
3523
3724
3813
3855
4453
4052
3937
3754
4145
3776
3750
3742
4131
3953
3873
3660
3787
3813
3906
3754
4356
3687
3860
3879
3955
3585
3492
3827
4026
3683
4012
3800
3920
4118
3938
3802
3691
3735
3957
4000
3599
3530
3922
4228
3987
4126
3847
3856
4106
3986
3858
3826
3987
4303
3862
4042
3857
3745
3822
3912
3813
3924
3670
3940
3748
4370
3782
4063
3779
4295
4107
4014
3947
4112
3992
3801
4136
4039
3916
4224
3845
4205
3819
4174
3890
3727
3982
3706
3721
4287
4282
3912
4274
4065
4374
3859
4128
4257
4082
3949
4089
3611
4136
3961
4028
4241
4069
4120
4127
3934
4040
4393
3921
4087
3991
4004
4187
4012
3747
4142
4099
3921
4449
4058
3975
4336
3863
3618
4081
3949
3963
4493
3754
4293
3923
4111
3841
3956
4148
4020
4131
3874
4124
4071
3936
4259
4133
4285
4469
4089
4252
4185
3758
4209
3769
4015
3991
4184
4140
4029
4036
3959
3927
4056
3811
3657
4075
4488
4461
4224
4110
4119
4411
4459
4042
3927
3902
3835
4173
3979
4265
3778
4119
3835
4328
4363
3726
3563
4249
4093
3977
3998
4297
4199
3877
3837
4226
4065
4219
4382
3877
3995
4188
4038
4737
4381
3957
4057
4200
3874
4108
3761
4285
4307
4031
3631
4219
4233
4027
4406
4246
4079
3948
3868
3939
4061
3664
4303
4206
3984
4044
4180
4198
4147
4345
4030
3700
3775
4320
4280
4087
3635
3917
4269
4058
4053
4036
4057
4473
4068
4047
3956
4465
4127
4121
4208
3934
3721
4074
3998
3907
4115
4004
4090
4056
4676
4230
4399
4019
3963
3769
3374
3734
3815
3591
3432
3881
3963
3575
3850
3625
3866
3976
3592
3791
3682
4008
3546
3442
3645
4030
3706
4012
3665
3916
3726
3712
3707
3869
3907
3535
3484
4094
3893
3925
4049
4017
3875
3523
3793
3801
4011
3710
3860
3508
3686
3819
3810
3631
3962
3675
3787
4291
3913
3729
3723
3490
3414
3751
3795
3582
4113
3607
3667
3786
3760
3543
3509
3624
3527
3822
3464
3769
3612
3707
3855
3705
3779
3915
3651
4098
3937
3560
3944
3583
3822
3459
4145
3840
3937
3751
3546
3611
3560
3856
3586
3987
4197
3978
3975
3911
3986
4114
3900
3926
3687
3473
3795
3872
3873
4094
3308
3966
3637
4036
3793
3714
3777
4041
3781
3749
3834
3898
3822
3780
3759
3946
3796
3793
3601
3319
3489
3921
3591
4393
4075
3726
3569
3812
3669
3787
3422
3946
3811
3659
3526
3588
3902
3606
3777
4194
3874
3903
3937
3526
3765
3452
3875
4000
3643
3776
3632
3982
3698
3880
3774
3392
3558
3841
3995
3846
3423
3826
3991
3857
3998
3775
3676
3768
3808
3606
3498
4163
4217
3678
4103
4082
3634
3600
3944
3609
3865
3730
3699
3470
4205
3977
4125
3707
4521
4409
4133
4203
4066
4112
3959
3985
4117
3863
4335
4045
4345
4065
4083
4189
3761
4405
3985
3598
4289
4479
3998
4542
3772
4572
3774
4042
4212
4361
4062
4021
3836
4228
4086
4167
4666
4232
4002
4123
4264
4281
4469
4084
4255
3785
4177
4292
3960
4035
4485
4172
4109
4421
4278
3921
4077
3988
3839
3954
4185
4140
4442
4128
4277
4051
4151
3900
4034
3960
4216
4149
4070
4468
4049
4238
4548
4166
4363
4501
4194
4456
4326
4046
4342
3848
4476
4129
4458
4121
4469
4234
4141
4080
4154
4362
3756
4201
4531
4580
4300
4254
4377
4397
4463
4118
4104
3966
4039
4264
4450
4487
3621
4430
4006
4493
4510
3491
3725
4190
4510
4142
4143
4160
4242
4040
3984
4258
4247
4265
4320
3909
3954
4232
4285
4859
4387
4092
4103
4450
3941
4135
4208
4226
4376
4165
3805
4291
4161
4254
4269
4567
4299
4305
4152
4155
4141
3814
4072
4290
4002
4151
4252
4355
4292
4317
3961
3861
3775
4203
4516
4228
3759
4053
4332
4270
4447
4473
4325
4336
4129
3991
4188
4371
4690
4320
4447
4252
3879
4014
4172
4057
4369
4088
4240
4259
4714
4379
4495
4083
4137
4208
3725
4159
4143
3993
3632
4066
3913
3941
4202
3838
4235
3902
3801
3831
3893
4016
3720
3653
4116
4435
3825
4394
3918
4150
3822
4127
3957
4012
3981
3918
3709
4168
3885
3897
4466
4141
3910
4014
4182
4043
4330
4055
4024
4030
3939
4089
4081
3889
4326
3833
3916
4331
4163
4080
3977
3967
3541
3814
3871
3922
4254
3876
4166
4031
4085
3731
3872
3885
3731
4240
4032
4297
4065
3798
4362
3861
4155
4259
3834
4308
4045
3833
3929
3715
4368
3815
4335
3900
4255
4162
3848
3821
4179
4019
3671
4169
4527
4193
4187
4155
4065
4157
4258
4163
3909
3802
3975
4051
4089
4259
3476
3969
3829
4047
4388
3544
3676
4197
3988
4075
3761
4118
3928
3658
3982
4132
4121
4042
3880
3809
3983
4175
4092
4580
4341
4023
3793
4302
3745
4076
3974
4214
4202
3910
3784
4045
3815
3997
3999
4243
3983
3970
3778
3830
4111
3880
3979
4195
4105
4038
4131
4160
3896
4193
3785
3742
3760
3975
4049
4096
3727
3895
4273
4027
4075
4327
4230
4105
4024
3995
3904
4405
4362
4334
4085
4064
3951
3848
4089
3823
4302
4161
4044
4104
4428
4457
4224
4018
4616
4322
4124
4480
4058
4114
3793
4309
4263
4273
4370
4081
4652
4276
4202
4365
4014
4290
3900
4047
4205
4522
4197
4416
4116
4605
4103
4197
4562
4606
4558
4225
3854
4483
3862
4190
4448
4249
4385
4275
4423
4218
4605
4075
4205
4301
4272
4362
4366
3840
4345
4075
4042
4525
4258
4209
4490
4236
3976
4219
4240
3994
4808
3996
4524
4324
4483
4046
4188
3943
4064
4596
4205
4613
4278
4494
4810
3972
4663
4539
4370
4441
4282
3956
4601
3886
4381
4250
4546
4302
4406
4041
3887
3814
4007
4309
3763
4279
4729
4488
4454
4437
4415
4688
4251
4393
4222
3963
4240
4159
4398
4759
3883
4495
4256
4410
4463
3928
3919
4487
4383
4228
4143
4467
4488
4082
3994
4259
4274
4469
4524
4109
3958
4395
4393
4720
4670
4338
3908
4474
4122
4236
3836
4258
4497
4051
3878
4323
4072
4346
4210
4612
4308
4138
4236
4375
4249
3937
4525
4732
4450
4467
4294
4226
4474
4465
4062
4094
3762
4601
4807
4284
4178
4414
4515
4673
4303
4416
4460
4603
4318
4132
4097
4688
4611
4367
4766
4318
4070
4160
4167
4091
4399
4167
4336
4215
4945
4334
4715
4355
3918
3704
3656
3797
3794
3700
3578
3709
3892
3626
3886
3656
3821
3749
3770
3634
3566
3643
3597
3460
3921
4098
3821
3854
3504
4005
3701
3653
3848
3630
3789
3771
3431
4002
3685
3724
3949
3703
3907
3530
3729
3540
4116
3517
3942
3393
3535
3763
3549
3549
3742
3837
3711
4090
3707
3875
3493
3661
3694
3574
3645
3526
4019
3662
3752
3788
3852
3557
3385
3714
3795
3930
3803
3807
3470
3744
4192
3747
3888
3914
3562
3994
3948
3721
3863
3791
4129
3474
4022
3794
3603
3578
3793
3466
3935
3779
3351
3668
4063
4052
3720
3905
3902
4058
3984
3805
3661
3215
3430
3526
3879
3872
3372
3759
3514
3827
3810
3605
3585
4143
3992
3772
3712
3897
3787
3354
3572
3967
3628
3819
3596
3530
3610
3787
3685
4317
4238
3702
3593
3966
3697
3789
3646
3729
3871
3586
3623
3818
3805
3536
3872
4130
3960
3803
3801
3468
3762
3395
3828
4103
3356
3746
3889
3804
3853
3859
3808
3473
3509
3768
4143
3863
3495
3674
3543
3935
3939
3848
3959
3637
3846
3547
3484
4209
3915
3766
3800
3916
3534
3597
3875
3616
3983
3685
3960
3761
4050
3872
4011
3515
4377
4292
3950
4377
4135
4182
3771
4197
4129
4064
4041
4192
4484
4016
3971
4097
4153
4199
3821
3797
4241
4345
3932
4549
3892
4504
3918
4177
4300
4139
4378
3913
3946
4288
4294
4079
4528
4357
4095
4190
4280
4348
4462
4069
4211
4057
3941
3992
4076
4091
4286
4168
4178
4285
4236
4211
4451
4038
3851
4122
4030
3970
4635
4027
4158
4326
4022
3765
4043
3894
3870
4331
4130
4415
4064
4163
4379
3997
4279
4667
4216
4342
4266
4153
4290
4133
4286
3822
4368
4089
4128
4245
4041
4103
4119
4198
3702
4191
4585
4557
4100
4443
4123
4640
4458
4107
4178
3847
3943
4083
4140
4610
3609
4226
3992
4368
4358
3750
3924
4241
4121
4185
4180
4009
4116
4003
4177
4106
4180
4430
4156
4011
3753
4092
4198
4748
4304
4188
4045
4194
3991
4065
3702
4221
4123
4273
3921
3941
4146
3866
4224
4364
4249
4166
4222
4198
3788
3783
4212
4444
4146
4222
4089
4213
3951
4294
4162
3870
3936
4358
4454
4207
3834
4306
4104
4370
4084
4298
4411
4282
4122
4096
3951
4168
4599
4346
4602
4290
3808
4010
3980
3996
4169
3931
4146
4090
4445
4265
4145
4182
4244
4112
3895
4121
4025
3996
3764
4024
4103
3998
4076
3755
4443
4016
3994
4056
3817
3888
3815
3929
4271
4066
3774
4276
3798
4008
3794
3871
4109
4177
4217
3931
3743
4262
3740
3993
4233
4006
3949
4123
4166
3923
4405
4033
3922
3929
3998
4092
3942
3747
4160
3986
3906
4241
4255
4284
3981
3946
3685
3752
4140
4058
4529
3902
4218
3941
3994
3748
4152
3775
3819
4017
3949
4366
3969
4085
4334
3939
4228
4481
4028
4173
4319
3663
4020
3577
4064
3968
4185
4052
4277
4053
3679
3888
3807
4065
3488
3978
4507
4186
4295
4026
4363
4400
4405
4217
3950
3701
3982
4071
4174
4369
3616
4258
4010
4271
4464
3931
3659
3937
4001
4002
3850
4198
4093
3844
3835
4336
4312
4152
4170
3814
3662
4139
4124
4649
4044
3938
3825
4243
4071
4205
3738
4005
4071
4046
3910
4060
3869
4001
4291
4335
3990
3898
3949
3800
4141
3697
4231
4270
4038
4087
4300
4049
4019
4013
3911
3787
3880
4107
4274
4165
3633
3955
4295
4235
3960
4234
3991
4152
3963
3730
4104
4241
4311
4294
4391
4054
3806
4068
4022
3929
4304
4100
3923
3922
4388
4386
4263
3914
4227
4276
3598
3922
3759
4039
3776
4063
4203
4010
4149
3967
4060
4048
3987
3803
3909
4055
3805
3899
4089
4183
3905
4347
3661
4224
4027
3862
4151
3985
3903
4151
3878
4231
3718
4037
4371
4133
4033
3927
4176
3988
4242
3719
4042
3936
3850
4150
3905
3550
4153
3906
3851
4159
4170
4059
3758
4019
3867
3995
3997
3970
4131
3827
4017
4049
3888
3654
3851
3903
3800
4071
3905
4227
3907
4123
4346
4010
3980
4285
4008
4143
4309
3721
4016
3766
4058
4010
4291
4017
4214
3963
3971
3713
3831
4160
3479
3881
4339
4176
4177
4106
4109
4333
4312
4094
3943
3873
3799
3831
3940
4420
3563
4221
4003
4184
4052
3806
3784
4007
3928
3938
3987
4166
3963
3775
3882
4295
3963
4200
4074
3826
3661
4076
4028
4697
4299
3960
3869
4382
3943
3851
3843
3926
4053
4033
3606
3872
4021
4039
4121
4483
4213
4067
4055
3788
3744
3545
4193
4147
4032
3937
4248
4140
4026
3905
4009
3775
3968
4131
4164
4130
3613
3994
4346
4203
4212
4182
3787
4046
4042
3805
4103
4363
4320
3893
4317
4240
3788
4037
4061
3876
4089
3923
4054
3945
4469
4208
4249
4020
4174
4076
3867
4064
3943
3915
3650
3909
3900
3866
3998
3958
4057
4028
3688
3820
3856
3890
3619
3740
4205
4202
3673
4234
3976
4372
3780
3886
4132
4260
4285
3632
3462
4243
3924
3969
4337
4238
4115
3943
4185
3951
4274
3971
4050
3870
3915
3954
4036
3755
4282
4076
3813
4371
4037
3840
3986
4051
3754
3857
4115
3893
4430
3914
3988
3903
4301
3692
3897
3845
3703
4339
3812
4106
4247
3845
4383
3983
4185
4182
3823
4220
4335
3872
4114
3703
4166
3948
4128
3995
4193
3869
3671
3773
4092
3944
3785
4125
4430
4201
4290
4385
3811
4396
4116
4152
3986
3552
3961
4127
4077
4284
3577
3921
3778
3920
4331
3790
3770
4127
4073
3861
3879
4176
3935
3841
3556
4235
4105
4188
3985
3748
3743
4394
3973
4626
4432
4025
3696
4161
3652
4014
3856
4320
4049
3953
3728
3811
4050
3836
4052
4430
4083
4091
3991
3820
4014
3729
4110
4226
3956
4183
4107
4116
4045
4046
3989
3729
3634
3892
4171
4239
3628
4023
4179
4291
4006
4000
3954
4329
4117
3771
3802
4256
4502
4104
4232
4043
3842
3807
3963
3817
4182
3804
3940
3875
4424
4174
4203
4061
3792
3717
3555
3787
3840
3667
3237
3652
3711
3612
3791
3670
3882
3743
3590
3624
3401
3985
3594
3287
3820
3960
3484
4093
3752
4010
3866
3925
3848
3739
3698
3506
3401
3627
3750
3709
4231
3931
3871
3695
3688
3751
4289
3436
3553
3712
3571
3881
3681
3519
3995
3935
3571
4268
3902
3658
3706
3382
3570
3438
3801
3745
4057
3666
3774
3801
3602
3493
3620
3674
3691
3899
3386
3930
3706
3905
3996
3794
3764
3983
3692
4090
3739
3763
3652
3629
3598
3496
3874
3732
3508
3855
3767
3417
3568
3715
3335
3829
3945
4050
4025
3836
3592
3934
4047
3673
3764
3531
3914
3857
3848
3815
3512
3986
3738
3757
4068
3387
3416
3897
4036
3784
3707
3707
3686
3626
3553
3767
3762
3901
3670
3611
3233
3780
3568
4221
4064
3889
3671
3975
3548
3848
3495
3885
3919
3751
3622
3665
3861
3717
3861
4112
3969
3769
3717
3674
3716
3284
4007
3739
3778
3692
3730
3703
3890
3919
3848
3568
3452
4008
3975
3784
3265
3850
3826
3762
4115
3774
3935
4058
3747
3627
3521
3996
4048
3698
4201
3862
3468
3751
3851
3592
3762
3673
3885
3458
4225
3772
4075
3648
4632
4092
4046
4168
4089
4160
3605
4354
4091
4143
4243
3818
4419
4218
4070
3951
3952
4359
4060
3816
4118
4334
4114
4251
4010
4568
3980
4134
4514
4138
4212
4341
3952
4409
4231
4266
4388
4180
4196
3975
4208
4399
4602
4036
4087
4123
4011
4091
4105
3936
4531
3979
4063
4326
4332
4225
4516
3902
4063
4033
4275
4254
4803
3926
4163
4051
4179
3915
4060
4209
3996
4185
3898
4479
4194
4369
4395
4307
4068
4518
4293
4467
4235
4184
4250
4051
4326
3939
4187
4393
3993
4212
4051
4034
4005
4256
3859
4232
4587
4463
4267
4337
4183
4329
4286
4286
4180
3807
3999
4154
4291
4503
3647
4481
4063
4180
4455
3888
3778
4359
4285
4201
4095
4193
4179
3935
4008
4541
4338
4372
4175
3953
4017
4036
3985
4595
4338
4048
3930
4262
3962
4091
3786
4262
4367
4077
3928
3948
4272
4071
4278
4719
4327
4333
4313
4147
4072
3848
4232
4304
3991
4105
4134
4163
4184
4361
4105
3847
3875
4253
4590
4229
3846
4161
4310
4304
4122
4308
4343
4172
4239
4111
3966
4489
4711
4402
4394
4263
3974
4145
4226
4169
4229
4181
4065
4188
4524
4397
4527
3997
4135
4207
3816
4108
3944
3889
3492
4063
3897
4090
4146
3755
4232
4120
3855
4096
3936
4137
3707
3803
4181
4183
3976
4266
3774
4379
3693
4044
3938
4227
4031
3868
3675
4120
3951
4137
4104
4150
3934
3804
3963
4110
4324
3964
3830
3907
3940
4116
3980
3870
4218
3955
4045
4263
4004
4121
4169
3853
3609
4006
3932
3756
4440
3874
4040
3814
4170
3791
3798
3711
4013
4076
3878
4134
4366
4034
4323
3921
4078
4206
3913
4206
4336
3704
4194
3645
3998
3811
4260
4153
3945
3940
3580
3797
4047
4035
3685
4209
4111
4336
4060
4242
3949
4237
4189
4080
3941
3599
4105
4283
3865
4366
3516
4030
4096
4268
4308
3742
3695
4052
4147
3895
3854
3933
3911
3772
3799
3876
4176
4375
4036
3880
3806
4008
3972
4735
4121
4122
4026
4160
3706
3962
3672
3806
3900
3811
3706
3844
4002
3917
4165
4220
4003
3908
3759
3969
3953
3936
4111
4258
4119
3979
3983
4104
4091
4129
4142
4107
3710
4397
4267
4187
3638
3937
4240
4029
4001
4053
4128
4106
4138
3838
3920
4292
4400
4046
4352
4045
3690
4067
3982
3719
4146
3765
4030
3894
4524
4249
4200
3945
4460
4147
4178
4615
4249
4384
4015
4579
4051
4314
4495
4094
4545
4387
4066
3990
3939
4360
3995
4042
4338
4543
4022
4454
4149
4518
4085
4240
4475
4236
4752
4328
4046
4349
4239
4205
4660
4301
4266
4229
4293
4324
4656
4389
4291
4120
4231
4291
4241
3842
4665
4236
4242
4630
4386
4522
4431
4240
3943
4319
4284
4195
4742
4148
4535
4500
4395
4014
4402
3984
4017
4548
4297
4486
4322
4410
4533
3932
4389
4576
4405
4633
4550
4153
4421
4376
4414
4062
4391
4447
4524
4465
4057
3994
3980
4252
3899
4398
4673
4473
4410
4343
4335
4753
4627
4341
4147
3976
4197
4530
4439
4448
3796
4496
4026
4643
4461
3971
3994
4495
4420
4266
4198
4115
4358
4181
4167
4517
4307
4463
4513
4087
4273
4308
4266
4938
4610
4328
4205
4706
4102
4290
3975
4445
4459
4266
3878
4072
4405
4228
4290
4646
4180
4382
4102
4515
4262
3850
4289
4432
4235
4335
4228
4461
4347
4530
4235
3949
4002
4316
4591
4364
3952
4364
4826
4518
4333
4667
4403
4522
4220
4267
4418
4493
4715
4425
4702
4484
4004
4254
4328
4263
4480
4156
4413
4344
4765
4566
4557
4192
4124
4142
3737
3912
4076
3657
3452
4140
3988
4004
3797
3829
4094
3743
3841
4051
3714
3878
3799
3642
4190
4302
3695
4439
3678
4354
3750
3930
4096
4142
4210
3828
3771
4221
3747
4083
4395
4082
3726
3836
3943
3951
4196
3965
4054
3880
3856
3913
3924
3582
4104
4036
3978
3976
4097
4035
3768
3940
3596
3855
3754
3950
4349
3811
3906
3784
4041
3581
3725
3805
4037
4141
3830
4199
3847
4166
4166
3915
3972
4252
3857
4155
4106
3605
4003
3651
4037
3904
3947
4052
4059
3659
3685
3758
3934
4104
3527
3943
4525
4449
4170
4136
3980
4223
4217
3830
3998
3572
3757
4093
4049
4308
3544
3931
3932
4282
4297
3563
3648
3977
4202
4061
3709
4077
3930
3776
3843
4071
4065
4254
3951
3845
3661
4080
4099
4684
4197
3999
3843
4105
3548
3953
3954
3870
4136
3804
3647
3784
3900
3831
4145
4280
3961
3839
3978
3691
3991
3803
4212
4222
3870
3889
3653
3945
3978
4065
3863
3830
3843
4213
4188
3863
3652
4089
4285
4052
4155
4117
4054
4156
4105
3748
3771
4219
4393
4083
3993
4029
3758
4046
4090
3625
4033
3871
4067
3843
4548
4032
4254
3906
4370
4260
3956
4130
4043
4155
3800
4212
4267
4052
4230
3896
4346
4009
3933
3995
4045
3993
3827
3735
4289
4323
4138
4350
3650
4480
3773
3989
4378
4078
4063
3968
3844
4446
3880
4047
4488
4135
4130
3978
4143
4330
4260
3988
4289
3919
4095
4237
3797
3793
4203
4177
3851
4150
4246
3939
4038
4113
3900
3825
4096
4201
4436
3993
4328
4075
4256
3860
3882
3854
3626
4252
3873
4278
3921
4139
4500
4061
4428
4393
4121
4209
4029
4088
4361
3701
4365
4055
4451
4161
3770
3856
3976
3864
4189
4252
3560
4199
4382
4241
4381
4014
4134
4261
4374
3998
4199
3658
3891
4050
4410
4409
3787
4272
3969
4290
4440
3736
3755
4134
3969
4228
4060
4271
4026
3994
3805
4107
4068
4270
3879
3991
3705
4299
4074
4747
4256
4004
3894
4173
4028
4055
3862
4187
4273
4055
3912
3952
4127
4043
4171
4481
4229
4107
4325
4045
4245
3674
4077
4624
4103
4223
4165
4097
4143
4233
3892
3779
3884
4302
4445
4183
3906
4131
4177
4350
4068
4021
4305
4268
4002
4076
4000
4422
4534
4049
4236
4142
4052
3862
4043
3856
4100
3973
3840
4098
4722
4251
4450
4184
4351
4187
3784
4110
4039
3889
3646
4003
3976
4036
4087
3697
4271
3997
3919
3811
3676
3986
3648
3674
3954
4080
3876
4297
3635
4388
3869
3981
3922
4346
4143
4073
3908
4105
3903
4088
4305
4050
4007
3726
4160
3933
4272
4117
4175
3868
4194
4063
3902
3947
4315
4071
3802
4474
4196
3836
4112
3992
3757
4232
4115
3982
4487
4084
4052
4083
4014
3774
3789
3800
3631
4209
3905
4221
4046
3876
4237
3977
4025
4185
3890
4375
4190
3889
4090
3648
4528
3870
4260
4030
3985
3771
3750
3902
4033
4048
3697
4222
4437
4077
4082
4050
4147
4326
4292
4038
3975
3705
3789
4187
4027
4359
3803
4068
3998
4131
4281
3612
3733
4206
3912
3930
3929
4271
4096
3762
4018
3944
4108
4385
4007
3908
4234
3994
4004
4632
4092
3684
3996
4140
3865
4032
3848
4010
4081
3887
3800
4039
4096
4137
4273
4280
4170
4170
4021
3854
4057
3830
3867
4323
4220
3937
4020
4136
3881
4001
3891
3869
3887
4290
4336
3931
3893
3899
4354
4205
4032
4081
3962
4185
4212
4175
3917
4467
4214
4052
4349
4016
3800
3891
4115
3699
4365
3990
4096
3927
4716
4168
4284
4046
4539
4587
4046
4350
4388
4221
3811
4378
4424
4114
4338
4193
4518
3940
4303
4303
3880
4599
4031
3935
4250
4537
4174
4553
4068
4507
3862
4159
4455
4397
4393
4433
4159
4458
4172
4384
4632
4332
4296
4288
4337
4371
4665
4358
4198
4204
4215
4310
4308
3903
4549
4154
4171
4706
4298
4227
4435
4341
3767
4008
4472
4112
4695
4219
4419
4264
4178
3880
4105
4182
3946
4479
4061
4634
4339
4261
4485
4456
4580
4768
4209
4514
4400
4191
4349
3918
4482
4356
4566
4450
4348
4406
4011
4237
4221
4274
3734
4204
5019
4672
4432
4535
4373
4530
4662
4385
4254
4093
4038
4295
4222
4482
3940
4437
4330
4512
4776
4282
4007
4531
4370
4377
4535
4279
4338
4066
4370
4430
4560
4342
4291
4175
4237
4511
4478
4793
4633
4139
4254
4409
4110
4302
3958
4272
4205
4361
4046
4294
4088
4042
4651
4644
4310
4147
4378
4020
4150
4150
4556
4409
4479
4007
4531
4414
4168
4325
4168
4183
3923
4553
4693
4390
4009
4137
4540
4570
4299
4440
4467
4646
4353
3950
4286
4549
4588
4735
4583
4426
4114
4380
4280
4117
4513
4127
4422
4132
4860
4478
4360
4259
4162
4343
4043
4292
4142
4098
3858
4227
4029
4273
4081
3927
4283
3875
4051
4073
3986
4159
3986
3818
4255
4160
3936
4401
3914
4438
3720
4110
4250
4135
4184
4163
3568
4214
3904
3994
4383
4257
4166
3914
4054
4179
4275
3942
4226
4214
3987
4200
3893
3775
4367
4258
4080
4264
4019
4116
3949
3971
3678
3997
3844
3869
4448
3851
4258
4045
4247
4070
3994
4015
3827
4069
3897
4269
4087
4305
4404
4192
4143
4301
3996
4247
4239
3948
4273
3853
4167
3961
4500
4129
3934
4235
4009
3842
4146
4099
3791
4223
4463
4226
4232
3987
4095
4548
4190
4072
4045
3890
3950
4249
4128
4443
3626
4302
4001
4476
4318
3815
3737
4356
3911
4234
4301
4127
4175
4090
3880
4044
3964
4108
4129
3991
3944
4143
4004
4835
4261
4379
3863
4321
3950
4303
3880
4138
4153
4301
4136
4039
3928
3984
4176
4342
4297
4158
3861
4076
4153
3844
4499
4375
4178
4056
4286
4264
3854
4176
4258
3600
3908
4179
4182
4136
3821
4040
4216
4276
4211
4251
4191
4199
4164
4032
3978
4347
4625
4037
4464
4354
3951
4095
3950
3880
4237
3973
4185
4061
4700
4159
4152
3931
4221
4176
4071
4114
4013
3812
3638
4172
4202
4185
3813
3536
4083
3925
3920
4070
4008
4164
3830
3770
4100
4272
3843
4233
3918
4054
4062
4024
4304
4415
4000
3999
3714
4194
4054
4300
4396
4189
4181
3851
4106
4264
4509
3979
4171
3955
3932
3949
3999
3847
4374
3929
3967
4348
4168
4101
3949
3808
3834
3851
3949
4001
4357
3860
4125
4273
4138
3779
3852
3936
3986
4111
3806
4355
4022
4315
4192
4054
4065
4351
3786
4418
4175
4108
4114
3791
4201
3941
4208
3950
4251
4135
3987
3867
3924
4308
3646
4161
4585
4426
4213
4088
4141
4454
4170
4227
4109
3752
4112
4262
4230
4023
3742
4410
4230
4184
4435
3772
3756
4105
4243
3987
3990
4264
4038
3887
3982
4156
4155
4311
4047
3821
3995
4155
4033
4500
4331
4039
3965
4232
3859
3919
3880
4139
4113
4079
3991
4053
4069
4015
4244
4365
4208
3967
3994
3909
4103
3715
4432
4245
3835
4125
4191
4337
4029
4220
4110
3765
3608
4139
4555
4125
3665
3963
4123
4067
4221
4245
3934
4467
4082
3870
3743
4369
4376
4260
4517
4170
3627
4011
4025
4037
4216
4004
4106
3973
4548
4230
4405
4017
4432
4162
4200
4351
4008
4042
3813
4147
4047
4044
4151
3755
4461
3986
4136
4078
3871
4041
4002
3869
4222
4190
4109
4321
3913
4442
4088
4044
4416
4132
4237
4275
3895
4243
3944
4173
4315
4003
4131
4171
4045
4188
4434
4180
3971
4081
4167
4169
4098
3729
4446
3913
4116
4318
4141
4084
4340
4120
3625
4136
4083
3816
4672
3859
4099
4139
4069
3862
3963
3926
3940
4437
4074
4438
4075
4336
4337
4073
3950
4479
4109
4367
4424
3927
4209
3880
4101
3980
4302
4315
3957
4091
4023
3884
4153
4241
3683
4214
4692
4374
4288
4222
4360
4488
4280
4159
4098
3848
4036
4331
4071
4242
3746
4266
3955
4517
4309
3931
3819
4334
3977
4059
4134
4168
3954
3919
4022
4146
4231
4341
4241
3894
3983
4222
4123
4677
4495
4278
3914
4167
3987
4160
3756
4036
4163
3930
3598
3890
4030
4046
4325
4433
4315
4255
4168
4087
4033
3996
4461
4422
4057
4118
4253
4172
4083
4174
4247
3823
4090
4366
4337
4001
3989
3949
4377
4167
4083
4270
4361
4313
4348
4053
4140
4266
4522
4375
4505
4465
4145
4436
4096
3867
4216
4141
4184
3953
4619
4158
4274
4070
tempo: 0.011662