200 200
4278
4343
3972
4197
4143
4121
3620
4043
4171
4135
4260
4035
4383
3978
3955
4093
3971
4206
4017
3639
4323
4292
3897
4278
3953
4596
3845
4166
4114
4215
4062
3943
3725
3983
4004
4109
4532
4270
4270
3940
4209
4123
4382
4007
4081
4060
3951
4044
3896
3838
4142
4057
3998
4384
4035
3895
4232
3995
3627
4148
4138
3973
4533
3966
4227
4002
4049
3761
3962
3777
4017
4347
3949
4298
4180
4140
4196
3724
4224
4428
4050
4429
4207
3880
4144
3860
4423
4124
4329
4090
4165
3994
3934
3587
4056
4169
3668
4105
4577
4338
4220
4400
4127
4185
4323
4116
4148
3902
4016
3991
4049
4289
3837
4495
4001
4196
4345
3704
3665
4237
4173
4023
4124
4093
4088
3940
4051
4284
4128
4418
4093
4066
3774
4203
4348
4604
4452
4153
4116
4169
3765
4073
3895
4345
4214
4069
3717
4133
4004
4115
4218
4291
4026
4224
3887
3921
4030
3713
4383
4197
4128
4043
4266
4200
4169
4033
3925
3702
3632
4115
4356
3831
3833
4004
4304
4298
4091
4294
4133
4389
4081
3879
4048
4529
4512
4322
4431
3975
3911
4003
4008
3623
4117
4000
4177
3847
4446
4192
4458
4171
4125
4133
4022
3981
3911
4065
3725
4192
4008
4019
4077
3949
4205
3982
4249
4094
3943
4083
3794
3969
4241
4368
3984
4104
3885
4399
3875
4076
4343
4037
4032
3875
3894
4292
3890
4060
4277
3937
4081
3954
3912
4116
4459
3968
4198
3701
4094
4142
3856
3580
4399
4124
3954
4119
4071
3905
4131
4031
4056
3840
4052
3878
4569
4076
4235
3931
4247
3699
3806
3957
3872
3993
3969
4511
3978
3927
4405
4322
4075
4330
3901
4303
4129
4036
4295
3652
3979
3921
4198
4205
4042
3988
3921
3982
3970
3934
3717
4002
4452
4533
4312
4141
4288
4228
4326
4054
3990
3721
3957
4313
3939
4405
3838
4444
3813
4216
4308
3929
3709
4311
4337
3791
3907
4095
4145
3840
3929
4124
4187
4184
4182
4054
3788
4238
3931
4661
4335
3759
3989
4242
3968
4184
3515
4128
4226
4181
3756
3900
4322
4011
4378
4335
4293
3805
4127
4043
4188
3721
4102
4109
3770
4046
4193
4142
3894
4163
4128
3851
3755
4220
4305
4343
3529
3912
4237
4484
4134
4165
4256
4399
4122
3828
3981
4258
4333
4143
4214
4173
3764
4017
4020
3973
4183
3840
3953
4095
4542
4188
4429
3740
4273
4062
3981
3970
4028
3794
3653
4053
4004
3847
4126
3818
4165
3866
3961
3922
3636
4094
3863
3741
4138
4207
4049
4183
3948
4361
3817
4189
4084
4050
4140
3812
3606
4111
4088
4144
4378
4091
4173
4113
3998
4084
4410
3862
3962
3583
4010
4144
4170
4028
4247
3985
3834
4364
3934
4036
4179
4149
3646
4042
4131
3729
4461
3989
3945
3862
4085
3834
3659
4010
3981
4094
4031
4380
4019
3898
4303
4060
4247
4269
3842
4352
4173
4016
4044
3503
4071
4099
4347
4087
4050
4078
3828
3782
3961
4030
3713
4017
4465
4324
4108
3969
4059
4207
4055
4107
3759
3574
3919
4050
4134
4366
3748
4087
3789
3973
4290
3812
3702
4174
4172
3910
4200
4099
4252
3770
3767
4080
4086
4119
4183
3937
3916
4128
3996
4631
4528
4008
3835
4186
3775
3923
3854
4139
4039
3752
3889
3905
3936
3689
4334
4362
4176
3886
4046
3868
3829
3728
3807
4124
4145
4082
4017
4103
4086
4285
4106
3806
3504
4412
4341
3944
3751
3845
4278
4316
4056
3956
4236
4420
4001
3981
3917
4399
4269
4482
4317
4102
4033
3936
3793
3836
3842
3805
4097
3986
4557
4419
4352
3864
4362
4171
3954
4185
4095
3934
3821
4373
4213
3892
4023
3807
4396
3777
4211
4162
3944
4090
3660
3660
4457
4339
3952
4225
4009
4569
3931
4218
4235
4213
4226
4251
3676
4306
3934
4199
4554
4176
4176
4218
4077
4015
4296
3900
3990
3896
3919
4165
4136
3746
4547
4049
3734
4443
4104
3968
4156
4002
3852
4357
4083
4027
4556
3773
4436
4216
4248
3647
3856
4097
3838
4338
3899
4222
4154
4193
4340
4232
4204
4459
3994
4182
4142
4019
4382
3514
4308
3943
4195
4144
4087
3975
3924
3832
4273
4424
3793
4168
4510
4335
4415
4324
4161
4279
4249
4290
3889
3972
3785
4078
4339
4448
3601
4094
4101
4264
4523
3676
3633
4275
4213
4158
3925
4375
4232
3851
3896
4082
4518
4222
4322
3839
3979
4357
4232
4717
4238
4145
3964
4305
3978
4173
3912
4282
4168
4170
4074
4204
4038
4037
4233
4532
3993
3958
4134
4178
4036
3948
4230
4386
4190
4297
4244
4147
4036
4179
4300
3923
3663
4243
4306
4093
3831
4047
4403
4138
3954
4184
4367
4419
4047
4134
3995
4709
4633
4362
4248
4078
3790
3626
4200
4062
4342
3818
4111
3865
4635
4298
4310
4092
4274
4060
3685
4013
3850
3700
3640
3947
3872
4040
4180
3777
3958
3737
3683
3725
3692
3937
3732
3534
3868
4024
3743
4075
3588
4229
3678
3732
3741
4191
3825
3986
3684
4089
3509
4022
4143
3715
3797
3720
4040
3972
4273
3909
3895
3895
3583
3943
3657
3669
4242
3768
3616
4062
3919
3899
3927
3563
3758
3896
3940
3958
4192
3626
3849
3878
4057
3482
3593
3836
3714
3878
3657
4224
3772
3974
4228
3779
4144
4183
3897
4107
3998
3760
3855
3550
3903
3745
4065
4024
3779
3869
3882
3849
3881
3781
3472
4072
4153
4114
4088
4053
3968
4232
4116
3959
3758
3403
3786
4031
3906
4168
3537
4126
3769
4297
4198
3504
3400
3907
3937
3649
3849
4017
3861
3822
3635
3991
4013
4276
4038
3848
3621
3993
3875
4175
4128
3776
3813
4146
3819
3844
3640
3927
3817
3756
3493
3877
3853
3778
3924
4300
4006
4020
3934
3702
3655
3569
4254
4156
3648
3780
3985
3764
3961
3900
3946
3837
3616
4214
4189
3972
3439
4034
3970
4166
3915
3906
4016
4112
3773
3680
3718
4209
4108
4001
4186
3836
3892
3969
3829
3542
3718
3738
3977
3893
4493
3991
4173
3693
3932
3842
3627
3999
3731
3733
3640
4044
3792
3694
4015
3688
4051
3854
3806
3760
3786
3924
3597
3675
4027
4024
3750
3795
3777
3877
3680
3787
4214
3929
3996
3940
3416
4174
3834
4013
4042
3716
3915
3548
3856
3780
3958
3605
3865
3579
3670
3723
3820
3672
4364
3916
3584
4034
3860
3929
3781
3764
3381
3861
4023
3431
4287
3730
4183
3725
3797
3790
3739
3672
3673
3971
3749
3826
4102
3901
4043
3734
3762
4063
3747
4185
4012
3816
3981
3597
3956
3709
3890
4084
3870
3810
3646
3689
3903
3875
3363
3907
4357
3769
4071
4041
3971
4087
3977
3941
3900
3437
3719
3920
3837
4106
3488
3904
3800
4024
4111
3635
3468
4133
3829
3761
3892
4016
3770
3667
3668
3915
3879
3850
3776
3557
3702
3915
3870
4299
4034
3742
3852
4001
3783
3843
3422
3916
3874
3844
3650
3736
3991
3758
4081
4080
3827
3661
3885
3588
3906
3410
3868
4045
3880
3801
3829
3914
3644
3910
3979
3577
3568
3879
4133
3850
3407
3781
3888
3940
3883
4000
3903
3762
4057
3646
3597
4059
4300
3805
4207
4073
3506
3999
4042
3885
4031
3713
3785
3611
4378
4009
3861
3735
4189
4159
3978
4081
3932
3977
3642
4045
3919
3827
4140
3800
4444
3842
3977
3893
3819
4097
3902
3860
3894
4412
4094
4194
3789
4447
3831
3867
4096
4146
4085
3799
3648
4152
3901
4067
4338
4226
3907
3860
3915
4126
4316
3639
3983
4011
3997
4010
3882
3846
4176
4185
3738
4318
4125
4009
3935
3881
3533
3930
3978
3962
4496
3902
4249
3881
4203
3819
3770
3839
3648
4267
4072
4498
4196
4195
4198
3857
4089
4234
4118
4404
4196
3852
4006
3892
4084
3885
4201
4031
3865
3883
3819
3825
3866
4216
3706
4083
4495
4353
4068
4229
4127
4216
4224
4204
4164
3778
3981
3983
4145
4336
3846
4111
3698
4154
4305
3764
3690
4210
3978
4013
3845
4036
4013
4084
3893
4008
3853
4124
3863
3953
3816
4182
4211
4655
4235
3936
3763
4094
3867
4082
3588
3994
4064
4034
3734
3937
3854
3989
4097
4384
4190
3959
3799
3860
3881
3450
4101
3989
3889
4150
4001
4256
3979
4300
4028
3975
3924
4220
4083
4096
3706
4064
3918
4226
4029
4210
4197
4118
4096
3780
3993
4350
4285
3923
4369
4308
3908
3871
4102
3811
4125
3829
3939
3678
4353
4036
4250
4039
4037
3964
3883
4035
3812
3787
3536
4066
4196
3852
4113
3840
4051
4130
3713
4233
3939
3985
3672
3599
4132
4197
3940
4012
3625
4398
3760
4056
3916
3957
4029
3648
3608
4264
3986
4150
4303
4015
4027
3895
3987
4059
4148
4053
4009
3654
4161
4064
4171
3807
4139
3892
3920
4139
3965
3932
3951
3887
3532
3930
3840
3732
4445
4081
3898
3929
3890
3677
3809
3915
3702
4123
3964
4327
4007
4253
4093
3590
3847
3993
3769
4164
4102
3781
4034
3624
4121
3556
3970
3914
3876
4042
3846
3710
3909
4038
3605
4240
4119
4440
3872
4082
4023
4281
4298
3999
3896
3824
3960
4069
3952
4170
3600
4149
3767
4161
4047
3522
3779
3983
4074
3963
3793
4090
3752
3565
3872
3879
4170
4255
3917
3886
3722
3936
3903
4628
4229
3946
3757
4162
3702
4056
3795
4138
3902
3767
3743
3941
3764
3835
4123
4269
3937
3986
4043
3799
3662
3562
4044
4042
3963
3932
4024
4015
3944
4076
3978
3687
3809
4157
4277
3926
3528
3973
4161
4125
3888
4127
4176
4252
4152
3637
3659
4185
4259
4192
4452
3889
3715
3904
3859
3825
3872
3696
4061
3873
4540
4235
4010
3774
4595
4522
4223
4496
4365
4020
4015
4410
4310
4424
4518
4194
4470
4177
4100
4127
4169
4612
4128
4034
4267
4562
4311
4395
3974
4305
4071
4218
4343
4449
4497
4410
3932
4420
4120
4567
4805
4280
4524
4227
4418
4438
4646
4417
4399
4247
4484
4435
4479
4132
4568
4326
4095
4947
4377
4457
4416
4227
4013
4215
4215
4348
4597
4117
4648
4376
4619
4220
3895
4186
4207
4470
4223
4624
4336
4363
4668
4358
4451
4558
4247
4533
4488
4032
4590
4050
4535
4116
4631
4309
4356
4255
4235
4076
4255
4461
3875
4474
4801
4658
4470
4366
4456
4659
4564
4568
4315
4161
4195
4732
4492
4642
3979
4588
4329
4493
4675
3998
3817
4660
4410
4023
4302
4549
4349
4179
4466
4584
4393
4684
4236
4148
4088
4703
4439
4868
4681
4333
4338
4615
4235
4301
4004
4448
4278
4150
4162
4346
4196
4332
4374
4644
4551
4415
4280
4271
4219
4216
4602
4532
4250
4533
4428
4348
4528
4730
4452
4216
3962
4439
4705
4433
3943
4599
4526
4595
4616
4139
4637
4471
4184
4182
3970
5137
4646
4372
4610
4601
4158
4400
4421
3950
4504
4227
4137
4215
5183
4375
4668
4372
4087
4303
3898
4045
3788
4110
3800
3887
3855
3892
4167
3652
4022
3837
3980
3800
3642
4139
3667
3827
3999
4117
3759
4112
3589
4148
3819
3949
4004
4139
3996
3772
3807
3866
4006
4099
4194
3869
3919
3777
4005
3963
4306
3917
3834
3862
3955
3897
4024
3914
4205
3870
3978
4244
3875
3783
3828
3811
3563
3916
3963
3660
4249
3765
4016
3795
4135
3688
3708
3882
3677
4071
4059
3833
3921
4017
4193
3918
3988
4011
3855
4212
4165
3630
4125
3709
3974
3811
4036
3887
3909
4012
3796
3773
3873
3910
3707
4230
4260
4201
3921
3971
3960
4276
4187
3991
3795
3760
3896
4057
3898
4070
3715
3642
3803
4060
4124
3471
3659
4258
4045
3823
3778
3973
4024
3876
3800
4121
4156
4208
3826
3875
4052
3956
3973
4426
4141
3857
3778
4018
3800
3883
3612
4059
4071
3706
3626
3801
4025
3745
4054
4119
4123
3864
3919
3679
3952
3490
4123
4203
3771
4029
4037
4234
3943
4045
3909
3602
3592
3995
4304
3923
3644
3966
4002
3948
3928
3911
3983
4124
3876
3821
3752
4340
4214
4046
4167
3973
3814
3984
3884
3950
4053
3752
3817
3972
4343
4020
4217
3801
4630
4561
4143
4354
4018
4319
3861
4484
4237
4283
4284
4306
4547
4085
4313
4092
3937
4335
4168
4141
4457
4570
4247
4739
3895
4495
4147
4347
4379
4600
4357
4323
3931
4437
4173
4478
4694
4400
4331
4153
4545
4295
4799
4248
4409
4018
4172
4287
4296
4037
4377
4448
4130
4846
4594
4299
4288
4108
3925
4302
4266
4179
4795
4298
4345
4340
4637
4306
4136
4222
4281
4521
4246
4621
4246
4470
4720
4425
4672
4639
4276
4746
4731
4259
4438
4111
4504
4174
4589
4362
4332
4275
4419
4248
4257
4521
3766
4303
4608
4536
4373
4342
4262
4636
4659
4462
4156
4161
4238
4187
4380
4793
4082
4403
4315
4582
4680
3815
4035
4398
4336
4278
4209
4576
4489
4283
4056
4436
4251
4428
4280
4289
4212
4386
4331
5177
4650
4439
4248
4413
4059
4476
4049
4148
4276
4367
4060
4207
4418
4324
4541
4754
4592
4377
4339
4127
4370
4176
4350
4556
4374
4220
4404
4382
4239
4459
4398
4101
4073
4518
4786
4507
4021
4084
4602
4534
4577
4487
4459
4670
4428
4320
4237
4804
4755
4346
4857
4539
4166
4499
4309
4141
4428
4185
4508
4327
4964
4363
4366
4165
4668
4165
3873
4115
4110
3890
3560
4128
4162
4077
4136
4062
4241
3952
3904
4092
3926
4261
4063
3916
4121
4263
3725
4384
3637
4229
3956
4103
4260
4388
4351
3898
3850
4150
4039
4176
4564
4256
4070
3927
4333
4220
4513
4083
4150
4055
3897
4043
4157
3844
4176
4356
3960
4292
4193
3841
4054
4026
3846
4083
3987
3872
4525
4012
4121
4030
4383
3776
3893
3999
3713
4213
3992
4473
4031
4361
4468
4127
4359
4150
4058
4187
4246
3926
4428
3978
4147
4229
4186
4112
4097
4120
3982
3935
4161
4041
3791
4277
4437
4534
4443
4104
4237
4264
4305
4114
3981
3583
4053
4086
4044
4225
3831
4087
4075
4244
4423
3871
3583
4155
4119
4151
3854
4309
4070
3963
4013
4106
4257
4591
4009
3989
3901
4055
4191
4740
4540
3997
3974
4309
3820
4029
3768
4151
3861
4064
3935
3986
3930
3917
4125
4649
4410
3965
3975
4018
3994
3792
4342
4275
3892
4123
4127
4298
3954
4254
4179
3883
3849
4357
4352
4115
3789
4162
4256
4404
4288
3984
4216
4231
4061
3955
4028
4141
4565
4243
4571
4163
3911
3889
4215
3950
4325
3681
4023
4152
4752
4170
4399
4037
4441
4282
3905
4592
3929
4111
4144
4042
4171
4277
4104
4070
4244
4214
4246
4087
4003
4371
3836
3982
4447
4379
4166
4518
3883
4427
3950
4208
4264
4402
4267
4422
3902
4437
4082
4307
4491
4304
4179
3909
4232
4446
4471
4412
4314
4004
3905
3991
4212
4047
4616
4178
4109
4629
4241
3992
4117
4102
3927
4175
4166
4022
4464
4235
4269
4309
4401
3853
4048
4085
3982
4315
3954
4130
4146
4264
4366
4172
4380
4341
4042
4361
4151
4242
4336
4040
4311
3860
4425
4050
4080
4131
3915
4074
4225
4434
3821
4371
4625
4534
4574
4363
4172
4444
4420
4060
4164
3925
4009
4416
4233
4514
3870
4117
4032
4441
4381
3881
3915
4324
4051
4093
4320
4333
4148
3972
4094
4319
4235
4573
4005
3833
4132
4424
4292
4821
4484
4082
4160
4342
4182
4279
3843
4219
4066
4171
4101
4020
4373
3957
4526
4458
4197
4368
4320
4001
4049
4054
4253
4440
3993
4164
4200
4222
3981
4311
4316
3814
3932
4221
4580
4130
3812
4211
4244
4384
4281
4148
4393
4400
4074
4327
4083
4725
4615
4227
4410
4424
3967
3943
4233
3799
4248
3919
4098
4246
4935
4506
4320
4304
3941
3746
3726
3882
3930
3754
3376
3819
3963
3852
3679
3698
3943
3694
3879
3777
3622
3839
3632
3437
3869
4140
3868
4228
3735
4152
3804
3832
3831
3906
4028
3741
3560
4089
3939
3876
4361
4186
3861
3887
4052
3820
4106
3500
4042
3746
3924
3848
3769
3546
3960
3914
3751
3968
3901
3740
3978
3612
3505
3944
3752
3727
4104
3489
3888
3969
3680
3709
3625
3814
3621
4125
3774
3946
3668
3755
4145
3707
4217
4265
3839
4067
4063
3559
3974
3689
3873
3764
3978
4018
3749
3776
3912
3658
3600
3829
3555
3977
4108
4300
4093
3997
3941
3977
4234
3902
3613
3576
3758
3740
3627
4037
3260
3996
3825
3980
4002
3440
3233
3971
3866
3701
3692
4047
3780
3663
3672
3949
3870
4003
3909
3635
3750
3948
3926
4413
4104
3880
3471
4044
3859
3988
3670
3966
3887
3779
3674
3836
3871
3726
3992
4204
3854
3664
3868
3651
3673
3620
3885
3997
4041
4064
3955
3797
3862
3992
3800
3740
3673
4006
4024
4090
3485
3679
4100
3977
3892
3798
3990
4311
3758
3685
3735
4309
4349
4045
4040
4027
3672
3713
3969
3663
3918
3904
4020
3645
4317
4066
3948
3934
4536
4346
4180
4285
4313
4249
3955
4528
4347
4203
4253
4293
4306
4006
3994
4083
3940
4203
4034
3922
4342
4512
4080
4495
4011
4604
3964
4213
4452
4294
4291
4182
3909
4504
3999
4271
4385
4233
4171
4048
4353
4452
4586
4311
4378
4163
4273
4348
4193
3910
4461
4296
4134
4459
4345
3953
4435
3945
3832
3980
4188
4040
4618
4206
4460
4048
4436
4089
4036
4038
3911
4587
4012
4601
4011
4484
4642
4191
4509
4591
4181
4506
4058
4112
4664
4109
4365
4098
4354
4388
3999
4161
4302
4138
3983
4110
3771
4210
4717
4579
4217
4236
4372
4449
4339
4204
4218
3897
3970
4345
4196
4747
4063
4372
4031
4615
4536
3947
4083
4442
4103
4163
4253
4457
4285
4062
4112
4440
4121
4369
4083
4082
4018
4243
3929
5039
4571
4182
4049
4358
3938
4221
4015
4321
4291
4250
3929
3924
4210
4099
4303
4735
4549
4232
4267
4203
4115
3835
4565
4561
4008
4085
4099
4299
4293
4532
4043
3881
4014
4498
4687
4211
3796
4253
4374
4385
4486
4398
4459
4561
4261
3984
4017
4466
4669
4393
4456
4427
3981
4346
4351
3938
4385
4231
4262
4246
4809
4286
4569
4181
4161
4200
3843
3848
3924
3972
3648
4266
3997
4015
4025
3755
4167
4019
3957
3881
3799
4336
3839
3768
4175
4111
3698
4142
3721
4259
4000
4011
4318
4179
3976
4123
4032
4269
4108
4286
4524
4028
3894
3986
4072
4097
4546
3880
4071
3934
4105
3978
4134
3718
4182
4076
3837
4352
4000
3914
3988
3782
3541
3827
4148
4021
4639
3845
4142
3893
4089
3599
3890
3620
3909
4219
3953
4058
4113
3941
4321
4017
3981
4235
3962
4182
4109
3600
4134
3637
4067
3834
4112
3997
4063
3923
3799
3879
3900
3947
3632
4043
4232
4330
3967
3986
4209
4444
4132
4149
4002
3763
3991
4151
3981
4359
3810
4033
3897
3986
4214
3790
3624
4312
4208
3872
3802
3976
4198
3999
3935
4125
4024
4195
4168
3885
3876
4271
4105
4516
4326
3755
3709
4079
3833
4204
3627
3906
4145
4019
3856
4023
4103
3931
4261
4348
4381
3884
3984
3748
3954
3682
4299
3951
3873
4009
4154
4067
3848
4056
3981
3840
3931
4088
4345
4144
3670
4309
4039
4179
4149
4053
4143
4074
4011
3787
3829
4305
4511
4090
4143
3874
3907
4097
4220
4031
4052
3755
3791
3934
4495
4243
4158
3929
4392
3953
3906
3998
4013
3841
3583
4113
4014
4042
4261
3689
4153
4097
4000
3848
3968
4411
3695
3936
3899
4383
3981
4297
3766
4424
4082
4051
4242
4115
4288
3995
3770
4302
3788
4274
4128
4141
4090
3892
4032
4499
4205
4066
4091
3880
4197
3936
4290
3817
4273
3868
3888
4099
4123
4083
4157
4082
3999
3924
4213
4020
4603
4155
4092
4130
4002
3910
3765
4051
3822
4177
3909
4272
4263
4247
4186
3956
4211
4389
4082
4210
4315
3982
4195
4085
4144
3859
4116
4176
3897
4078
3777
3981
4176
3977
3590
4180
4449
4396
4093
4155
4197
4351
4235
4151
4243
3698
3907
4211
4019
4414
3865
4057
4101
4383
4386
3762
3910
4283
4042
3990
4031
4196
4135
3828
4016
4272
4350
4463
3937
3932
3796
4050
3808
4593
4233
4009
3914
4158
3806
4052
3856
4162
4375
3997
3876
4027
3995
3970
4162
4323
4061
3919
4100
4001
3862
3968
4158
4278
3992
4150
4018
4092
4135
4466
3928
4109
3727
4247
4427
4219
3690
4082
4011
4166
4114
4319
4157
4164
4373
3842
3870
4346
4400
4088
4441
4269
3808
4060
4035
4026
4146
4122
4047
3865
4655
4365
4402
3844
4804
4404
4035
4292
4172
4234
3812
4229
4323
4107
4235
4014
4443
4318
4313
4167
4192
4421
4066
3891
4429
4653
4245
4484
4089
4650
4230
4384
4375
4509
4354
4342
3957
4679
4003
4395
4576
4421
4415
4158
4352
4480
4758
4134
4106
4246
4346
4441
4242
3952
4518
4321
4093
4620
4388
4171
4335
4322
3872
4047
4248
4130
4716
4170
4495
3996
4630
4241
4192
4264
4098
4523
3895
4524
4340
4540
4562
4181
4542
4642
4100
4549
4404
4171
4529
3991
4464
4193
4526
4247
4420
4120
4129
4036
4463
4319
3578
4301
4969
4662
4675
4253
4307
4573
4447
4368
4377
4059
4170
4252
4257
4436
4186
4261
4280
4708
4625
4108
4265
4347
4294
4179
4195
4445
4358
4142
4036
4428
4225
4792
4081
4113
4218
4293
4212
4795
4483
4173
4359
4524
4138
4179
3898
4199
4198
4115
4024
4128
4169
4193
4323
4719
4516
4465
4431
4170
4183
3881
4577
4697
4212
4461
4510
4358
4203
4477
4389
4035
3762
4375
4488
4277
3951
4187
4547
4375
4507
4380
4175
4385
4185
4091
4147
4739
4866
4537
4465
4443
4119
4211
4373
3880
4345
4325
4392
4156
4869
4344
4563
4415
4250
4026
3858
3957
3801
3799
3520
3950
4068
3999
3744
3676
4157
3835
4084
3988
3534
4057
3773
3610
4217
4127
3838
4342
3726
4198
3781
3832
4078
4358
4149
3771
3842
4133
4018
4254
4286
3833
3861
3782
3907
4162
4207
3827
3748
3920
3945
3878
4152
3605
4155
3800
3819
3921
3989
3724
3993
3584
3720
3649
3755
3868
4333
3671
4108
4099
3971
3633
3911
3731
3729
3996
3684
4126
3810
4121
4167
3798
4024
4272
3975
4105
4135
3719
3989
3646
4143
3759
4153
3745
3804
3893
3859
3686
3790
4017
3600
3911
4263
4287
4035
4295
4198
4032
3987
4248
3968
3664
3626
3890
3998
4192
3444
4094
3812
4100
4017
3912
3564
3956
4010
3860
3779
4095
3876
3720
3768
3969
3957
4192
3819
3805
3792
3995
3845
4449
4122
3952
3796
4159
3796
3962
3642
3791
3854
3809
3620
3897
3954
3895
4181
4286
4109
3951
3965
3864
4078
3639
4145
4236
3883
4065
3946
4124
3928
3867
3833
3879
3671
4022
4259
4066
3720
3845
3987
4022
3997
3970
4062
4141
3793
3681
3955
4364
4220
3957
4251
3974
3608
3832
4043
3819
4220
3835
3891
3789
4441
3994
4338
4006
4300
4070
3825
3835
3891
3841
3558
4303
3941
3862
4089
3984
4228
4127
4053
3994
3868
4115
3817
3716
4122
4335
3833
4254
4015
4296
3800
3898
4106
4208
4360
4002
3566
4069
3799
4128
4155
4031
3879
3902
4108
4062
4254
4195
4083
3905
4064
4405
3819
3690
4357
3785
3779
4260
4085
3979
3899
3942
3795
3816
4002
3921
4260
3747
4370
3905
4226
3575
3810
3893
3820
4328
3891
4354
4194
3990
4098
3900
4239
4201
3791
4250
4266
4169
4162
3427
4090
3799
4214
3984
4032
3820
3655
3833
4084
4026
3559
4058
4663
4435
4426
4113
4167
4184
4457
3954
3977
3914
3932
4356
4145
4350
3768
4288
3937
4337
4273
3919
3729
4132
3970
3851
4108
4118
4014
3784
3930
4338
4033
3804
4206
3750
3749
4286
3828
4744
4217
3993
4037
4224
3547
4330
3777
4129
4158
3864
3803
3917
4164
4015
4028
4307
4045
3817
3974
3968
3844
3839
4377
4301
4056
3930
3767
4082
3979
4258
3938
3610
3656
4361
4188
3819
3557
3963
4424
4047
4123
4168
4260
4271
4097
3750
3969
4425
4414
4118
4109
4200
3772
3820
4032
3794
4057
3928
3956
3946
4708
4155
4386
4072
4026
3798
3579
3581
3711
3729
3164
3717
3658
3637
3611
3442
4094
3532
3558
3854
3328
3716
3512
3416
4020
3704
3611
4130
3486
4092
3789
3500
3721
3803
3889
3360
3420
3953
3469
3641
3985
3763
3636
3458
3677
3780
4061
3786
3608
3532
3663
3524
3672
3457
3946
3584
3793
3895
3660
3609
3811
3595
3397
3552
3759
3625
4073
3762
3830
3630
3861
3487
3683
3613
3420
3951
3408
3932
3451
4012
3868
3595
3882
3790
3653
4005
3956
3348
3843
3186
4070
3533
4049
3755
3759
3600
3590
3441
3720
3710
3305
3813
3985
4048
3744
3886
3775
3972
3968
3816
3693
3456
3694
3813
3648
3937
3302
3835
3455
3912
3963
3333
3372
3899
3858
3751
3610
3806
3659
3464
3645
3643
3668
4191
3621
3711
3513
3578
3623
4185
4039
3765
3676
3819
3621
3901
3745
3726
3923
3707
3551
3630
3705
3723
3871
4100
3917
3878
3610
3435
3803
3211
4013
3998
3724
3690
3829
3631
3825
3792
3682
3585
3396
3925
3882
3687
3508
3650
3959
3742
3911
3892
3863
3976
3792
3384
3687
4162
4254
3950
3981
3751
3517
3745
3868
3572
3902
3716
3724
3631
4253
3654
3977
3779
4675
4516
4367
4204
4124
4225
3870
4290
4275
4289
4413
4125
4562
4193
4393
4230
4056
4310
4025
4141
4238
4507
4130
4613
4134
4617
4080
4238
4334
4513
4588
4194
4121
4669
3935
4430
4663
4188
4217
4335
4254
4369
4743
4190
4422
4270
4336
4381
4284
3909
4802
4247
4227
4611
4284
4309
4435
3972
3977
4199
4306
4235
4960
4228
4533
4226
4353
3801
4207
4148
3938
4334
4068
4665
4273
4329
4588
4109
4475
4592
4127
4628
4663
4050
4674
4108
4088
4123
4487
4410
4563
4413
4015
4182
4229
4178
3857
4355
4856
4463
4498
4670
4656
4445
4491
4201
4446
4262
4075
4542
4345
4632
3951
4565
4163
4718
4675
4133
3853
4451
4294
4372
4143
4379
4307
3972
4371
4525
4431
4424
4293
4115
4271
4377
4127
4956
4480
4189
4053
4476
4034
4405
3996
4606
4411
4446
4035
4268
4394
4133
4385
4734
4426
4411
4164
4105
4399
3866
4580
4355
4201
4398
4525
4217
4170
4506
4020
3946
4133
4403
4565
4234
3962
4225
4564
4622
4537
4561
4433
4467
4397
4150
4237
4720
4762
4459
4463
4190
3816
4195
4444
4139
4472
4451
4352
4116
4868
4631
4626
4328
3936
3931
3827
4001
3846
3736
3532
3747
3854
3597
3698
3655
3956
3582
3600
3681
3665
3705
3532
3498
3754
4197
3589
3953
3605
4000
3794
3756
4012
3990
3759
3735
3351
4208
3693
4095
4043
3914
3728
3663
3980
4014
4063
3643
3923
3813
3623
3849
3704
3819
4202
3668
3505
4106
3826
3714
3650
3632
3605
3523
3717
3647
4003
3641
3970
3893
3840
3301
3548
3845
3696
3921
3712
3970
3721
3898
4231
3818
4002
3978
3623
3859
3809
3756
3926
3459
3829
3695
3984
3702
3733
3641
3580
3649
3951
3739
3482
3652
4245
4096
4032
4054
3985
4218
3963
3737
3758
3468
3645
3862
3612
4111
3386
3738
3705
3985
4009
3312
3357
4043
4041
3589
3502
3811
3895
3403
3955
3901
3931
3939
3728
3572
3682
3939
3763
4316
4242
3769
3712
3865
3525
3714
3457
3973
3938
3625
3608
3754
3831
3714
3817
4175
4019
3561
3604
3694
3629
3255
4105
4070
3594
3888
3777
3918
3882
3924
3685
3623
3360
3796
4081
3753
3456
3783
3981
3973
4078
4059
3724
3815
3761
3542
3581
4095
3846
3989
3997
3627
3583
3572
4044
3693
3993
3960
3992
3845
4377
3970
4139
3805
3788
3685
3418
3640
3558
3530
3152
3672
3513
3743
3879
3406
3758
3506
3158
3556
3367
3736
3422
3257
3766
3703
3429
3866
3273
3715
3428
3497
3635
3358
3638
3196
3288
3633
3324
3467
3864
3543
3522
3318
3460
3709
3865
3524
3677
3197
3496
3655
3446
3417
3857
3330
3357
3769
3550
3482
3541
3570
3317
3531
3498
3414
3816
3578
3818
3446
3800
3312
3262
3241
3361
3845
3458
3759
3600
3650
3806
3300
3726
3634
3596
3619
3539
3357
3669
3304
3824
3327
3763
3486
3598
3579
3531
3394
3544
3451
3290
3637
3894
3832
3693
3698
3780
3739
3663
3619
3476
3171
3535
3722
3732
3976
3240
3762
3395
3695
3726
3184
3263
3764
3509
3504
3539
3718
3677
3488
3485
3775
3344
3564
3737
3215
3339
3573
3626
4169
3890
3511
3313
3750
3408
3640
3460
3777
3737
3313
3122
3527
3376
3431
3732
3897
3609
3540
3515
3596
3308
3172
3680
3659
3403
3714
3404
3624
3664
3847
3362
3355
3104
3675
3771
3434
3080
3702
3754
3881
3722
3709
3764
3655
3521
3404
3609
3830
3746
3639
3760
3512
3304
3380
3591
3590
3688
3296
3424
3489
3952
3736
3981
3705
4281
4346
4088
4194
4248
4255
3875
4272
4319
4209
4402
3914
4384
4362
4313
4310
4066
4387
4041
3988
4137
4725
4315
4449
3983
4315
4087
4194
4426
4591
4247
4210
3990
4626
4250
4341
4458
4175
4317
4058
4169
4272
4573
4233
4234
4064
4321
4374
4132
3984
4417
4181
4200
4664
4531
4204
4347
4281
3925
4088
4268
4120
4442
4222
4465
4336
4340
4022
3738
4074
3967
4363
4227
4394
4220
4299
4447
4060
4584
4640
4063
4598
4443
4154
4488
4221
4498
4139
4498
4368
4485
4409
4414
4237
4216
4298
3703
4281
4858
4689
4267
4507
4556
4635
4628
4604
4206
3973
4165
4322
4454
4529
3903
4268
4236
4456
4439
3972
3937
4410
4387
4269
4340
4442
4307
4094
4134
4184
4214
4484
4128
3975
4221
4447
4198
4837
4496
4188
4051
4424
4153
4207
4005
4173
4398
4247
4097
4300
4221
4315
4268
4456
4483
4355
4271
4218
4183
3776
4494
4582
4035
4515
4173
4479
4317
4338
4212
4024
4003
4281
4640
4451
3992
4383
4492
4341
4347
4654
4365
4297
4210
4216
4159
4734
4476
4506
4587
4642
4144
4242
4443
4180
4394
4216
4420
4224
4778
4333
4535
4451
tempo: 0.012288