200 200
4070
4035
3805
3956
3909
3717
3383
4055
3783
3890
3891
3836
4301
3842
3789
3891
3605
3966
3620
3668
4208
4109
3716
4283
3710
4160
3729
3626
3889
3801
4027
3720
3410
3934
3742
3799
4386
3960
3652
3812
3800
3964
4173
3768
3785
3732
3747
3971
3793
3709
4237
3771
3687
4209
3753
3844
3798
3878
3757
3716
3804
3759
4433
3618
4232
3892
4083
3533
3859
3590
3779
4198
3847
4278
4070
4114
4029
3774
4032
4185
3793
4302
3884
3753
4070
3445
4022
3793
4089
3902
3961
3904
3711
3648
3659
3871
3522
3871
4276
4247
4390
3960
4042
4055
3951
3768
3899
3793
3780
4171
3976
4376
3471
4016
3985
4225
4076
3711
3587
3816
4083
3976
3812
3873
3962
3722
4010
4203
3811
4178
3963
3727
3528
4077
4066
4609
4118
4096
3785
3933
3489
3988
3751
3972
3885
3867
3674
3584
4033
4059
4109
4217
3949
4012
3760
3810
3767
3340
3995
4019
3971
3639
3868
4134
3747
3943
3835
3612
3544
3976
3985
3711
3608
3936
4233
4202
4210
4046
3954
4109
3854
3869
3774
4251
4417
3833
4157
3835
3769
3874
3809
3790
3961
3867
3939
3478
4349
3952
4055
3938
4319
4331
3911
4032
4257
4063
3587
4053
3991
3950
4379
3930
4257
4278
3935
3983
3772
4146
3862
3593
4155
4460
3799
4249
3963
4365
3854
4041
4120
3988
3967
3790
3618
4269
4039
4089
4187
4205
3949
4139
4227
4122
4338
3983
4196
3756
4158
4275
4310
3929
4354
4179
3965
4390
4171
4058
4269
4153
3762
4020
4099
3852
4458
4030
4255
3793
4350
3718
3733
3912
3721
4198
3970
4262
4226
4036
4174
3990
4184
4384
3834
4220
4091
4096
4142
3840
4370
3837
4207
4172
3924
4161
3923
3938
4032
4071
3619
4044
4529
4251
4202
4133
4083
4422
4136
4348
3918
3667
3829
4235
4098
4324
3747
4159
3812
4172
4269
3908
3892
4274
4131
4014
4050
4292
4065
3867
3892
4319
4127
4237
4277
3771
3929
4296
4183
4620
4367
4038
4038
4089
3889
4160
3723
4052
4158
3833
3782
3943
4124
4270
4358
4506
4240
4085
4084
3980
3808
3657
4199
4038
3899
3971
4131
4534
4046
4089
4197
3721
3700
4138
4251
4376
3461
4061
4178
4251
4258
4046
4206
4121
4031
4165
4102
4234
4146
4003
4235
4107
3929
4100
4064
3963
4165
3827
4050
4145
4396
4168
4400
4012
4330
4256
3840
4256
3890
4152
3829
4132
3894
4044
4070
3966
4375
3988
3924
3778
3829
4001
4019
3844
4188
4296
4014
4153
3835
4385
4172
3921
4293
3988
4142
4138
3885
4416
4120
4117
4469
4108
4093
4037
4326
4115
4492
3962
4202
3949
4060
4093
4181
3774
4444
3941
3945
4278
4230
4111
4068
4195
3754
4086
4249
4140
4532
3893
4201
4073
4029
3840
4116
3873
3773
4536
3956
4285
3936
4357
4380
3929
4253
4249
4016
4110
4118
3927
4074
3860
4093
3848
4447
3946
4196
3937
4034
3667
4216
4231
3610
4013
4388
4293
4145
4118
4291
4478
4405
4319
4185
3827
3968
4170
3959
4467
3527
4143
3893
4130
4207
3656
3713
4163
4224
4055
3930
4103
4170
3857
3898
4225
4127
4312
4225
3796
4008
4209
4222
4560
4618
4049
3915
4473
3742
4030
3961
4180
4269
4003
4016
4033
3933
4151
4385
4465
4179
4151
4104
3917
4002
3577
4372
3991
4080
4128
4310
4043
4078
4216
4035
3921
3971
4182
4548
4184
3771
4244
4388
4295
4233
4540
4109
4239
4234
3940
4196
4451
4383
4165
4472
4142
4100
4144
4406
4017
4124
4033
4024
4022
4622
4390
4355
4030
4203
3941
3792
3719
3988
3892
3372
4017
3883
3711
3793
3780
4180
4086
3827
3808
3685
4213
3741
3715
4059
4219
3870
3956
3696
4072
3697
3878
4024
4086
4017
3694
3402
3939
3614
3779
4338
3924
3970
3689
3845
3881
3880
3674
4085
3861
3862
3954
3857
3667
4203
3728
3690
4086
3767
3619
3905
3858
3625
3836
3792
3597
4456
3646
4073
3691
3890
3775
3906
3448
3475
4225
3550
3982
3861
3659
3960
3540
4128
4107
3808
3978
3961
3578
3717
3525
4070
3433
4251
3950
4094
3755
3661
3515
4001
3882
3596
4093
4243
4095
4111
3803
3784
4346
3964
4020
3619
3561
3753
3800
3837
4266
3421
4270
3669
3983
4057
3477
3724
4112
4108
3737
3727
3908
3964
3578
3659
3873
3800
4078
4030
3645
3660
4014
3931
4619
4047
3821
3800
4108
3825
4019
3574
3950
3947
3819
3828
3779
3791
3943
3901
4152
4080
4193
3525
3876
3603
3538
4174
4029
4258
4159
4080
4148
3816
4020
3669
3467
3440
3945
4097
4063
3583
3757
4057
4217
4084
4176
3948
3831
3769
3710
3740
4004
4302
3991
4124
3741
3639
3695
3792
3776
3922
3685
3819
3813
4520
4229
4206
3832
4159
4249
3958
3998
4011
3835
3609
4255
4002
4067
4065
3871
3970
3981
3777
3881
4028
4056
3804
3718
4106
4235
3965
4208
4082
4337
3777
4160
4137
4218
4182
3936
3722
4240
4059
4077
4520
4181
3926
4020
4112
4134
4460
3803
4026
3869
3874
4179
4234
3850
4138
3848
3893
4333
3993
4185
4137
4018
3924
4206
3991
3905
4369
3913
4268
3962
4254
4004
3853
4068
4058
4286
4059
4226
4039
3945
4363
3785
4372
4292
4183
4362
3874
3806
3988
3691
3987
3860
4097
3988
3872
3885
4056
3730
3953
4115
3619
4133
4522
4544
4250
4001
4047
4407
4250
4317
3852
3774
4080
4146
4043
4381
3650
4255
3806
4222
4432
3972
3741
3978
4254
3823
3885
4061
3950
3875
3718
4292
4181
4422
4159
3849
3830
4260
4056
4675
4226
4065
3751
4284
3822
3998
3922
4249
4194
3881
3897
3963
4060
4120
4117
4350
4043
4156
3829
3833
3889
3527
4184
4209
3875
4177
4071
4095
4188
4182
3970
3949
3759
4229
4281
4163
3691
4037
4294
3969
4020
4295
4302
4436
3865
3903
3745
4464
4542
4192
4289
4215
4064
3927
4154
3798
4208
4035
4002
4097
4595
4144
4417
3837
4183
4392
4035
3942
4121
4297
3730
4163
4063
4024
4062
3772
4054
4084
4130
3957
4088
4208
3980
3885
4244
4310
4023
4310
3860
4327
3932
4186
4313
4165
4099
3519
3797
4291
3927
4024
4500
4202
4258
3824
4006
4343
4439
3923
4175
3967
4330
4187
4128
3967
4363
3999
3986
4165
4149
4183
4108
4029
3816
3987
4069
3956
4534
4169
4242
3917
4338
3881
3952
4180
3709
4184
3831
4260
4252
4136
4408
3931
4273
4247
3844
4555
4208
3840
4132
3715
4201
3949
4255
4105
4244
4221
3912
3954
4004
4122
3844
4173
4505
4397
4249
4203
4198
4462
4144
4180
4235
3654
4032
4363
4179
4410
3794
4217
3920
4287
4517
3917
3902
4147
4399
3918
3945
4279
4280
3847
3970
4100
4194
4129
4065
3743
3952
4074
4259
4478
4387
3971
3957
4406
3937
4021
3660
4116
4116
4231
3767
4050
4014
3843
4433
4341
4414
4091
4016
3918
4113
3848
4105
4062
4215
4117
4276
4327
3966
4317
4022
4039
3717
4547
4388
4264
3691
4206
4272
4307
4265
4234
4187
4367
3963
4030
4161
4304
4345
4056
4260
4302
3815
4213
4116
3848
4127
3954
4040
4008
4427
4464
4230
4124
4530
4257
4068
4420
4048
3915
4001
4160
4044
4084
4191
3847
4270
4074
3965
4303
3920
4217
3849
3952
4395
4322
3892
4277
3997
4482
3732
4238
4293
4158
4356
4093
3753
4513
4099
4203
4274
4060
4137
4205
4153
4232
4515
3910
3882
3874
4199
4154
4279
3690
4568
4106
4160
4324
4312
4105
4079
3937
3966
4031
4237
3950
4699
3748
4307
4166
4154
3976
3921
4020
4009
4080
4223
4292
3912
4247
4279
4048
4422
4260
4186
4253
4247
3913
4405
3810
4097
3851
4341
4183
4077
4214
3716
4016
4183
4242
3789
3996
4583
4765
4147
4220
4353
4499
4568
4330
4040
3791
4061
4195
4266
4398
3673
4233
3936
4308
4340
3715
3706
4367
4210
4130
4164
4183
3971
4050
3847
4237
4085
4390
4087
3952
4056
4119
3950
4822
4283
4119
3962
4412
4126
4132
3879
4177
4243
3974
3976
3927
4170
3919
4116
4676
4136
4004
4175
4173
4237
3776
4307
4361
4027
4302
4178
4133
4126
4300
4170
3858
4164
4173
4214
4299
3819
3823
4086
4372
4225
4156
4344
4246
4272
3937
4028
4517
4590
4433
4536
4211
3936
4109
4244
4201
4170
4234
4124
4378
4410
4336
4500
3799
4088
4259
3749
4012
3878
3788
3663
4101
4052
3749
4097
3773
4044
3847
3705
3837
3793
4009
3791
3602
4333
4293
3870
4158
3761
4080
3813
3835
3893
3882
3958
3811
3609
4095
3720
4062
4458
4050
3950
3949
4021
3998
4258
3867
3858
3810
3815
4004
3796
3630
4255
3963
3950
4149
4036
3842
3991
3919
3688
3730
3905
3892
4033
3926
4003
4004
4219
3630
3789
3711
3671
3913
3900
4161
3794
3923
4111
4050
4112
4154
3865
4163
4063
3623
4113
3574
4277
3810
4280
3863
3986
3895
4032
3668
3864
4193
3447
3983
4203
4036
3997
4023
4193
4261
4220
3873
4010
3571
3798
3989
3815
4275
3782
4184
3831
4016
4082
3717
3555
4092
4032
3805
3906
4228
3898
3987
3955
4137
3899
4066
3994
3802
3581
4115
4145
4327
4436
3832
3670
4184
3950
3964
3649
3849
3861
3978
3864
3960
3847
3884
4205
4186
4063
3799
4152
3851
3884
3591
4164
4211
3878
3877
4128
4157
3732
3979
4100
3744
3567
4025
4156
3975
3575
4103
3835
4384
4118
3784
3817
3896
3716
3993
3880
4241
4119
4071
4095
3914
3834
3713
3774
3739
4112
3856
4197
3649
4455
4193
4062
3725
4469
4360
4142
4317
3994
4084
3806
4384
4191
4063
4213
4189
4304
4147
4082
4202
3956
4353
4104
4034
4425
4447
4044
4367
4176
4482
3909
4139
4413
4513
4370
4169
4057
4533
4060
4287
4613
4343
4269
3910
4164
4124
4409
4240
4345
3965
4119
4183
4331
4026
4544
4201
4142
4464
3934
4173
4287
4028
3844
4324
4065
3969
4663
3967
4345
4084
4246
3903
4180
4038
3684
4218
3884
4341
4078
4243
4587
4204
4379
4406
4166
4410
4436
4142
4541
3978
4324
4035
4562
3958
4326
4083
4106
4031
4297
4156
3891
4488
4541
4487
4195
4289
4373
4361
4306
4282
4384
3701
4102
4395
3948
4531
3721
4257
3999
4132
4549
3723
3865
4376
4384
4032
4140
4510
4239
4091
3921
4309
4298
4462
4344
3949
4309
4289
4457
4788
4838
3942
3939
4481
4020
4138
3926
4308
4162
4157
3742
4180
4277
4013
4571
4420
4344
4170
4139
3947
4154
3927
4444
4539
4218
4388
4232
4397
4093
4193
4158
3881
3955
4258
4783
4169
4139
4064
4515
4418
4456
4029
4388
4327
4173
4139
4221
4675
4587
4344
4464
4347
4232
4367
4370
3993
4482
4336
4201
3990
4691
4496
4333
4022
3951
4175
3787
3649
3678
3615
3486
3929
3651
3615
3911
3614
3829
3732
3783
3743
3776
3922
3564
3720
3897
4096
3661
3865
3509
4070
3583
3804
3962
4098
3975
3720
3665
3982
3709
3956
4106
3760
3830
3924
3925
4002
4216
3846
3885
3505
3797
3987
3978
3544
4092
3847
3642
3936
3653
3750
3740
3871
3617
3668
3929
3738
4239
3522
3768
3553
4028
3559
3779
3917
3642
3969
3607
3913
3550
3702
4283
3814
3862
3986
3632
3913
3996
3581
3952
3436
3716
3823
3916
3903
3794
3669
3667
3928
4029
3877
3287
3726
4029
4237
3942
3743
3811
4118
4080
3902
3859
3399
3673
3821
3806
3932
3402
3643
3748
3960
4111
3442
3486
3857
3866
3913
3793
3946
3706
3534
3648
3985
4031
4122
3776
3492
3668
4014
3739
4397
4027
3742
3601
3889
3434
3928
3495
3907
3852
3819
3595
3681
3947
3632
3903
4147
4000
3726
3803
3598
3890
3427
3846
4029
3653
3990
3846
3670
3849
3938
3764
3647
3738
3977
4188
3909
3504
3723
3958
3891
3861
3551
3905
3865
3808
3635
3640
4005
4250
3970
3891
3790
3733
3745
3875
3593
4028
3658
3588
3855
4268
4116
4084
3651
4004
3993
3580
3728
3803
3580
3515
3986
4023
3695
3916
3665
3864
3741
3800
3746
3464
3772
3728
3468
4036
3965
3632
3976
3741
4107
3693
3752
3954
3928
3775
3737
3278
3971
3719
3841
4091
3758
3768
3663
3873
3666
4226
3652
3693
3829
3778
3773
3616
3450
3938
3824
3746
4123
4006
3784
3760
3856
3456
3686
3754
3548
4152
3668
3855
3765
3929
3583
3556
3764
3590
3841
4052
4142
3722
3789
3814
3689
3899
4047
3838
4097
4208
3755
3817
3581
3822
3704
3987
3743
3713
3843
3848
3458
3839
3973
3510
3979
4206
4048
4024
4047
3860
4410
4015
3944
3765
3589
3843
3798
3785
4018
3619
3842
3814
3936
4033
3731
3430
3933
3885
3861
3685
3981
3886
3699
3674
4006
3778
3918
3899
3829
3630
4046
3846
4534
4074
3746
3683
4048
3783
3688
3675
3734
3923
3707
3762
3809
3628
3738
4021
4122
3907
3762
3826
3605
3864
3493
3943
4057
3660
3841
3968
4043
3668
3721
3846
3510
3656
3923
4092
3960
3608
3904
3988
3976
3729
4100
3988
3979
3798
3585
3700
4244
3969
3958
4191
4111
3759
3557
3754
3729
4039
3775
3927
3867
4436
3730
3910
3803
4448
4117
3885
3754
3867
3917
3568
4007
3737
3923
4100
3678
4266
4111
3841
3891
3683
4248
3866
3621
3981
4284
3887
4229
3687
4362
3659
3717
4071
3959
4193
3709
3651
4231
3823
3995
4159
4034
3871
3789
4118
4309
4264
4094
4084
3660
4051
3886
3856
3579
4198
4038
3866
4018
3918
3805
4182
3989
3727
3722
4026
3942
4511
3894
4171
3888
3977
3930
3824
3854
3609
4089
3820
4362
3919
3841
4321
3881
4169
4250
3869
4173
4075
3737
4288
3810
4078
3907
4315
4180
4221
4134
3813
3877
4079
3828
3630
4173
4466
4413
4252
3845
4189
4247
4194
4240
3956
3573
3827
4151
3946
4312
3571
4101
3960
4290
4284
3690
3559
4219
4115
4067
3964
4124
4049
3720
3879
4154
3792
4206
3985
3821
3690
4072
4127
4317
4316
3900
3882
4146
3849
4032
3814
4168
4164
4114
3999
3899
4037
3824
4178
4198
4056
3978
4057
3724
4151
3582
3900
4306
4129
4162
4240
3999
4106
4261
3770
3643
3682
4182
4184
4106
3763
3919
4089
4348
4135
3815
4079
4180
4084
3812
3940
4254
4548
3724
4144
4095
3827
3915
3778
3672
4286
3989
3789
3959
4718
4150
4428
3996
4083
4123
3612
3848
3864
3807
3429
3931
3948
3984
4033
3837
4095
3885
3814
4079
3685
4060
3598
3619
4374
3937
3795
4096
3839
4215
3603
3828
4037
4062
3988
3770
3417
3939
3801
4082
4378
3949
3886
3912
3863
4065
4291
3829
3704
3942
3809
3972
3668
3704
4110
3892
3916
4121
3824
3864
3914
3725
3745
3833
3795
3948
4213
3689
4003
3710
4023
3528
3919
3574
3661
3896
3607
4036
3853
3997
4111
4124
4032
4080
3875
4142
4098
3696
4028
3574
4147
3657
3967
3923
4019
4033
3577
3752
3719
4173
3651
3891
4328
4368
4196
4113
4255
4066
3959
4136
3977
3567
3797
3873
3933
4227
3543
4191
3825
3993
4397
3749
3644
4082
4294
3809
3615
4090
3877
3568
3761
4191
4019
4083
3966
3619
3670
4025
3981
4573
4064
3859
3859
3958
3706
3649
3577
3946
4110
3677
3653
3874
3953
3907
4066
4003
4117
3770
3992
3814
3925
3307
4058
4089
4063
3862
3918
4105
4006
3866
4015
3952
3628
4129
4262
3972
3586
3965
4169
4147
4075
4014
4142
3955
3929
3912
3752
4171
4183
3949
3959
4004
3633
3917
3777
3895
4180
3914
3965
3666
4498
4013
4310
3602
4550
4209
3900
4121
3977
3985
3985
4372
4356
4181
4414
4020
4505
4085
3996
4118
3807
4219
4045
3808
4324
4410
4155
4343
3939
4560
4127
4029
4263
4235
4081
4240
3861
4312
4058
4326
4578
4153
4204
4115
4232
4328
4518
4113
4203
4199
4202
4403
3988
3875
4347
4307
4209
4794
4452
4146
4376
4050
3992
4014
4099
3982
4621
4210
4442
4301
4327
3927
4049
4024
4050
4347
4244
4583
4088
4306
4610
4314
4136
4433
4202
4650
4194
4050
4330
3825
4468
3842
4393
4411
4145
4020
4307
3822
4149
4230
3902
4023
4450
4414
4513
4307
4326
4437
4463
4358
4166
4015
4049
4231
4348
4558
3800
4700
4233
4552
4391
3983
3895
4480
4344
4300
4076
4365
4322
3981
4185
4259
4175
4497
4032
4159
3949
4274
4120
4836
4494
4017
4125
4310
4169
4363
4002
4287
4414
4103
3947
4181
4142
4377
4274
4714
4211
4348
4216
4156
4171
3910
4288
4363
3946
4072
4455
4162
4256
4420
4230
4152
3995
4282
4267
4081
3858
4458
4457
4454
4397
4578
4394
4366
4339
4074
3983
4492
4452
4195
4661
4426
4146
4121
4141
3897
4503
4244
4314
3904
4900
4201
4502
4010
4406
4363
3983
4338
4173
4018
3767
4168
3963
4208
4422
4088
4570
4047
4115
3939
3895
4335
4141
3908
4160
4448
4072
4348
3910
4480
4165
4155
4170
4144
4421
4353
3880
4146
4073
4194
4504
4306
4158
4211
3992
4268
4740
4233
4301
4056
4236
3928
4158
3931
4356
4122
4036
4549
4397
4137
4338
4181
3893
4334
4435
4244
4860
4279
4274
4271
4327
3893
3937
4052
4052
4450
3988
4197
4266
4108
4436
4107
4172
4417
3770
4541
4337
3953
4325
4084
4373
3875
4343
4329
3996
4149
3914
3903
4174
4244
3643
4459
4717
4432
4408
4378
4594
4366
4210
4460
3952
4006
4075
4316
4046
4280
3784
4182
4150
4351
4371
4167
3992
4400
4172
4157
4186
4244
4279
4182
4058
4277
4190
4037
4341
3978
4296
4212
4051
4683
4575
4349
4045
4234
4218
4190
3944
4397
4165
4216
3903
4109
4233
4097
4232
4657
4368
4119
4184
4227
3946
3916
4559
4361
4093
4254
4466
4335
4077
4194
4180
3976
4142
4283
4534
4270
3847
4197
4275
4327
4277
4154
4494
4521
4146
4353
4058
4609
4573
4480
4387
4294
4269
4048
4321
4092
4363
4151
4365
3995
4602
4340
4213
4133
4111
4081
3897
3853
4041
3786
3704
3764
3831
3992
4162
3590
4106
3915
3699
3927
3685
4164
3670
3584
4097
4075
3767
4331
3660
4080
4008
4028
3984
3932
3982
3970
3913
4035
3730
4175
4150
3924
3760
3747
3778
3887
4254
3752
4024
3761
3760
3847
3809
3378
4162
3886
3926
4024
3969
3918
3697
3717
3590
3685
3828
3741
4180
3792
4049
3706
4034
3556
3626
3689
3752
4115
3786
4045
3972
3897
4104
3817
3810
4449
3840
4086
4037
3694
3996
3803
4028
3566
4017
3881
3802
3961
3890
3855
3810
3735
3343
4111
4328
4347
3716
4199
4066
4153
4103
3927
3676
3493
3744
3964
4041
4123
3844
4196
3776
4166
4218
3588
3626
3983
3990
3831
3665
4047
3907
3785
3766
4119
4002
4141
3994
3786
3627
4095
3788
4604
4090
4009
3815
4298
3828
3891
3661
3945
4192
3589
3589
3871
3881
3970
4058
4052
3948
3663
3942
3702
3879
3800
4207
4024
3787
3949
3876
3907
3838
4120
3915
3809
3516
3999
4206
4028
3481
4077
3860
3968
3967
3894
3946
4067
3950
3587
3755
4185
3976
3881
4021
3949
3724
3931
3934
3841
4112
3978
3991
3856
4383
4177
4248
3876
4088
3998
3845
3850
3910
3925
3408
3944
3798
3691
3829
3631
4208
3795
3689
3618
3619
3845
3822
3559
3953
4105
3498
4078
3618
4104
3695
3999
3890
3871
4025
3619
3761
3982
3568
4203
4296
3707
3871
3719
3794
3980
4092
3575
3891
3798
3620
3931
3684
3854
4321
3599
3693
4066
3804
3851
3937
3526
3682
3792
3876
3822
4119
3799
3998
3758
3967
3614
3641
3615
3527
3962
3551
4066
3721
3957
4102
3585
3898
4126
3717
4150
3904
3814
3854
3545
4041
3658
4020
3814
3843
3943
3742
3591
3893
3678
3499
3911
3988
3883
3917
3832
3853
4193
4059
3940
3684
3510
3774
3903
3748
4183
3296
3928
3670
3913
4015
3514
3594
3926
3908
3748
3733
3862
3911
3723
3790
3988
3846
4117
3898
3628
3722
3919
3897
4322
4134
3789
3724
4021
3601
3977
3650
3861
3933
3699
3666
3916
3912
3761
3876
4164
4096
3871
3901
3685
3840
3502
4162
4112
3990
3987
3976
3813
3970
4165
3865
3620
3429
3962
4084
3830
3470
3798
4029
4029
3943
3837
3898
4051
3961
3534
3471
4240
4190
3937
3992
3778
3700
3882
3749
3704
4177
3800
3531
3707
4423
4026
4125
3850
3840
3878
3479
3817
3421
3816
3283
3659
3673
3649
3825
3712
3929
3683
3473
3645
3389
3753
3432
3194
3673
3825
3519
3971
3455
3898
3410
3453
3776
3705
3835
3479
3316
3822
3494
3548
3981
3859
3729
3467
3886
3746
4027
3603
3592
3468
3552
3634
3525
3338
3851
3703
3615
3854
3785
3752
3669
3404
3335
3647
3733
3612
4033
3393
3831
3488
3647
3184
3421
3437
3398
3842
3477
3909
3775
3710
4110
3418
3753
4054
3557
3709
3662
3573
3808
3207
3781
3540
3823
3459
3656
3780
3426
3586
3601
3725
3207
3748
3944
3963
3748
3898
3735
3817
4016
3663
3596
3278
3311
3910
3825
3914
3343
3878
3529
3793
3952
3404
3255
3694
3890
3641
3769
3554
3679
3452
3442
3613
3865
3778
3854
3597
3361
3693
3641
4173
3895
3608
3599
3824
3419
3626
3371
3724
3825
3938
3463
3814
3672
3602
3793
3974
3705
3585
3648
3553
3438
3262
3838
3680
3713
3527
3780
3840
3572
3691
3736
3748
3490
3911
4017
3766
3435
3617
3768
3850
3728
3697
4018
3914
3605
3614
3668
3703
3939
3979
3947
3547
3508
3577
3600
3361
3861
3486
3899
3575
4070
4048
3803
3485
4570
4541
4079
4262
3942
4228
3468
4397
3915
4116
3905
4135
4468
4038
3942
4232
3918
4239
4046
3751
4350
4574
4059
4281
3870
4365
3806
4066
4189
4281
4140
4068
3729
4055
4061
4156
4582
4163
4152
4121
4050
4212
4756
4037
4055
3916
4286
4011
4009
3972
4501
4093
3858
4548
4424
4249
3885
4160
3728
4024
4040
4223
4331
3811
4215
3985
4217
3845
4126
3792
4150
4427
3963
4468
3920
4086
4574
4350
4161
4545
4184
4515
4359
3931
4062
3644
4313
4075
4452
3803
4277
4078
4033
3864
3857
4267
3803
4125
4615
4490
4326
4150
4597
4368
4629
4415
3886
3852
4006
4091
4248
4568
3762
4346
4018
4180
4308
3785
3769
4171
4368
3981
4053
4235
4142
3966
4165
4414
4209
4363
4029
4093
3849
4449
4414
4796
4294
4050
4220
4263
3984
4186
3791
4124
4179
4197
3743
4092
4015
4201
4265
4173
4315
4146
4083
4000
3833
3732
4265
4297
4142
4064
4202
4229
4342
4380
4312
4031
3859
4543
4566
4325
3804
4195
4312
4206
4208
4210
4375
4461
4211
3926
4155
4441
4508
4252
4261
4293
3718
4155
4206
3921
4370
3847
4114
3888
4634
4206
4356
3993
3999
4097
3670
3957
3772
3831
3413
3861
3841
3930
3939
3655
4077
4080
3747
3683
3735
4048
3624
3442
3964
4060
3627
3964
3618
4271
3674
3863
3745
3995
3813
3667
3711
3952
3670
3967
4194
4075
3911
3776
4169
4290
4237
3684
3771
3855
3815
4007
3675
3821
4055
3573
3940
4118
3829
3879
3895
3562
3419
3645
3743
3874
4235
3630
3891
3804
3801
3514
3602
3634
3864
3958
3777
3921
3865
3706
4220
3631
4013
3898
3628
4274
4036
3599
4022
3425
4148
3763
4049
3966
3833
3918
3679
3806
3989
3729
3551
4091
4076
4090
3903
4002
3966
4153
3932
3821
3958
3474
3931
4119
3781
4087
3425
3948
3642
4239
3905
3724
3491
4001
3899
3834
3759
4070
3746
3858
3805
4059
3921
4094
3998
3717
3808
3920
3870
4579
4166
3805
3803
4084
3638
3970
3792
3661
3828
3981
3471
3715
3889
3954
3865
4166
3975
4128
3752
3877
3796
3630
4220
4064
3793
3830
4086
3997
3843
3994
3984
3471
3643
4011
3868
3897
3426
3819
3998
3933
4019
3822
4017
4091
3718
3823
3855
4046
4204
4145
3980
3699
3896
3789
3790
3480
3698
3758
3716
3577
4185
4041
4263
3703
4396
4345
4188
4230
4035
4036
3977
4413
4088
4244
4153
3946
4121
4209
4269
4129
4107
4166
4040
3977
4412
4542
4281
4593
4040
4495
4196
4104
4428
4442
4371
4141
4059
4549
4036
4003
4288
3993
4354
4047
4124
4287
4753
4071
4304
3990
4498
4223
4047
3740
4464
4115
4101
4552
4300
4235
3994
4316
4107
3960
4205
4126
4704
3871
4393
4216
4308
3921
3931
3956
3779
4372
4219
4547
4243
4177
4391
4141
4192
4540
4116
4361
4547
4082
4343
3906
4231
4224
4700
4090
4305
4482
4084
4156
4326
4186
3982
4375
4870
4643
4282
4266
4552
4675
4508
4260
4341
3803
4212
4490
4445
4452
4116
4264
4126
4445
4574
3923
3835
4283
4162
4195
4145
4219
4311
3995
4081
4374
4309
4452
4242
4168
4035
4432
3993
4901
4616
4303
4084
4585
4093
4003
3943
4341
4305
4238
3988
4148
4362
4153
4540
4512
4451
4426
4230
4031
4326
3867
4436
4267
4072
4270
4239
4357
4149
4393
4223
3833
4097
4493
4431
4106
4191
3910
4356
4544
4380
4410
4041
4441
4434
4084
4393
4604
4316
4220
4632
4373
4174
4381
4149
3861
4392
4269
4275
4195
4506
4525
4513
4090
4331
4328
3642
4155
3972
3923
3721
4025
4023
3923
4081
3950
4206
3967
3795
3703
3887
4102
3925
3772
3992
4196
3792
4313
3776
4375
4019
4197
4103
3901
4090
3989
3860
4255
3702
3807
4116
3995
3924
3899
4059
4214
4181
3824
3946
3883
4039
3992
3942
3791
4276
3895
3815
4146
4122
3821
3820
4010
3738
3858
3967
3712
4467
4069
3967
3882
4022
3751
3866
3983
3741
4436
3890
4139
3974
4167
4389
3795
4060
4253
3999
4218
3949
3932
4059
3815
3978
3811
4076
4122
3719
3839
3745
3654
3905
4144
3568
4238
4270
4105
4225
4137
4190
4135
4147
3998
3961
3437
3856
4175
4101
4633
3588
4073
3802
4189
4040
3746
3808
3947
3927
4072
3952
4088
4076
3773
3512
4175
4200
4093
3956
3667
3838
4050
4008
4613
4069
4084
3650
4250
3874
4012
3664
4226
4279
3764
3713
3826
3905
3969
4132
4426
3980
4095
3899
3964
3778
3897
4149
4251
4129
3848
3892
3889
4019
4047
3942
3871
3832
4175
4110
3986
3776
4032
4069
4417
3922
4032
4280
4085
4058
3915
4191
4263
4364
3922
4102
4222
3922
4011
4048
3856
4114
3943
4104
3856
4535
4115
4283
3815
4186
3964
3826
4006
3838
3767
3636
3969
3713
3708
3890
3796
4202
3904
3842
3847
3641
4050
3814
3722
3951
4285
3833
4013
3774
4098
3869
3870
4141
4256
4166
3890
3598
4118
3867
3998
4156
3813
4072
3981
4131
3903
4008
3673
3871
3970
3950
3905
3985
3606
4209
3748
3631
4210
3867
3861
4225
3839
3604
3958
3903
3645
4336
3683
4103
4051
3997
3677
3652
3699
3603
4150
3896
4114
3886
4010
4096
3955
4076
4258
4000
4018
4217
3846
4089
3609
4029
3911
4224
4003
4073
3912
4001
3744
3919
3914
3556
3884
4404
4157
4175
4133
4147
4259
4077
4124
3861
3667
3791
4078
3896
4214
3518
4018
4022
4123
4017
3562
3601
4083
3995
3662
3822
4077
4151
3786
3839
4005
3886
4175
4046
3548
3809
4150
4188
4469
4279
3797
3910
4069
3740
3918
3653
4033
3887
3756
3762
3916
4044
3974
3950
4233
4158
3828
3930
3925
3857
3688
4139
4213
3873
4021
4105
4045
4051
3937
3947
3733
3682
3969
4250
3851
3604
3905
4190
4104
4262
3984
3949
3882
3926
3871
3965
4401
4209
4053
4291
4108
3812
3904
4029
3754
4341
3852
4093
3535
4413
3987
4125
3981
4616
4909
4435
4447
4525
4469
4151
4599
4696
4303
4664
4180
4740
4696
4421
4425
4255
4627
3966
4309
4423
4833
4260
4813
4008
4576
4434
4503
4540
4485
4686
4440
4378
4768
4435
4583
4626
4765
4428
4429
4575
4537
4934
4366
4540
4355
4393
4727
4507
4173
4778
4387
4143
4942
4637
4639
4353
4257
4004
4495
4444
4379
4751
4288
4589
4456
4501
4056
4260
4168
4249
4633
4373
4715
4415
4578
5024
4272
4569
4828
4402
4683
4529
4253
4587
4057
4427
4387
4934
4293
4338
4565
4112
4344
4371
4619
4046
4380
4752
4706
4734
4350
4487
4723
4718
4609
4335
4039
4385
4578
4648
4932
4010
4482
4407
4496
4634
4479
4252
4604
4676
4512
4449
4556
4401
4085
4438
4562
4634
4713
4456
4162
4481
4745
4506
5319
4857
4497
4233
4564
4301
4657
4032
4501
4533
4263
4242
4524
4639
4310
4684
4885
4723
4290
4326
4239
4443
3985
4696
4642
4334
4445
4394
4776
4263
4485
4627
4234
4289
4884
4866
4603
4057
4625
4730
4790
4640
4271
4710
4644
4336
4305
4258
4823
4634
4586
4777
4619
4490
4256
4476
4393
4709
4231
4627
4460
4856
4750
4938
4349
4301
4082
4117
3933
4012
4016
3794
4194
4038
4085
4195
3890
4362
3942
4337
3967
4157
4175
3961
3734
4264
4139
4030
4394
3825
4510
4119
4144
4053
4306
4297
3884
4130
4055
3849
4225
4300
3972
4226
3945
4112
4172
4672
4184
4283
4127
3992
4285
3802
3890
4326
3925
4018
4170
4203
4100
3976
3921
4022
3890
3976
3942
4554
3975
4218
4129
4207
3918
3759
4027
3905
4000
4046
4431
3956
4116
4247
4049
4146
4507
4010
4082
4328
4022
4388
3965
4382
3994
4227
4395
4387
4280
3859
3997
4023
4112
3935
4205
4442
4446
4401
4350
4386
4390
4382
4205
4111
3898
3961
4161
4068
4221
3800
4318
3958
4465
4266
3828
3759
4303
4041
4251
3959
4488
4052
3909
3990
4177
4288
4357
4214
3894
4014
3928
4055
4776
4109
3735
4114
4356
3823
4235
3961
4093
4321
4116
4052
4133
4158
3986
4409
4543
4387
4139
4136
4007
4171
4014
4065
4272
4230
4108
4158
4026
4295
4561
3970
3900
3885
4269
4331
4324
3925
4177
4352
4099
4094
4059
4210
4283
4019
4020
4121
4482
4329
4146
4444
4267
3906
4264
4028
3913
4372
4158
3946
3990
4775
4333
4506
4037
tempo: 0.013511