200 200
4172
4104
3945
4213
4042
3852
3577
4141
4059
3916
4164
3725
4321
3615
3812
4160
3672
4167
3764
3741
4070
4124
3980
4033
3869
4348
3683
3983
4103
4049
4307
3950
3978
4198
3629
4002
4227
3933
3931
3928
3831
4096
4258
4082
3990
3778
4027
3985
4106
3620
4257
3848
3729
4223
3859
3934
3774
4045
3524
3898
3974
3808
4491
3704
4101
3938
4006
3556
4041
3644
3919
4441
3787
4100
3852
4092
4192
3751
3956
4395
3819
4221
4270
3585
4016
3746
4014
3786
4099
3840
3893
3818
3650
3833
3858
4120
3427
4057
4422
4372
4249
4015
4096
4263
4138
4022
4032
3780
3882
4068
4118
4107
3707
3971
4025
4196
4171
3767
3752
4023
3932
3902
3895
3915
3912
3844
3837
4008
4253
4139
4121
3744
4077
4185
3956
4586
4317
3988
3767
4349
3797
3813
3533
4032
3873
3822
3439
3829
3856
3825
3939
4405
3804
4029
3846
4016
3959
3900
4278
4345
3815
4216
3989
3918
3861
3970
3764
3818
3771
4202
4173
3917
3542
3675
4294
4157
4044
3826
4034
4226
3925
3770
3938
4295
4307
4156
4045
3956
3744
3890
4037
3806
4263
3980
4054
3821
4272
4201
4332
4014
4571
4106
3784
3948
4165
4090
3634
4291
4195
4200
4121
4007
4363
3990
3937
4018
3830
3987
3814
3770
4394
4352
3958
4299
3842
4584
3579
3916
4297
4167
4212
4146
3774
4284
3753
4140
4283
3923
4129
4047
4105
4205
4509
3985
4055
3951
4093
4342
4044
3663
4188
4180
4136
4405
4296
4024
4251
4014
3969
3972
4177
3969
4664
4017
4222
4134
4142
3984
3850
3882
4040
4176
3888
4357
4034
4123
4288
3951
4263
4259
4128
4395
4253
3724
4332
3733
4180
3863
4519
4276
4115
3949
4053
3751
4196
4021
3532
4005
4454
4283
4171
4112
4326
4533
4533
4205
3964
3761
3807
4126
3980
4408
3660
4225
4197
4175
4166
3789
3804
4374
4177
4011
4092
4187
4100
3833
4005
4053
4166
4429
4109
3824
3859
4124
4167
4603
4309
3953
4088
4010
3814
4099
4030
3997
4375
4143
3998
4145
3997
4144
3896
4470
4298
4167
4063
4007
3907
3656
4484
4111
4139
4055
4370
4161
4031
4053
4035
4016
3859
4203
4285
4176
3560
4158
4287
4221
4198
4376
4163
4178
4330
3829
3885
4209
4437
4331
4222
4097
3975
4144
4140
3845
4278
4066
3946
4104
4642
4288
4528
3928
4069
4314
3842
4066
4226
3921
3575
4161
4008
4156
4041
4010
4236
3887
3931
3967
3981
3972
3891
3772
4283
4231
4098
4381
3858
4471
3939
4036
4074
4244
3976
4037
3791
4381
3984
4188
4343
3986
4142
3819
4100
4292
4591
3889
4092
4122
3931
4223
3927
3667
4386
4125
3931
4255
4156
4017
4144
4011
3774
3938
3930
3958
4430
4081
4223
3848
4035
3946
3742
3939
3805
4123
3876
4325
4264
4038
4050
4058
4059
4321
3937
4447
4143
3850
4128
3754
4370
3885
4310
4009
4114
3766
3802
3693
4207
4139
3591
4375
4427
4269
4245
4139
4077
4245
4240
4167
4213
3572
4201
4236
3924
4529
3447
4259
4002
4274
4390
3706
3652
4189
4145
4086
3854
4334
4013
3702
3955
4136
4033
4454
4040
3986
3775
4246
3971
4716
4264
4037
4060
4340
3828
3850
3779
4022
4188
3910
4045
3968
4191
3999
4365
4315
4202
4053
4143
4140
4161
3756
4134
4226
4233
4212
4258
3930
3932
4144
3980
3779
3886
4278
4340
4360
3746
4073
4133
4182
4103
4315
4187
4210
4184
3849
3992
4695
4515
4101
4325
4177
3673
4168
4070
3770
4226
4067
3927
4240
4540
4241
4390
3953
4488
4274
4131
3960
3950
4050
3680
4333
4285
4006
4389
3889
4420
4062
3964
4055
3887
4033
3861
3876
4134
4378
3977
4215
3914
4370
4128
3895
4326
4250
4204
4104
3823
4304
4049
4234
4189
4110
4150
4097
3982
4215
4639
4184
4417
3899
4157
4248
4077
3987
4401
4031
3846
4530
4192
4166
4159
4076
3699
4186
4353
4200
4388
3944
4434
4068
4276
3829
4033
3891
3866
4494
3914
4492
4122
4289
4356
3859
4215
4822
4019
4437
4258
4103
4121
3638
4304
4193
4466
3906
4160
4030
3805
4114
3962
4320
3654
4196
4527
4422
4357
3999
4495
4418
4373
4110
4153
4037
4179
4104
4190
4580
3818
4126
4131
4362
4592
3908
3843
4121
4292
4101
3992
4191
4169
3875
4006
4473
4295
4360
4124
3936
3980
4291
4111
4629
4456
4099
4016
4213
3873
4169
3872
4193
4105
4069
3967
4336
4392
4158
4308
4573
4212
4074
4068
3861
4056
3758
4371
4416
3967
4273
4159
4173
4214
4305
4126
3849
3863
4429
4520
4075
3519
4288
4483
4498
4499
4320
4016
4464
4230
3969
3858
4632
4431
4115
4479
4214
4003
4289
4189
3884
4247
4284
4090
3889
4610
4309
4438
3912
4240
4090
3926
3941
4100
3809
3596
4180
3955
3989
4014
3796
4272
4069
3945
4008
3754
4076
3673
3853
4166
4305
4052
4395
3782
4163
3900
3801
4152
4146
4221
4133
3559
4335
3878
4248
4474
4024
3911
3872
4052
4131
4316
3964
4094
3859
3991
4018
3931
3903
4301
3992
4095
4168
4225
4149
3955
3830
4156
3950
3942
3952
4266
3854
4175
3942
4155
3875
3827
4020
3984
4042
3956
4509
3915
3980
4230
4162
4319
4177
4109
4357
4152
3820
4199
3975
4067
3742
4208
4233
4156
3923
3890
3901
4208
4135
3759
3970
4233
4379
4221
4026
4301
4349
4290
4046
4014
3615
3804
4301
4087
4373
3681
4244
4011
4194
4428
3735
3618
4356
4363
3884
3892
3987
4041
3607
4037
4101
3849
4254
3949
3754
3777
4086
3941
4562
4378
3820
4051
4179
3929
3892
3801
4187
4342
4054
3932
4120
4092
3958
4352
4240
4038
4003
4060
3938
4163
3648
3897
4252
3939
3949
3935
4127
3958
4315
4138
4149
3959
4391
4540
4234
3636
4087
4106
4134
4458
4220
4132
4094
4295
3949
3923
4379
4267
3908
4276
4276
3818
3793
4121
3921
4228
3929
4193
3954
4758
4165
4280
3817
3902
3974
3604
3886
3773
3698
3437
3763
3694
3735
3948
3810
4001
3621
3597
3629
3501
3934
3670
3564
3704
3823
3775
3895
3699
4186
3710
3728
3871
3804
3966
3705
3566
3803
3790
3752
4128
4028
3691
4037
3781
3916
4014
3748
3631
3651
3760
3779
3954
3388
3952
3786
3790
3861
3870
3698
4021
3628
3558
3524
3974
3651
4255
3658
3647
3832
3762
3601
3654
3538
3597
3967
3540
3867
3920
3761
3858
3713
3844
3931
3679
4046
4007
3541
3613
3614
3933
3582
4052
3958
3834
3772
3728
3514
3873
3768
3024
4041
4186
3962
3961
3915
3934
3907
4014
3607
3948
3445
3616
4040
3813
4020
3295
3977
3666
3724
3947
3457
3507
3819
3746
3586
3835
3796
3674
3653
3631
3868
3863
4119
3739
3691
3522
3875
3609
4229
3897
4110
3708
3918
3561
3950
3623
3743
3944
3515
3630
3485
3644
3739
3910
4022
3921
3817
3704
3541
3842
3381
3940
3882
3742
3714
3901
3830
3609
3791
3919
3481
3497
3803
3844
3868
3188
3513
3797
3723
3848
3810
3803
4004
3925
3620
3592
3968
4418
3950
4106
3898
3455
3902
3756
3563
3508
4019
3624
3661
4042
4006
3993
3750
4241
4066
3824
4105
3964
3943
3534
4164
4082
3920
4011
3795
4127
3841
3750
3897
3814
3954
3732
3809
4104
4121
3754
4102
3777
4270
3710
3806
3991
3993
4185
4079
3723
4160
3973
4153
4224
3890
3849
3877
4186
4007
4351
3936
4006
4086
4109
3947
3979
3722
4360
3765
3822
4210
4339
3945
3841
3888
3815
3716
4153
3953
4287
3774
3949
4088
3905
3833
3963
3715
3674
4192
3890
4148
4058
3974
4319
4136
4229
4255
4015
4109
4224
3834
3953
3935
4011
3871
4219
4081
3972
4000
3678
3821
3828
4135
3543
4098
4461
4103
4195
3882
4095
4302
4118
4148
3874
3750
3871
4171
3821
4451
3674
4048
4042
4212
4114
3604
3534
3890
4129
3995
3829
3980
3843
3960
4090
4193
4309
4194
3919
3748
3730
3885
3938
4467
4237
3755
3937
4306
3638
3734
3772
4032
3987
3703
3825
3596
4011
3949
4036
4218
4100
3897
3996
3877
3934
3656
4010
4234
3989
3777
4054
4229
4085
4148
3937
3851
3814
4162
4318
4017
3674
4137
4410
4323
4032
4114
4028
3966
4223
3899
3824
4276
4246
4037
4279
3895
3856
3951
4050
3852
4082
4000
3945
3872
4522
4089
4367
3736
4289
4289
3867
4369
4047
4042
3818
4312
4207
4086
4264
3777
4038
3998
4025
4126
3943
4183
3701
3718
4432
4449
4033
4369
3903
4577
3976
4022
4473
4022
4316
4210
3707
4489
4004
4154
4255
4056
4061
4135
4123
4363
4663
4021
4220
4082
4165
4180
4134
3709
4562
4160
4042
4678
4347
4218
4173
4076
3789
4167
4108
4023
4372
4176
4272
4386
4274
3774
3800
4131
3787
4223
3941
4492
3995
4239
4169
3914
4274
4315
4160
4413
4452
4020
4268
3878
4321
4032
4269
4215
4042
4043
3933
3951
3928
4180
3814
4198
4758
4440
4285
4392
4301
4427
4537
4328
3991
3905
4109
4163
4088
4603
3572
3899
4076
4242
4490
3782
3742
4310
4171
4006
4101
4255
4056
3952
4204
4475
4301
4263
4116
3908
4064
4269
3989
4823
4321
4193
4073
4113
4121
4120
3963
4272
4300
3904
3951
4077
4165
3912
4130
4465
4323
3997
4185
4015
4083
3838
4572
4369
4156
4073
4338
4257
4117
4065
4236
3829
3984
4379
4452
4269
3726
4308
4382
4448
4038
4273
4174
4369
4474
3979
4025
4717
4435
4257
4333
4447
3763
4110
4335
4212
4049
4117
4247
4253
4511
4254
4446
4049
4683
4687
4222
4290
4276
4341
3968
4451
4269
4304
4375
4318
4634
4275
4456
4219
4121
4381
4128
3954
4597
4796
4103
4862
4058
4660
4184
4552
4450
4653
4304
4284
4037
4246
4135
4552
4834
4478
4229
4148
4305
4550
4912
4293
4354
4285
4197
4250
4207
4221
4634
4300
4151
4689
4637
4204
4364
4108
4042
4290
4401
4287
4761
4201
4666
4429
4353
4130
4025
4129
4224
4308
4164
4494
4457
4185
4740
4506
4437
4750
4248
4580
4342
4271
4463
4187
4426
3982
4512
4274
4354
4461
4305
4083
4397
4266
4074
4510
4854
4515
4645
4394
4465
4535
4558
4258
4063
4192
4283
4312
4184
4608
3879
4616
4448
4606
4642
4066
4072
4594
4606
4331
4268
4595
4214
4039
4491
4657
4419
4560
4474
4190
4143
4487
4245
5097
4361
4373
4192
4562
4279
4494
4298
4314
4454
4507
4227
4380
4463
4326
4378
4527
4519
4307
4520
4244
4136
3922
4473
4606
4296
4342
4506
4580
4183
4502
4173
3985
4098
4578
4549
4638
3993
4268
4250
4427
4390
4387
4514
4496
4313
4357
4043
4691
4771
4483
4762
4456
4198
4391
4238
4387
4523
4264
4301
4324
4957
4649
4612
4130
3990
4208
3839
3872
3757
3655
3673
3930
3879
3773
4026
3545
4169
3814
3700
3711
3607
3991
3536
3751
3919
4132
3673
3763
3439
3967
3669
3797
3871
3860
3942
3679
3157
3948
3570
3792
4039
3842
3759
3893
3652
3924
4220
3806
3836
3757
3710
3959
3823
3519
4129
3740
3730
4019
3958
3986
3783
3774
3676
3657
3920
3695
4294
3684
3943
3698
4125
3607
3684
3723
3498
4096
3854
3994
3769
3839
4055
3714
4016
4146
3659
3823
3744
3540
3791
3567
3819
3488
4035
3792
3806
3760
3267
3666
3777
3808
3246
3813
4262
4281
4258
3886
3827
4168
3968
3903
3836
3463
3593
3955
3783
4032
3641
3812
3800
3948
4134
3728
3799
4073
3984
3809
3588
3756
3995
3693
3706
4006
3872
4083
3760
3535
3506
3985
3638
4368
3956
3881
3695
3889
3479
3902
3443
3884
4014
3599
3692
3596
3674
3816
4010
4041
3805
3615
3715
3698
3772
3503
3959
4178
3869
3763
3860
3865
3813
3889
3818
3576
3686
3815
4246
3882
3616
3718
3797
4165
3928
3886
3873
3958
3821
3628
3532
4237
3885
3935
3937
3992
3649
3801
3747
3536
4002
3838
3739
3754
4300
3961
4165
3654
4150
4239
3926
3905
3849
4123
3654
4145
4132
4091
4083
3801
4365
4066
3938
3974
4001
3995
3999
3719
4226
4252
3673
4270
4119
4270
3976
4304
4088
4044
3958
3966
3707
4157
3706
4131
4205
4184
4029
3964
3923
4003
4299
4130
4225
3820
4055
3982
4149
3645
4482
3808
3782
4071
4094
3701
4109
3842
4038
4121
3692
3850
4391
3855
4196
3888
4020
3803
3873
3871
3733
4261
3912
4077
3940
4267
4284
3996
4017
4109
3991
4242
4037
3825
3989
3693
4198
3838
4249
4040
3948
4181
4107
3721
4013
4005
3494
4267
4366
4456
4403
4074
3949
4434
4276
3945
3937
3718
3774
4169
4136
4432
3810
4243
4053
4092
4309
3647
3675
4238
3947
4060
4020
4147
4092
3868
3866
4070
4181
4304
3935
3918
3756
4074
4002
4680
4250
4109
3991
4341
3678
4178
3663
3999
4265
3826
3839
3984
3937
4118
4096
4235
4175
4075
3828
3875
3756
3742
4402
4214
3954
4026
3942
4084
4017
4091
4141
3631
3684
4140
4284
3888
3583
3987
4230
3990
3997
4061
4221
4265
4009
4095
3864
4283
4264
4091
4292
4140
3972
3842
3957
3841
4161
3964
3828
3787
4635
4093
4193
3897
4218
4047
3692
4127
4028
3892
3490
4035
3814
3831
3978
3998
4098
4016
3954
3812
3789
4031
3915
3682
4158
4216
3688
4484
3991
4303
3910
3962
3922
3900
4046
3895
3543
4161
3863
3930
4447
4167
3964
3994
3834
4167
4208
3855
4024
4061
3862
4094
3976
3695
4183
3973
3871
4249
4165
3892
3981
3915
3861
4109
4133
4062
4335
3786
4243
4122
3975
3705
3873
3922
3681
4109
3988
4167
3841
4230
4159
3930
4209
4091
3815
4168
4097
3809
4186
3595
4036
3863
4152
4042
3953
3875
3817
3578
4057
4011
3540
3997
4411
4197
4482
4048
4194
4228
4391
3995
4042
3869
3679
4004
4112
4312
3591
4075
3812
4106
4244
3745
3920
4135
4032
3797
4024
3871
4211
3610
3861
4286
3975
4174
4134
3971
3688
4047
4060
4592
4362
4123
4019
4217
4025
3939
3781
4143
4213
3838
3775
3827
3919
3799
4221
4521
4002
3867
4111
3936
3833
3655
4153
4310
4045
4195
3989
4130
4189
4144
3872
3700
3683
4037
4073
4008
3647
3994
4283
4299
4232
4113
4157
4120
4060
4028
4065
4424
4280
4311
4218
4029
3924
3923
4098
3776
3956
4087
4095
4105
4526
4263
4204
3885
4327
4137
3907
4068
3745
4003
3547
3976
4047
4049
4070
3730
4245
4143
3879
3893
3767
4070
3884
3588
3890
4466
3987
4229
3901
4220
3758
4137
4205
4244
4185
3972
3658
4149
3904
4167
4226
4028
4125
3817
4115
4193
4243
3910
3968
3945
3934
4039
3925
3873
4365
3994
3890
4369
3877
3765
3988
3949
3842
3590
3743
3780
4251
3710
4338
3772
4155
3559
3924
3896
3626
4101
3859
4230
4071
4146
4236
3862
4146
4255
3911
4204
4030
3926
4216
3645
4139
3812
4219
3925
4052
3999
3868
3882
3934
3878
3694
4070
4449
4370
4243
4090
4439
4140
3853
3923
3943
3741
3697
4189
4087
4191
3540
4086
3748
4268
4171
3793
3747
4061
4107
3756
3961
4067
4056
3492
4052
4269
3911
4081
3841
3862
3825
3911
3903
4474
3956
3841
3801
4012
3811
3926
3620
4321
4018
3769
3700
3842
4013
4007
4138
4343
4187
3995
4081
4012
3651
3582
4167
4178
3922
4083
3979
4136
4040
4231
3832
3826
3619
4093
4317
3836
3590
4191
4190
4269
4155
4023
4043
3953
3828
3864
3853
4431
4110
4262
4173
3916
3748
3913
4011
3742
4200
3969
4024
3951
4440
4133
4402
3956
4117
4150
4068
4213
3987
3983
3575
4303
4176
4180
3915
3766
4279
3776
3992
4110
3865
4176
3581
3664
4139
4426
3958
4256
3835
4166
4116
4262
4164
4235
4063
3924
3863
4270
4022
4258
4324
4106
4181
3959
4180
4200
4385
4036
3881
3892
3923
4037
4232
4098
4340
3874
3905
4351
4179
4255
4091
3977
3725
3905
3838
3993
4506
3717
4196
4205
4272
3694
3776
3983
3939
4132
4067
4288
3948
4225
4435
4011
4188
4183
3951
4382
4318
3678
4083
3723
3995
3935
3991
4094
3840
4062
4014
3923
4096
4031
3784
4050
4605
4398
4146
4223
3986
4552
4241
4031
4015
3752
3799
4029
4253
4412
3746
4023
4115
4109
4345
3646
3760
4291
4004
4050
4032
4268
4202
3681
4259
4145
4195
4201
3945
3821
3859
4003
4141
4396
4464
3953
3961
4014
3804
3946
3736
4090
4089
4039
3756
4015
4012
3868
4147
4300
4153
4020
4079
3834
3957
3936
4145
4238
3923
4123
3985
4195
4120
4476
3935
3951
3616
4357
4417
4049
3735
4052
4159
4131
4111
4047
4401
4114
4131
4140
3877
4331
4328
4347
4345
4058
3893
3868
4067
3892
4083
3702
4123
3787
4372
4217
4407
4093
3997
4014
3693
3796
3536
3705
3378
4057
3785
3708
3764
3628
4030
3798
3778
3639
3675
4041
3817
3576
3665
3830
3507
3700
3428
4040
3523
3658
3848
3899
3809
3869
3560
3848
3646
3886
4092
3730
3674
3601
3808
3891
4086
3703
3764
3681
3782
3742
3516
3456
4010
3569
3592
3852
3806
3762
3751
3365
3765
3683
3884
3692
4163
3653
3928
3593
3625
3477
3720
3445
3516
3992
3579
3973
3557
3827
3954
3718
3843
4026
3837
4014
3798
3637
3881
3470
3904
3535
3852
3863
3746
3677
3661
3616
3656
3696
3413
3803
4039
3979
3951
3883
4132
3888
3905
3838
3669
3524
3536
3830
3763
4102
3433
3899
3762
3914
3993
3761
3473
3982
3745
3671
3662
3866
3838
3591
3661
3817
3786
3790
3801
3371
3669
3673
3698
4198
3937
3762
3758
3801
3492
3641
3239
3878
3736
3722
3465
3552
3818
3668
4097
4164
3803
3569
3755
3663
3537
3474
4090
4095
3546
3752
3841
3921
3625
3836
3703
3487
3511
3906
4168
3618
3377
3780
3884
3863
3931
3743
3882
3938
3642
3660
3605
4095
3981
3845
3867
3927
3614
3734
3788
3566
3976
3824
3639
3499
4178
3738
3821
3710
4350
4457
4172
4400
4159
4331
3810
4409
4273
4070
4429
4073
4638
4232
4173
4104
4203
4457
4237
4150
4401
4519
4109
4583
4054
4692
4061
4216
4507
4185
4186
4116
4010
4380
4170
4134
4835
4416
4177
4153
4232
4385
4520
4279
4246
4307
4401
4259
4273
4186
4290
4296
4103
4627
4521
4461
4284
4394
3873
4340
4325
4219
4925
4415
4564
4106
4444
4152
4015
4331
4242
4452
4363
4812
4518
4461
4675
4417
4587
4549
4086
4370
4291
4051
4332
4016
4467
4191
4625
4247
4342
4102
4145
4176
4305
4419
3867
4282
4967
4819
4414
4323
4428
4329
4756
4579
4314
4086
4373
4534
4272
4561
3819
4632
3969
4560
4715
4057
3976
4558
4301
4247
4332
4351
4165
4102
4117
4456
4356
4628
4194
4210
4153
4535
4243
5216
4682
4280
4218
4600
4049
4286
4119
4638
4438
4294
3856
4336
4288
4228
4544
4735
4462
4354
4224
4256
4221
4100
4509
4552
4180
4391
4359
4594
4269
4545
4257
4060
4092
4540
4514
4415
3795
4326
4514
4443
4437
4264
4450
4618
4437
4257
4399
4725
4727
4491
4662
4790
4360
4176
4494
4310
4308
4164
4270
4025
4949
4517
4435
4353
4166
3996
3723
3779
4065
3842
3441
4083
3932
3797
3679
3703
4096
3713
3908
3846
3696
4070
3743
3630
3918
4018
3750
4205
3862
4131
3853
3986
4059
4057
3785
3807
3568
4189
3875
3967
4345
4044
4037
3696
3820
3912
4467
3656
3883
3904
3816
3987
3826
3689
4255
3909
3689
4281
4165
3840
3973
3731
3720
3686
3990
3674
4502
3737
3961
3909
3993
3573
3763
3660
3557
4177
3558
4213
3993
3954
4267
4032
3951
4356
3821
4058
4036
3775
3891
3747
3921
3637
4079
3918
3963
3807
3926
3752
3735
3853
3570
3726
4331
4388
4271
3994
3828
4119
4068
4111
3722
3579
3759
4020
4054
4139
3559
4163
3886
3807
4426
3753
3529
3893
4177
3930
3760
4146
3982
3641
3661
3848
3879
3966
3977
3645
3770
3806
3629
4284
3942
3753
3744
4055
3600
3833
3584
3888
3988
4028
3660
3812
3898
4084
4130
4169
4180
3772
3867
3792
3773
3550
4114
3916
4222
3986
3963
4216
4005
4089
3814
3796
3605
4236
4288
4079
3479
3827
4023
4070
4242
3943
3988
4187
4001
3792
3613
4169
4269
3952
4285
3921
3705
3790
3973
3993
4039
4050
3878
3539
4437
3986
4318
3993
3885
3761
3655
3705
3706
3535
3471
3786
3696
3584
3802
3539
3969
3546
3547
3609
3534
3882
3696
3382
3746
4208
3520
3871
3608
4016
3466
3899
3813
3976
3688
3677
3398
3870
3532
3942
4067
3647
3685
3625
3887
3842
3962
3618
3698
3611
3492
3698
3735
3646
3980
3476
3584
4013
3738
3643
3367
3468
3529
3568
3694
3599
3961
3486
3909
3810
3702
3609
3550
3466
3822
3873
3555
3835
3689
3920
3988
3548
3872
3821
3728
3906
3893
3632
3673
3732
3895
3434
3707
3644
3624
3711
3707
3593
3818
3897
3507
3742
4260
3766
3957
4039
3714
3793
3909
3821
3647
3451
3560
3755
3696
3964
3271
3702
3783
3967
3904
3548
3434
3954
3773
3645
3704
3812
3520
3451
3642
3826
3803
3807
3661
3442
3538
3715
3600
4293
4103
3898
3683
4194
3469
3708
3655
3834
3871
3588
3495
3598
3710
3644
3545
4077
3629
3688
3623
3649
3612
3260
4083
3930
3611
3721
3711
3754
3744
3985
3657
3614
3461
3759
3797
3613
3302
3684
3959
3777
3806
3746
3904
3964
3710
3623
3445
4197
4102
3818
4141
3787
3493
3516
3701
3612
3882
3748
3795
3563
4208
4020
3985
3615
4433
4418
3922
4279
4157
4032
3816
4170
4237
3775
4197
3749
4093
4174
3915
3956
3831
4338
3785
3908
4294
4507
4134
4367
3904
4106
3880
4039
4240
3947
4328
4196
3776
4221
4017
4284
4479
4133
4119
3974
4031
4097
4435
4157
4261
3779
3968
4053
4150
3806
4404
3993
3936
4370
4168
4144
4007
4260
3820
4027
4283
3993
4541
3941
4102
4220
4383
3910
3916
3976
3934
4333
4031
4181
3814
4130
4173
3776
4468
4493
3918
4248
4161
3978
4219
4086
4498
3842
4410
3956
4073
4129
4041
4013
3977
4277
3423
3745
4665
4320
4212
4038
4324
4348
4284
4265
3956
3887
4017
4054
4250
4286
3865
4175
4087
4090
4450
4016
4081
4355
4258
4090
4154
4240
4052
3972
3881
4316
4020
4344
4013
3717
4092
4235
4048
4556
4469
4100
3926
4308
3859
4030
3816
4282
4179
3781
3819
4243
4062
4010
4298
4235
3989
3888
4068
3853
4135
3766
4104
4244
4014
4322
4079
4342
3967
4167
4058
3961
3765
4064
4496
4246
3828
4144
4146
4369
4340
4194
4208
4365
4033
4001
4076
4629
4330
4260
4335
4299
3874
3871
4134
4058
4285
4107
4252
4159
4496
4132
4390
4251
4116
4351
3901
4267
4148
4006
3585
4267
4107
4052
4175
3967
4178
4029
4199
4266
3871
4182
3947
3815
4061
4264
3963
4452
4024
4181
3925
4133
4127
4004
4150
4026
3852
4449
3848
4233
4483
4216
4131
4028
4087
4120
4448
4060
4185
4078
4018
4158
3944
3897
4424
4120
4045
4377
4483
4174
4043
3927
3930
3920
3934
3883
4415
3938
4169
4101
4221
3705
4106
3928
3874
4336
4100
4362
3976
3995
4163
4076
4380
4304
4223
4449
4404
3750
4045
3833
4265
4326
4460
4245
4095
3988
3961
3758
3921
4073
3778
4128
4472
4459
4308
4183
4331
4360
4336
3970
3939
3621
4036
4238
4246
4570
3573
4330
4011
3974
4357
3794
3631
4148
4080
4067
3952
4131
4122
3762
3941
4276
4158
4301
3980
4102
4117
3954
4131
4565
4422
4159
4068
4310
3956
4210
3950
4040
4286
3763
3799
3922
4042
4122
4370
4380
4141
4072
3912
3827
4275
3939
4146
4327
4031
4074
3960
4378
4116
4217
3970
3857
3701
4264
4296
4189
3713
4149
4153
4178
4270
4239
4226
4217
4154
4034
3712
4593
4349
4376
4281
4287
3849
4037
4144
3909
4133
4004
4047
3962
4633
4082
4485
4127
4371
4185
3819
4083
4177
3960
3773
4237
4199
4150
4226
3924
4271
4254
4080
4024
3912
4293
3862
3870
3987
4343
3718
4191
3728
4400
3878
3979
4280
4157
4270
4232
3756
4366
4104
4089
4416
4181
4067
3985
4216
4188
4344
4107
4275
4082
4268
4008
4109
3824
4391
4146
3879
4376
4163
3984
4218
4047
3791
3929
4179
4104
4627
4171
4067
4042
4207
3963
3991
3867
3779
4191
4055
4509
4208
4239
4352
3941
4146
4323
4084
4566
4397
3860
4275
4241
4300
3991
4107
4312
4185
4176
4014
4014
4232
4222
3562
4051
4550
4397
4185
4314
4253
4353
4381
4305
4311
3789
4026
4335
4287
4501
3725
3911
4183
4102
4467
3680
3753
4257
4167
4109
4164
4257
4079
3827
3947
4300
4240
4343
4007
3738
4052
4070
4099
4440
4290
4062
3926
4149
3818
4034
3792
4133
4162
4121
3696
3900
4036
4046
4146
4449
4272
4111
4052
4008
3938
3911
4024
4299
4086
4225
4189
4225
4055
4316
3935
4152
3833
4270
4387
4290
3829
4162
4037
4331
4369
4204
4289
4165
4362
4046
4056
4274
4522
4159
4260
4276
3940
4075
4230
3920
4216
4122
4203
4082
4568
4075
4152
4202
4419
4291
3845
3974
4071
3989
3564
4230
3907
4039
4024
3959
4322
3897
3962
3912
4024
4090
3962
3753
4130
4214
3848
4373
3722
4395
3633
4163
4092
4004
4061
3920
3779
4316
3907
3842
4443
4332
3907
4062
4155
4233
4429
3861
4105
3883
4128
4062
3970
3793
4331
4194
4146
4416
4294
4076
4038
4069
3582
4168
3897
3956
4597
4035
4178
3966
4076
3889
3877
4024
3876
4320
3957
4396
4088
4061
4248
4117
4394
4381
4038
4082
4079
3765
3944
3653
4427
4144
4439
4144
3986
3958
3781
4077
4141
4049
3652
4181
4527
4393
4105
3964
4177
4326
4341
4360
3795
3861
3775
4146
4044
4450
3531
4148
3819
4504
4432
3820
3689
4221
4059
3919
3836
4071
4079
3688
3939
3912
3997
4483
4016
3838
4136
3912
4088
4894
4295
4053
4172
4161
3914
4283
3929
4123
4124
4150
3958
4102
3889
4005
4157
4395
4369
3927
3802
4020
3981
4006
4137
4270
4244
3899
4288
4271
4072
4164
4226
3931
4068
4518
4239
4132
3748
4036
4260
4087
4250
4339
4404
4087
4311
3854
3966
4234
4517
4097
4445
4299
3745
4040
4126
3764
4264
3876
4026
4037
4695
4312
4076
4055
4000
4123
3864
4091
3564
3985
3484
4069
3848
3829
3886
3561
4074
3845
3825
3698
3806
3818
3756
3697
4123
4062
3780
3962
3665
4099
3883
3685
4132
3961
3949
3784
3551
4049
3769
3911
4193
3929
4117
3536
3982
3756
4041
3956
3910
3708
3911
4035
3925
3488
4131
3844
3797
4250
3945
4076
3774
3811
3490
3899
3989
3882
4240
3670
4251
3932
4190
3739
3760
3708
3721
4109
3828
4092
3753
4095
4247
3758
3987
4159
3722
4076
4004
3828
4075
3701
4027
3754
3992
4041
3797
3944
3843
3748
3775
3896
3317
4068
4341
4298
4134
3932
3972
4369
4188
4129
3840
3767
3745
4023
3955
4075
3410
4117
3798
4065
4012
3463
3471
4009
4072
3974
3817
4117
3771
3856
3716
3995
3910
4088
4061
3862
3771
4034
3823
4485
4158
3888
3802
4052
3661
3871
3527
3886
4184
3946
3413
3795
4042
4052
4010
4142
3794
4033
3859
3735
3827
3502
4125
4219
3778
3886
4035
3951
4125
3909
3830
3736
3726
4030
4357
3960
3559
4072
4074
4112
3903
4049
4049
4187
4000
3996
4009
4247
4037
3857
4398
3972
3706
4001
3877
3860
3977
3734
4061
3922
4424
3883
4109
3935
4293
4401
4006
3997
4084
3931
3682
4166
3950
4030
4335
3975
4314
3916
3860
3780
3968
4108
4234
4009
4257
4109
4097
4298
3727
4326
4017
4023
3997
4199
4118
3902
3851
4212
3894
4193
4358
4071
4120
4093
3850
4162
4449
4147
4161
3930
4082
4087
3963
3861
4295
3916
3817
4296
4216
4045
3976
4180
3641
4238
4109
3992
4675
3933
4171
4088
4264
3724
4045
3835
3899
4455
3943
4152
4057
4124
4282
4066
4219
4562
3954
4407
4111
3986
4150
3937
4213
3942
4166
3972
4075
3781
4024
4014
4019
4157
3656
4386
4637
4530
4525
4229
4139
4430
4020
4361
4160
3746
4193
4405
4392
4341
3997
4221
3968
4277
4449
3819
3934
3949
4051
4277
4023
4217
4265
3977
3847
4115
4220
4182
4128
3888
4131
4400
4153
4621
4410
4078
4000
4421
3804
4008
3859
4225
3917
3672
3674
3951
4072
4064
4279
4429
4230
4186
4114
4020
3944
4084
4391
4230
3969
4183
4261
4105
4132
4090
3947
3882
3901
4379
4400
4070
3739
4249
4172
4381
4076
4155
4200
4401
4071
4090
4127
4525
4392
3995
4294
4273
4000
4116
4078
3810
4068
4175
3882
3935
4551
4142
4405
4036
4214
3850
3800
3895
4171
3913
3533
4241
3970
3922
3969
3751
4143
3826
3720
3716
3558
3833
3677
3611
4087
4092
3819
4055
4047
4370
3822
4151
4133
3809
4181
3834
3547
4149
3764
3942
4210
4187
4045
3853
3898
3998
4434
3924
4062
3913
4044
3863
3943
3587
4143
3944
3879
4265
4148
3925
4073
3717
3633
3955
3874
3874
4267
3888
3992
3884
4123
4181
3779
3877
3860
4065
3689
4112
3884
3965
4287
3878
4072
4255
3984
4344
4059
3841
3927
3705
4134
3906
4142
3984
3901
3893
3969
3755
3787
4049
3673
4134
4427
4045
4095
3920
3955
4337
4123
4010
3864
3501
3779
4091
3934
4350
3718
4287
3736
4138
4187
3798
3646
4237
3977
3923
3961
4057
3979
3811
3717
4260
3698
4153
4246
3875
3774
4234
3951
4588
4206
3736
3842
4010
3813
4078
3777
3901
4208
3938
3890
4010
3954
3970
4130
4170
4110
4015
3889
3897
3821
3540
4068
4167
3940
3945
4033
4114
3920
4246
3883
3744
3732
4391
4280
4088
3437
3650
4020
4005
4184
3923
4134
4231
3948
3931
3824
4222
4229
4054
4261
4125
3775
4021
3950
3840
3970
3872
4037
3883
4621
4089
4370
3857
tempo: 0.014941