200 200
3987
3941
3623
3952
4000
3765
3586
3732
3842
3868
3688
3656
3995
3673
3863
3742
3583
4055
3794
3605
4098
4080
3645
4328
3458
4193
3790
3975
4107
4010
3982
4005
3618
3960
3846
4106
4267
3979
4059
3951
4089
4162
4167
3796
3983
3813
3894
3851
3891
3573
3808
4158
3834
4136
3977
3817
4058
3760
3647
3952
3825
3807
4449
3647
3955
3879
3820
3480
3721
3847
3823
3972
3748
3809
3994
4103
4141
4010
4156
3997
3859
3909
3885
3605
3981
3733
3956
3654
3947
3946
3812
3695
3862
3755
3925
3892
3735
3870
4374
4259
3925
4100
4013
3933
4094
4028
3914
3605
3787
3832
4003
4006
3518
4058
3704
4046
4284
3597
3566
4135
3892
3993
3598
4058
3790
3728
3688
3884
3979
4065
3947
3566
3671
4004
3881
4608
4151
3914
3818
4017
3751
3809
3948
4089
3898
3684
3750
3620
3819
3852
4238
4475
3993
3856
3894
3830
3948
3538
4040
3981
4029
3900
3986
4065
3818
4048
3836
3758
3639
4173
4280
3994
3771
3610
4008
4303
4002
3908
3982
4252
4005
3814
3860
4080
4229
3991
4271
3981
3687
3802
4053
3804
4121
3636
4036
3710
4481
3931
4128
3803
4028
3963
3837
3797
3796
3657
3500
3940
3838
3814
3986
3728
4034
3772
3854
3580
3638
3969
3670
3680
3641
3858
3652
4138
3594
4281
3643
3711
3954
3927
3882
3603
3610
3794
3592
4002
3985
3871
3567
3635
3922
3735
4273
3801
3884
3803
3868
3993
3696
3372
4074
3730
3699
3998
4099
3942
3816
3867
3689
3477
3853
3662
4246
3725
3932
3845
3757
3463
3605
3512
3577
3888
3863
4249
4011
3774
4163
3694
3930
4265
3701
4149
4110
3663
3754
3760
3941
3612
3966
3870
3968
3792
3777
3908
3936
3566
3482
3920
4112
4146
3948
3921
3929
4174
3961
3843
3874
3631
3765
3963
3804
3990
3328
3845
3923
4215
4232
3671
3452
3985
3855
3893
3788
3919
3796
3693
3773
3962
3832
3900
4046
3643
3701
3929
3633
4373
4014
3965
3599
3998
3610
3891
3739
3770
4048
3900
3462
3719
3654
3816
3800
4098
3808
3598
3730
3728
3620
3526
4109
4083
3786
3883
4005
3898
3811
3854
3892
3592
3621
3987
3877
4085
3496
3707
3979
4036
3874
4144
3847
4156
3906
3578
3552
4017
4214
4010
4245
4107
3529
3966
3563
3811
3935
4038
3849
3767
4160
4001
4009
3816
4433
4377
4132
4423
4381
4187
4119
4481
4213
4318
4596
4125
4483
4162
4157
4228
4232
4366
4163
3906
4551
4560
4143
4401
4021
4664
4004
4350
4372
4418
4464
4327
3876
4399
4419
4412
4497
4514
4378
4271
4472
4704
4699
4175
4356
4244
4145
4447
4323
4252
4445
4355
4354
4608
4167
4231
4436
4224
3941
4349
4300
4098
4853
4315
4266
4409
4345
4108
3983
4170
4156
4284
4272
4312
4350
4409
4513
4099
4315
4516
4263
4650
4462
3980
4527
4158
4682
4051
4380
4396
4130
4312
4273
4244
4272
4511
4012
4197
4812
4402
4326
4513
4377
4532
4580
4351
4187
3923
4303
4375
4444
4501
3977
4423
4317
4397
4402
4027
4136
4412
4338
4364
4305
4377
4239
4129
4126
4487
4238
4521
4462
3948
4249
4295
4330
5006
4644
4342
4261
4441
3935
4384
4112
4343
4373
4202
3989
4210
4250
4242
4450
4806
4540
4270
4299
4495
4207
4045
4358
4531
4540
4361
4495
4220
4169
4353
4351
4074
4008
4554
4497
4206
4033
4352
4534
4510
4425
4325
4629
4819
4422
4214
4308
4683
4539
4453
4724
4398
4179
4317
4216
4120
4609
4405
4542
4212
4728
4632
4384
4065
4153
3867
3723
3951
4025
3822
3415
4229
3954
3894
3823
3758
4047
3776
3840
3908
3677
3928
3625
3587
4097
4154
3651
4004
3730
4029
3812
3923
4131
4097
4087
3922
3514
3829
3691
3906
4383
3899
3835
3866
3836
3865
4285
3842
3995
4046
3665
3751
3752
3689
4371
3583
3806
4153
3993
4189
3854
3703
3717
3940
3857
3862
4321
3832
4065
3982
3940
3636
3739
3987
3941
3893
3878
3902
3951
4157
3968
3943
3963
4191
3862
4193
4220
3707
3988
3585
4127
3809
3899
3955
3827
3908
3610
3702
3976
3920
3653
4007
4258
4052
4090
4042
3903
4201
4109
3989
3988
3641
3906
3987
3922
4038
3580
4117
3899
4292
4070
3639
3491
4120
4044
4020
3763
3930
3845
3814
3837
4175
3985
4153
4020
3805
3741
4014
3912
4602
3992
3891
4001
3936
3771
3823
3802
3894
3994
3970
3652
3977
4084
3985
3990
4397
3962
3869
3848
3853
3989
3712
4106
4115
4002
3711
4081
4157
3691
4005
3983
3768
3589
4090
4191
4187
3464
3782
3923
3873
3970
4004
4043
4153
3778
3811
3871
4192
4160
4156
4239
3980
3644
3802
3996
3954
3907
3614
4100
3655
4339
4096
4114
3694
4456
4453
3886
4163
4387
4008
3984
4182
4132
3939
4226
4168
4246
3969
4285
4241
4056
4310
4163
3898
4437
4544
4115
4331
3867
4712
3844
4209
4358
4246
4288
4139
3801
4448
3971
4116
4266
4286
4240
3851
4252
4393
4286
4234
4108
3774
4222
4086
4077
3889
4506
4317
3973
4219
4301
3878
4409
3954
3815
4187
4341
4194
4771
4178
4015
4112
4114
3901
3857
4271
4026
4323
3804
4202
4269
4231
4327
4248
4370
4249
4178
4212
4172
3878
4405
3852
4360
4040
4428
4267
4014
4185
3967
3895
4263
4320
3648
4104
4589
4484
4180
4302
4307
4431
4574
4138
4164
3750
4017
4201
4044
4416
3812
4496
4173
4215
4023
3771
3741
4429
4104
4106
4244
4344
4005
4008
3940
4213
4133
4351
4239
3701
4134
4195
4189
4850
4488
4123
4149
4421
4082
4224
3838
4110
4197
4231
3948
4192
4044
4103
4471
4596
4367
4330
4125
4068
3938
3794
4262
4204
4178
4154
4465
4149
3970
4327
4334
3780
3943
4556
4388
4383
3797
3999
4256
4400
4222
4110
4490
4488
4137
4063
4361
4495
4501
4273
4220
4311
3987
4038
4296
4147
4123
3781
4116
4076
4668
4201
4242
4235
3955
4016
3988
4071
3876
3843
3790
3979
3878
3994
3998
3676
3920
3801
3945
3819
3731
4051
3709
3614
4039
4303
3899
4059
3771
4348
3733
3749
4044
3973
3907
3860
3699
4024
3686
4003
4291
3914
4059
3866
4014
4061
4197
3954
4009
3968
3903
3915
3809
3762
4136
3835
3953
4416
3922
4101
3877
3948
3486
3917
3935
3699
4231
3990
4090
4045
4004
3677
3717
3646
3712
4076
3856
3984
3757
4056
4115
3823
4056
4244
3695
4256
4061
3626
4359
3667
4314
3586
4077
3914
3829
3917
3708
3987
3785
3883
3619
4102
4485
4164
3988
3904
4100
4299
4062
4156
3776
3981
3799
3966
3909
4265
3719
3871
3790
4146
4046
3710
3850
4090
3898
3748
3847
3993
4049
3697
3876
4057
3985
4044
4137
3733
3705
4214
3960
4762
4280
3944
3700
4055
3766
3992
3669
3940
4015
4095
3602
3963
3698
3920
4075
4294
3885
4124
3958
3767
3680
3752
4134
4122
3836
3916
4188
4075
4074
4029
3857
3736
3406
3998
4161
3960
3701
3789
4002
4113
3906
4110
4153
4174
4030
3985
3952
4253
3909
4229
4306
4131
3780
3935
3942
3738
4073
3729
4060
3828
4357
4085
4213
3886
4058
3740
3299
3597
3428
3717
3203
3689
3757
3368
3635
3808
3980
3540
3805
3896
3545
3752
3649
3470
3843
3909
3736
3988
3423
4075
3255
3774
3462
3771
3568
3661
3355
3958
3574
3840
3673
3863
3550
3724
3794
3947
3907
3678
3811
3436
3488
3649
3765
3488
3833
3734
3485
3801
3773
3431
3766
3459
3404
3686
3428
3616
4077
3486
3743
3531
3738
3488
3691
3555
3505
3914
3743
3834
3746
4038
3988
3620
4044
3874
3776
3888
4151
3664
3710
3434
3817
3655
3953
3770
3664
3442
3671
3391
3796
3701
3336
3773
3969
4101
3924
3739
3876
3832
3932
3624
3671
3494
3621
3659
3575
4073
3418
3866
3360
3979
3927
3280
3344
3806
3601
3577
3532
3811
3516
3336
3447
3825
3652
4027
3417
3596
3365
3553
3741
4377
3996
3523
3767
3929
3489
3763
3324
3651
3500
3433
3605
3560
3747
3709
3869
3919
3999
3600
3348
3426
3553
3283
3604
3896
3615
3743
3531
3952
3659
3679
3872
3471
3617
3987
3820
3879
3347
3683
3758
3798
3558
3856
3987
3807
3619
3574
3534
3836
4311
3709
4024
3830
3562
3439
3707
3423
3741
3621
3663
3588
4096
3913
3714
3410
4382
3993
3766
3730
3664
3780
3471
4101
3914
3909
3924
3725
3854
3956
3825
3777
3666
3977
3747
3271
3960
4129
3865
4078
3603
4348
3553
3807
4051
4046
3958
3927
3625
4100
3883
4015
4261
3849
3878
3774
4005
4130
4135
3667
3944
3601
3867
3913
3629
3541
4121
3882
3833
4224
3864
3885
3942
3775
3818
3502
3823
3841
4075
3868
4104
3863
3992
3763
3569
3702
3718
3869
3560
4190
3936
4139
3997
3908
4174
4312
3966
4223
3926
3913
4068
3485
4082
3660
4210
4034
3772
3990
3815
3694
3882
3835
3537
4073
4566
4088
4150
3962
4093
4065
4079
4053
3983
3603
3913
3986
3887
4099
3587
4037
3930
4179
3951
3716
3493
3859
3885
3930
3964
3949
3829
3931
3863
3994
3863
3958
3955
3576
3544
4177
3804
4397
4031
3870
3818
3957
3776
3786
3674
4024
4000
3926
3677
3666
3919
4010
4048
4338
4049
3992
4143
3633
3724
3452
4027
4076
3834
3835
4166
3879
3823
4153
3946
3736
3368
4225
4116
3949
3555
3765
4106
3993
3972
4241
4070
4024
4102
3863
3778
4124
4333
3919
4177
3968
3602
3930
3958
3814
3916
3841
3774
3805
4388
3799
4145
3958
4647
4144
3995
4131
4060
3922
3590
4095
4053
4145
4255
3918
4563
4008
3829
4038
3998
4166
3791
3911
4272
4383
4134
4420
3887
4482
3921
4274
4174
4105
4389
3989
3715
4492
4049
4163
4378
4299
4096
3936
3988
4427
4368
4209
4273
3903
4121
4157
4140
3925
4728
4028
3803
4233
4199
3978
4280
4195
3829
4071
4185
4155
4484
4009
4405
4109
4292
3966
3848
3909
3746
4399
3703
4273
4117
4336
4367
3977
4192
4478
3896
4354
4248
4099
4267
3876
4435
3791
4516
4070
4274
4077
3939
3952
4145
4281
3715
4135
4788
4287
4423
4252
4252
4193
4310
4308
4092
3813
3987
4283
4127
4481
3715
4344
3897
4236
4562
3824
3763
4322
4091
3972
4213
4093
4038
3853
3957
4310
4090
4401
4091
4002
4103
4323
4201
4749
4341
4020
4105
4135
4003
4346
3867
4247
4380
3977
4027
4058
4045
4125
4163
4396
4002
4201
4004
3970
4050
3848
4469
4277
3978
4028
4252
4096
4079
4183
4217
3831
3811
4348
4334
4141
3705
4131
4334
4430
4215
4341
4244
4359
4367
3811
4149
4634
4464
4473
4375
4203
4049
3971
4090
4165
4295
4166
4234
3973
4515
4411
4310
4143
4260
4104
3714
4177
4048
3892
3799
4317
4012
4224
4090
3978
4152
4039
3902
3986
3827
4155
3621
3867
4299
4336
3908
4196
3813
4260
3979
4250
4245
4075
4159
4203
3644
4237
3899
4002
4398
4207
3846
3969
3955
4080
4320
4044
4049
3862
3979
4056
4056
3720
4505
4016
3922
4284
3896
3876
3954
4106
4069
4052
4132
4000
4542
4014
4239
4131
4136
3563
3631
3974
3877
4125
4038
4061
3998
4258
4292
3986
4335
4387
3952
4319
4113
3984
4081
3873
4228
3988
4218
4184
3971
4056
4117
3686
4017
4196
3437
4078
4358
4441
4213
4095
4206
4500
4265
4097
3845
3796
3694
4060
4187
4667
3930
4269
3915
4393
4415
3641
3746
4448
4221
4193
4119
4215
4078
3977
3773
4148
4036
4368
4069
3912
3671
4271
3963
4573
4363
4114
3927
4049
4023
4063
4032
4095
4200
4121
3988
3962
4207
4074
4197
4478
4178
3948
4082
3786
3884
3959
4359
4241
4144
4203
4120
4133
4001
4272
3916
4168
3701
4231
4416
4334
3709
4234
4003
4237
4290
4498
4290
4182
4080
3907
3986
4259
4445
4070
4247
4166
3902
3938
4230
3894
4025
3806
4157
4202
4495
4272
4125
4073
4606
4347
4164
4085
3872
4210
3799
4106
4211
3952
4213
4144
4529
4006
4197
3871
3985
4126
3946
3910
4387
4353
4288
4190
3790
4522
3901
4032
4259
4220
4051
4090
3838
4241
3882
4386
4353
3928
3949
3986
4336
4167
4305
4149
4312
4020
3947
4026
3797
4062
4440
3787
3953
4359
3989
3899
4245
4121
4004
4149
4124
4053
4650
4201
4576
4086
4332
3828
3769
3821
4030
4314
4009
4322
4167
4272
4417
3928
4489
4448
3907
4455
4239
3971
4318
3920
4148
3941
4345
4358
3995
4178
4027
4113
4205
4073
3586
4389
4585
4389
4588
4362
4461
4211
4169
4151
4219
3926
3981
4235
3875
4378
3852
4584
4027
4674
4525
4111
3932
4234
4104
3818
4013
4344
4113
3780
4104
4417
4191
4427
4205
3836
3916
4411
4036
4691
4424
4033
4014
4321
3808
4101
3864
4162
3990
4155
3867
4066
4166
4233
4393
4398
4316
4268
4266
3950
3935
3738
4379
4288
3927
4212
4328
4228
4050
4324
3974
3982
3843
4314
4376
4385
3508
3984
4132
4376
4272
4371
4334
4350
4031
3965
3951
4587
4410
4152
4412
4306
4092
4298
4187
3967
4241
4090
3885
3970
4715
4224
4400
4060
4282
4057
3763
3928
4064
4027
3556
4184
3872
3826
3866
3808
4197
3903
3883
3783
3693
4146
3756
3492
4006
4101
3852
4098
3762
4193
3925
3878
4162
3949
4003
4003
3535
4151
3968
4125
4347
4091
3795
3902
4046
3978
4392
3904
4017
4035
3938
3855
4075
3636
4331
3909
3787
4203
4025
3691
3921
3827
3768
3609
4124
4055
4529
3889
4140
3904
3873
3777
3993
3731
3786
4413
3730
4231
4009
4111
3991
4102
4120
4192
3897
3951
3878
3894
3866
3944
4143
3712
4142
3869
3849
3801
3918
3717
4021
4165
3582
4095
4526
4171
4201
4155
3982
4026
4204
4303
4012
3602
3967
4066
3843
4398
3598
4184
3959
4128
4521
3521
3480
4122
4205
4271
3898
3921
3988
3567
3792
4061
4132
4127
3931
4065
3613
4133
4001
4227
4192
3868
3868
4159
3644
3951
3702
3941
4129
3793
3829
3747
3774
3895
4202
4370
4028
3870
3981
3773
3876
3511
4239
4075
4144
3926
4117
3916
3999
4090
3705
3894
3572
4121
4180
4185
3661
4175
3809
4160
3945
4535
4284
4204
4049
3643
3891
4457
4338
4200
4197
4114
3789
3933
4067
3688
3991
4014
3794
3870
4540
4259
4265
3886
4108
4197
3649
4180
3835
3767
3805
3992
4062
3790
4363
3628
4355
4048
3839
3865
3721
3996
3786
3789
4061
4083
3787
4156
3520
4292
3925
4086
3925
4010
4146
3824
3520
3933
3654
4041
4219
3918
4126
3920
4026
4092
4386
4125
3658
3870
3853
4040
3870
3546
4176
3904
3713
4378
4075
3788
4015
3761
3821
3951
3995
4050
4582
3924
3939
4056
4013
3710
3708
3983
3673
4153
3879
4254
4016
4166
4269
3697
4076
4208
4060
4176
4004
3726
3931
3734
4033
3664
4138
4109
3820
4027
3739
3726
3923
4170
3612
4033
4333
4140
4286
4160
3936
4209
4084
4072
3937
3801
3897
4017
4148
4087
3724
3944
4084
4137
4318
3690
3677
4256
4065
4099
3769
3873
3986
3870
3784
3993
4245
4081
4088
3572
3834
4114
3777
4684
4156
4014
3857
4062
3656
3816
3415
4035
4079
3930
3710
4136
3987
3910
3896
4413
4119
3821
3918
3954
3829
3786
4031
4109
4039
4143
4179
3979
3854
3962
3886
3864
3835
4213
4375
3921
3559
3920
4214
4161
4176
4028
4143
4252
4007
3943
4020
4216
4287
4180
4323
4015
3905
3814
3965
3750
4035
3703
3937
3755
4315
4047
4188
3947
4090
3894
3755
3941
3973
3866
3632
4235
3733
3726
4010
3884
4231
3774
3780
3920
3852
4185
3723
3707
4173
4112
3802
4095
3678
4126
3695
3860
4122
3954
4015
3924
3591
3970
3793
3945
4423
3885
3920
3900
3976
4045
4217
3981
4069
3872
3784
3885
4008
3666
4051
3765
3830
4341
3993
3864
3829
3825
3539
3958
3890
3863
4302
4037
4103
3949
3906
3422
3751
3747
3634
4028
3870
4222
3884
3809
4138
3743
3806
4160
3836
4137
4146
3780
4146
3522
4149
3886
4036
3808
4026
3768
3809
3802
3957
3866
3588
4124
4382
4337
3855
4195
4219
4149
4374
3913
3784
3709
3868
4003
4009
4328
3516
4174
3758
4106
4334
3789
3602
3979
3785
3870
3903
4182
3857
3736
3796
3929
4110
4146
4014
3691
3749
4148
3943
4470
4397
3869
3917
4252
3844
4179
3706
3965
4039
4029
3761
4059
3877
3688
4114
4245
3905
3718
3871
3933
3798
3879
4111
3988
3902
4142
4100
4140
3859
4145
3884
3602
3730
4040
4280
3931
3532
4131
4042
4088
4044
3899
4201
4212
3936
3889
3800
4271
4453
4235
4138
4008
3727
3999
3991
3648
4023
3589
3696
3869
4535
4264
3967
3980
4713
4453
4035
4382
4405
4240
3831
4449
4438
4075
4286
4212
4556
4209
4201
4472
4161
4548
4201
3995
4480
4488
4017
4649
4232
4799
3896
4242
4431
4443
4380
4346
3980
4346
3974
4290
4772
4271
4320
4480
4492
4400
4664
4226
4301
4339
4273
4381
3963
3964
4706
4356
4157
4582
4477
4426
4298
4175
4083
4119
4333
4123
4765
4193
4375
4474
4226
3821
4398
4030
4139
4350
4217
4607
4028
4515
4575
4263
4473
4622
4349
4505
4542
4027
4452
3967
4468
4241
4527
4423
4262
4373
4234
4104
4093
4554
3889
4406
4447
4683
4662
4353
4551
4442
4629
4313
4162
4125
4285
4265
4356
4777
3901
4544
4434
4388
4716
4023
3864
4268
4485
4380
4138
4285
4417
3968
4153
4468
4493
4423
4401
4087
3994
4344
4168
5006
4580
4415
3938
4475
4245
4374
4284
4526
4354
4295
4198
4164
4042
4321
4283
4945
4312
4344
4082
4103
4165
3970
4675
4577
4381
4298
4391
4437
4197
4287
4366
4155
4057
4523
4434
4456
4105
4289
4348
4660
4509
4529
4405
4571
4250
4217
4248
4631
4768
4537
4579
4465
4030
4128
4426
4288
4557
4483
4546
4071
4818
4364
4555
4213
3637
3603
3315
3473
3679
3507
3123
3567
3559
3713
3705
3301
3852
3337
3528
3508
3317
3563
3383
3337
3679
3744
3562
3804
3398
4123
3405
3725
3483
3747
3626
3421
3300
3635
3340
3540
3756
3520
3617
3447
3599
3601
3777
3305
3573
3460
3520
3738
3370
3101
3696
3539
3343
3973
3482
3591
3695
3405
3396
3539
3520
3565
3948
3690
3467
3449
3453
3288
3390
3512
3356
3678
3443
3741
3548
3589
3676
3273
3853
3775
3409
3931
3887
3396
3510
3378
3716
3344
3846
3579
3531
3449
3384
3347
3537
3494
3176
3747
3729
3897
3609
3596
3587
3814
3868
3689
3419
3284
3762
3451
3337
3727
3161
3387
3421
3597
3614
3251
3272
3631
3562
3512
3320
3734
3611
3532
3347
3644
3620
3655
3765
3421
3478
3661
3477
4253
3848
3502
3275
3645
3198
3649
3421
3726
3593
3412
3450
3651
3438
3493
3657
3795
3682
3428
3280
3593
3589
3234
3896
3892
3751
3635
3875
3300
3488
3530
3420
3210
3383
3703
3836
3428
3333
3566
3828
3690
3495
3728
3575
3891
3697
3451
3577
4152
3846
3658
3834
3595
3392
3611
3468
3345
3665
3484
3662
3389
3841
3491
3776
3637
4301
4189
3903
4026
4034
3887
3750
4416
3995
3976
3989
3934
4168
3878
3947
3954
3783
4162
3589
3740
4155
4234
3749
4077
3901
4381
3667
3949
4046
4165
4032
3934
3635
4042
3915
4209
4324
3965
3991
4224
4162
3912
4367
3991
4008
4015
3788
3968
4010
3676
4240
4027
3770
4077
4028
3879
4068
3945
3600
3886
3621
3823
4287
3779
4157
3836
4184
3638
3975
3925
3718
4014
3875
4149
3984
3987
4110
4029
4000
4271
3883
4196
4034
3859
3979
3652
3912
3803
4006
3900
3758
3919
3939
3781
3990
4380
3719
4068
4308
4263
4024
4080
3838
4383
4016
4277
3985
3809
3930
3989
4125
4154
3644
4057
3828
4101
4279
3597
3788
3889
3899
4017
3658
4122
3893
3741
3641
4226
4225
4393
4089
3790
3953
4224
3995
4550
4244
4089
3922
4204
3778
3824
3968
4117
3687
3919
4002
3700
3926
3914
4179
4541
3958
4330
4113
3926
3992
3676
4075
3938
4003
4101
3939
4129
3791
4232
4178
3573
3686
4054
4211
4038
3762
3757
4212
4133
4017
3743
4064
4116
3910
3809
3695
4284
4306
4167
4057
3971
3997
3801
4120
3616
3936
3753
3993
3851
4623
4138
4389
3703
4083
4026
4106
4048
4048
3829
3600
4162
3939
3925
4140
3694
4128
3600
3712
3802
3753
3992
3538
3695
4171
4520
3888
4190
4003
4152
3900
3986
4101
4150
4238
3968
3884
4185
4025
4247
4437
4020
3995
4130
3964
3904
4410
3936
4029
3829
4033
4094
4215
3698
4004
3888
3940
4380
3980
4054
3979
3898
3525
3866
4034
4061
4494
3657
4227
4198
4112
3560
3887
3892
3870
4063
4071
4213
4018
3915
4062
3899
4133
4516
3740
4204
4627
3615
4115
3884
3928
3973
4135
4006
3962
4024
3818
3845
3827
4073
3598
4109
4658
4268
4035
4208
4221
4144
4287
3983
4002
3986
3826
4056
3924
4146
3655
3979
3794
4068
4363
3866
3789
4092
4033
3885
3789
4163
3947
3830
3916
4196
4178
4140
3951
4026
3719
4167
3902
4651
4311
3981
3824
4133
3742
4009
3804
4354
4069
3856
3715
3909
4011
3918
4080
4337
3849
3961
3923
3728
4265
3833
4193
4119
3644
3993
3901
4259
4055
4269
3827
3711
3664
4184
4234
4012
3691
3810
4225
4335
4028
4037
3980
4283
4147
3605
3859
4452
4356
4134
4148
4020
3900
3978
4140
3781
4186
3863
4107
3878
4258
4104
4338
4103
4375
4314
4075
4085
4105
4048
3727
4235
4226
4159
4150
3841
4416
4097
3880
4014
3862
4281
4162
3970
4034
4288
4057
4306
3913
4419
4117
4117
4046
4471
4284
4023
3851
4414
4123
4286
4312
4107
4187
3978
4279
4310
4579
4180
4278
4060
4138
4093
3942
3848
4355
3983
3925
4568
4294
4384
4157
4033
3798
3974
4241
4171
4579
3948
4068
4039
4105
3762
3817
3878
4083
4305
4014
4298
4308
4218
4346
4014
4184
4698
4197
4399
4439
4009
4173
3835
4189
3905
4200
4062
4067
4040
3714
4051
4145
4135
3792
4282
4584
4474
4202
4293
4267
4549
4373
4133
4280
3847
4301
4471
4513
4350
3793
4220
4162
4618
4295
4026
3799
4232
4084
4066
4088
4274
4173
4164
4103
4221
4444
4195
4246
3889
3934
4419
4155
4870
4468
4246
4067
4341
3849
4009
3945
4324
4045
4086
3882
4078
4340
4079
4545
4528
4307
4071
4211
4267
4246
4073
4303
4456
4243
4288
4129
4230
4221
4347
4105
3917
3898
4346
4409
4122
3964
4180
4515
4237
4159
4063
4177
4329
4263
4002
3832
4698
4603
4134
4523
4278
3955
4164
4003
3835
4325
4161
4153
3935
4898
4236
4483
3941
3860
3973
3812
3918
3958
3841
3402
3991
3763
3771
3969
3642
4094
3712
3750
3697
3802
3819
3685
3485
3794
4131
3801
4206
3588
4290
3816
4016
4085
3839
4142
3810
3574
3869
3711
3994
4066
3854
4085
3743
3822
4052
4004
3607
3902
3924
3856
3882
3788
3551
4065
3802
3804
3892
4006
3912
3962
3720
3644
3738
3676
3489
4165
3663
3966
3853
3955
3656
3733
3720
3556
4072
3674
3690
3783
3710
4205
3857
3693
4083
3804
4004
4143
3664
3920
3589
3869
3746
4012
3892
3654
3912
3591
3686
3845
3730
3523
4008
4348
3957
4098
3838
3869
4137
4018
3878
3840
3577
3518
3977
3714
4130
3333
3823
3836
3885
3786
3927
3481
3962
3790
3863
3554
3963
3764
3723
3902
3952
3794
4104
4018
3610
3672
3787
3768
4415
3744
4032
3854
4010
3879
3803
3678
3976
3859
3739
3698
3688
3958
3770
3874
4289
4031
3712
3750
3930
3902
3626
3956
4128
3830
3961
3839
3770
4035
4073
3883
3683
3648
4068
3912
3957
3441
3841
3941
3959
3935
3502
4011
3834
3738
3726
3740
4174
3946
3876
3951
3836
3455
3773
3833
3817
4235
3928
3865
3717
4272
3874
4161
3854
4513
4207
3998
4171
4137
3973
3733
4288
4177
4009
4244
4039
4513
4003
3981
4075
3659
4185
4208
3839
4098
4187
4142
4428
3945
4576
4022
4174
4127
4446
4221
4073
3811
4267
4098
4400
4571
4087
4214
3929
4177
4179
4639
4321
4267
3790
4047
4201
4074
3855
4377
4289
3827
4719
4358
4080
4260
4032
3962
4102
4296
3889
4626
3995
4212
4001
4294
3760
3742
3873
4170
4341
4075
4550
4147
4267
4355
4066
4203
4436
4139
4238
4334
4041
4090
3965
4286
3929
4328
4133
4088
4071
4037
4028
4069
4159
3707
4152
4757
4664
4363
4250
4346
4369
4454
4300
4239
3873
3733
4360
4204
4567
3819
4157
4005
4349
4592
3851
3550
4430
4316
3999
4160
4195
4341
4137
4203
4507
4210
4279
4342
4059
3756
4416
4185
4756
4336
3964
4075
4191
3808
4099
3899
4178
4190
4024
3817
3974
4257
4288
4330
4473
4271
4152
4339
4130
4079
3747
4315
4186
3943
4104
3913
4185
4168
4233
4129
4134
3908
4317
4573
4082
3659
4344
4184
4173
4306
4185
4205
4230
4219
3912
3971
4677
4476
4193
4608
4130
4014
4146
4227
3935
4313
3920
4097
3787
4712
4197
4620
4070
4563
4698
4272
4256
4178
4190
3884
4319
4471
4090
4577
4096
4411
4294
4085
4161
4213
4286
4027
4038
4405
4404
4318
4620
4122
4521
4016
4263
4374
4207
4505
4015
3845
4523
4006
4276
4694
4349
4349
4388
4320
4432
4721
4224
4529
4073
4329
4391
4122
4063
4583
4219
4198
4575
4232
4276
4416
4118
4134
4316
4348
4276
4727
4270
4573
4427
4424
4191
4120
4431
3932
4480
4134
4571
4185
4161
4827
4054
4511
4659
4327
4603
4313
4230
4676
4002
4598
4122
4501
4292
4331
4390
4022
4090
4422
4333
3845
4285
4577
4573
4511
4233
4315
4574
4583
4272
4429
4092
4483
4522
4255
4598
3838
4356
4312
4436
4754
4029
3908
4601
4363
4392
4271
4343
4353
4032
4212
4627
4581
4554
4476
4183
4437
4416
4207
5057
4588
4318
4007
4636
4086
4558
4038
4472
4541
4279
4195
4439
4406
4171
4345
4592
4348
4093
4234
4169
4376
3805
4351
4559
4298
4564
4646
4264
4312
4548
4317
4074
4097
4356
4425
4456
4082
4259
4496
4551
4286
4495
4529
4751
4390
4115
4095
4776
4912
4443
4585
4099
4120
4311
4293
4078
4481
4357
4253
4377
4725
4571
4428
4187
4561
4252
3876
4312
4062
4157
3917
3974
4220
3985
4181
4067
4235
4071
4090
4146
3883
4103
3810
3895
4223
4409
4156
4486
3931
4563
4008
4045
4314
4097
4143
4264
3931
4551
4075
4300
4263
4000
4169
4129
4295
4200
4550
4005
4116
4109
3922
4220
4116
3782
4445
3874
3970
4283
4317
4055
4404
4145
3963
4137
4334
3799
4487
4014
4081
4248
4107
4161
3813
4146
3835
4215
4099
4215
4214
4200
4537
4053
4380
4511
4083
4391
4427
4233
4378
3967
4316
4103
4291
4204
3883
4317
4136
3993
4240
4363
3563
4178
4539
4200
4345
4170
4295
4495
4442
4445
4046
3858
4071
4011
4017
4761
3674
4018
4142
4384
4676
3849
3726
4138
4120
4214
4050
4315
4045
3927
3935
4474
4422
4379
4041
4091
3992
4136
4134
4665
4594
4190
3951
4275
3974
3911
3954
4127
4057
3795
3982
4223
4282
4107
4241
4566
4207
4152
4314
4146
4279
4015
4128
4376
4122
4000
4244
4094
4165
4086
4183
3947
3960
4217
4421
4256
3920
4145
4295
4315
4052
4189
4140
4343
4220
4000
3943
4535
4652
4207
4610
4353
4182
4089
4117
3974
4210
4244
4238
4097
4866
4354
4327
3924
3924
4013
3770
4174
3970
3848
3660
3856
4090
3819
4129
3858
4230
4103
3755
4003
3719
4146
3898
3904
3907
4150
3641
4053
3835
4223
3791
3937
4096
3917
3986
3965
3758
4169
3731
4041
4252
3771
3989
3641
3765
4043
4280
3685
3673
3784
3718
3842
3796
3708
4043
3939
3568
4086
3920
3929
4024
3639
3568
3973
4106
3980
4557
3741
3882
3859
3652
3768
3833
3739
3622
4269
3703
4174
4086
3910
4062
3902
3904
4463
3981
4184
4045
3721
3819
3704
3964
3659
4129
3940
3923
3845
3705
3823
3956
3973
3308
4055
4237
4108
3900
4055
4130
4332
4083
4011
3885
3484
4020
4159
3923
4178
3648
4264
3771
4134
4143
3725
3738
4077
4037
3705
3808
3851
3941
3695
3767
4194
3997
4199
3977
3687
3628
4084
3746
4505
4354
3984
3754
4306
3797
3861
3439
3977
3845
3725
3729
3930
4046
3753
4196
4256
4068
4087
3945
3818
3719
3562
4054
4129
4056
3948
3872
3979
3744
4104
4014
3661
3775
4120
4224
3960
3468
3856
3968
4190
3956
4081
3958
4017
4101
3461
3789
4121
4318
4087
4270
4073
3811
4002
4034
3798
4008
3964
3821
3763
4313
4258
4098
3748
3922
4086
3662
3981
3953
3859
3724
4185
4224
3851
4192
3972
4083
4060
3779
4015
3649
4210
3688
3809
4294
4277
3952
4208
3794
4351
3754
3914
3938
4145
4047
3958
3572
3844
3812
4183
4195
3712
3817
3955
3924
4052
4139
3963
3851
4145
3896
4070
3786
3657
4424
4047
3882
4060
3980
3861
3917
3811
3896
3711
3894
3742
4196
3894
3921
3862
4039
3514
3935
3730
3681
4159
3800
4307
4046
3994
4104
3846
3813
4228
3859
4297
4048
3875
3999
3843
4103
3785
4063
3804
4073
3848
3905
3746
3728
4094
3743
4047
4141
4334
4065
4294
4084
4195
4205
3887
4024
3696
3976
4193
3812
4315
3512
4096
4067
4089
4239
3700
3622
3990
4156
3904
3992
3954
3932
3719
3843
4089
4022
4015
4069
3920
3879
4023
3873
4512
4137
3900
3768
4326
3634
3881
3564
3952
3725
3898
3593
3898
4305
4030
4204
4211
3965
3893
3964
3888
3800
3623
4345
4172
3898
3791
3998
4141
3727
3969
4026
3767
3835
4072
4104
4139
3512
4019
3984
4144
4157
4168
3906
3909
4010
3732
3991
4324
4437
4103
4205
4192
3786
3978
3887
3740
4087
3587
4207
3813
4369
3974
4269
3809
tempo: 0.011029